0 0 0 0 0 0 0 0 0 0 0 0 0 0 0 0 0 0 0 0 0 0 0 0 0 0 0 0 0 0 0 0
0 0 0 0 0 0 0 0 0 0 0 0 0 0 0 0 0 0 0 0 0 0 0 0 0 0 0 0 0 0 0 0
0 0 0 0 0 0 0 0 0 0 0 0 0 0 0 0 0 0 0 0 0 0 0 0 0 0 0 0 0 0 0 0
0 0 0 0 0 0 0 0 0 0 0 0 0 0 0 0 0 0 0 0 0 0 0 0 0 0 0 0 0 0 0 0
0 0 0 0 0 0 0 0 0 0 0 0 0 0 0 0 0 0 0 0 0 0 0 0 0 0 0 0 0 0 0 0
0 0 0 0 0 0 0 0 0 0 0 0 0 0 0 0 0 0 0 0 0 0 0 0 0 0 0 0 0 0 0 0
0 0 0 0 0 0 0 0 0 0 0 0 0 0 0 0 0 0 0 0 0 0 0 0 0 0 0 0 0 0 0 0
0 0 0 0 0 0 0 0 0 0 0 0 0 0 0 0 0 0 0 0 0 0 0 0 0 0 0 0 0 0 0 0
0 0 0 0 0 0 0 0 0 0 0 0 0 0 0 0 0 0 0 0 0 0 0 0 0 0 0 0 0 0 0 0
0 0 0 0 0 0 0 0 0 0 0 0 0 0 0 0 0 0 0 0 0 0 0 0 0 0 0 0 0 0 0 0
0 0 0 0 0 0 0 0 0 0 0 0 0 0 0 0 0 0 0 0 0 0 0 0 0 0 0 0 0 0 0 0
0 0 0 0 0 0 0 0 0 0 0 0 0 0 0 0 0 0 0 0 0 0 0 0 0 0 0 0 0 0 0 0
0 0 0 0 0 0 0 0 0 0 0 0 0 0 0 0 0 0 0 0 0 0 0 0 0 0 0 0 0 0 0 0
0 0 0 0 0 0 0 0 0 0 0 0 0 0 0 0 0 0 0 0 0 0 0 0 0 0 0 0 0 0 0 0
0 0 0 0 0 0 0 0 0 0 0 0 0 0 0 0 0 0 0 0 0 0 0 0 0 0 0 0 0 0 0 0
0 0 0 0 0 0 0 0 0 0 0 0 0 0 0 0 0 0 0 0 0 0 0 0 0 0 0 0 0 0 0 0
0 0 0 0 0 0 0 0 0 0 0 0 0 0 0 0 0 0 0 0 0 0 0 0 0 0 0 0 0 0 0 0
0 0 0 0 0 0 0 0 0 0 0 0 0 0 0 0 0 0 0 0 0 0 0 0 0 0 0 0 0 0 0 0
0 0 0 0 0 0 0 0 0 0 0 0 0 0 0 0 0 0 0 0 0 0 0 0 0 0 0 0 0 0 0 0
0 0 0 0 0 0 0 0 0 0 0 0 0 0 0 0 0 0 0 0 0 0 0 0 0 0 0 0 0 0 0 0
0 0 0 0 0 0 0 0 0 0 0 0 0 0 0 0 0 0 0 0 0 0 0 0 0 0 0 0 0 0 0 0
0 0 0 0 0 0 0 0 0 0 0 0 0 0 0 0 0 0 0 0 0 0 0 0 0 0 0 0 0 0 0 0
0 0 0 0 0 0 0 0 0 0 0 0 0 0 0 0 0 0 0 0 0 0 0 0 0 0 0 0 0 0 0 0
0 0 0 0 0 0 0 0 0 0 0 0 0 0 0 0 0 0 0 0 0 0 0 0 0 0 0 0 0 0 0 0
0 0 0 0 0 0 0 0 0 0 0 0 0 0 0 0 0 0 0 0 0 0 0 0 0 0 0 0 0 0 0 0
0 0 0 0 0 0 0 0 0 0 0 0 0 0 0 0 0 0 0 0 0 0 0 0 0 0 0 0 0 0 0 0
0 0 0 0 0 0 0 0 0 0 0 0 0 0 0 0 0 0 0 0 0 0 0 0 0 0 0 0 0 0 0 0
0 0 0 0 0 0 0 0 0 0 0 0 0 0 0 0 0 0 0 0 0 0 0 0 0 0 0 0 0 0 0 0
0 0 0 0 0 0 0 0 0 0 0 0 0 0 0 0 0 0 0 0 0 0 0 0 0 0 0 0 0 0 0 0
0 0 0 0 0 0 0 0 0 0 0 0 0 0 0 0 0 0 0 0 0 0 0 0 0 0 0 0 0 0 0 0
0 0 0 0 0 0 0 0 0 0 0 0 0 0 0 0 0 0 0 0 0 0 0 0 0 0 0 0 0 0 0 0
0 0 0 0 0 0 0 0 0 0 0 0 0 0 0 0 0 0 0 0 0 0 0 0 0 0 0 0 0 0 0 0
0 0 0 0 0 0 0 0 0 0 0 0 0 0 0 0 0 0 0 0 0 0 0 0 0 0 0 0 0 0 0 0
0 0 0 0 0 0 0 0 0 0 0 0 0 0 0 0 0 0 0 0 0 0 0 0 0 0 0 0 0 0 0 0
0 0 0 0 0 0 0 0 0 0 0 0 0 0 0 0 0 0 0 0 0 0 0 0 0 0 0 0 0 0 0 0
0 0 0 0 0 0 0 0 0 0 0 0 0 0 0 0 0 0 0 0 0 0 0 0 0 0 0 0 0 0 0 0
0 0 0 0 0 0 0 0 0 0 0 0 0 0 0 0 0 0 0 0 0 0 0 0 0 0 0 0 0 0 0 0
0 0 0 0 0 0 0 0 0 0 0 0 0 0 0 0 0 0 0 0 0 0 0 0 0 0 0 0 0 0 0 0
0 0 0 0 0 0 0 0 0 0 0 0 0 0 0 0 0 0 0 0 0 0 0 0 0 0 0 0 0 0 0 0
0 0 0 0 0 0 0 0 0 0 0 0 0 0 0 0 0 0 0 0 0 0 0 0 0 0 0 0 0 0 0 0
0 0 0 0 0 0 0 0 0 0 0 0 0 0 0 0 0 0 0 0 0 0 0 0 0 0 0 0 0 0 0 0
0 0 0 0 0 0 0 0 0 0 0 0 0 0 0 0 0 0 0 0 0 0 0 0 0 0 0 0 0 0 0 0
0 0 0 0 0 0 0 0 0 0 0 0 0 0 0 0 0 0 0 0 0 0 0 0 0 0 0 0 0 0 0 0
0 0 0 0 0 0 0 0 0 0 0 0 0 0 0 0 0 0 0 0 0 0 0 0 0 0 0 0 0 0 0 0
0 0 0 0 0 0 0 0 0 0 0 0 0 0 0 0 0 0 0 0 0 0 0 0 0 0 0 0 0 0 0 0
0 0 0 0 0 0 0 0 0 0 0 0 0 0 0 0 0 0 0 0 0 0 0 0 0 0 0 0 0 0 0 0
0 0 0 0 0 0 0 0 0 0 0 0 0 0 0 0 0 0 0 0 0 0 0 0 0 0 0 0 0 0 0 0
0 0 0 0 0 0 0 0 0 0 0 0 0 0 0 0 0 0 0 0 0 0 0 0 0 0 0 0 0 0 0 0
0 0 0 0 0 0 0 0 0 0 0 0 0 0 0 0 0 0 0 0 0 0 0 0 0 0 0 0 0 0 0 0
0 0 0 0 0 0 0 0 0 0 0 0 0 0 0 0 0 0 0 0 0 0 0 0 0 0 0 0 0 0 0 0
0 0 0 0 0 0 0 0 0 0 0 0 0 0 0 0 0 0 0 0 0 0 0 0 0 0 0 0 0 0 0 0
0 0 0 0 0 0 0 0 0 0 0 0 0 0 0 0 0 0 0 0 0 0 0 0 0 0 0 0 0 0 0 0
0 0 0 0 0 0 0 0 0 0 0 0 0 0 0 0 0 0 0 0 0 0 0 0 0 0 0 0 0 0 0 0
0 0 0 0 0 0 0 0 0 0 0 0 0 0 0 0 0 0 0 0 0 0 0 0 0 0 0 0 0 0 0 0
0 0 0 0 0 0 0 0 0 0 0 0 0 0 0 0 0 0 0 0 0 0 0 0 0 0 0 0 0 0 0 0
0 0 0 0 0 0 0 0 0 0 0 0 0 0 0 0 0 0 0 0 0 0 0 0 0 0 0 0 0 0 0 0
0 0 0 0 0 0 0 0 0 0 0 0 0 0 0 0 0 0 0 0 0 0 0 0 0 0 0 0 0 0 0 0
0 0 0 0 0 0 0 0 0 0 0 0 0 0 0 0 0 0 0 0 0 0 0 0 0 0 0 0 0 0 0 0
0 0 0 0 0 0 0 0 0 0 0 0 0 0 0 0 0 0 0 0 0 0 0 0 0 0 0 0 0 0 0 0
0 0 0 0 0 0 0 0 0 0 0 0 0 0 0 0 0 0 0 0 0 0 0 0 0 0 0 0 0 0 0 0
0 0 0 0 0 0 0 0 0 0 0 0 0 0 0 0 0 0 0 0 0 0 0 0 0 0 0 0 0 0 0 0
0 0 0 0 0 0 0 0 0 0 0 0 0 0 0 0 0 0 0 0 0 0 0 0 0 0 0 0 0 0 0 0
0 0 0 0 0 0 0 0 0 0 0 0 0 0 0 0 0 0 0 0 0 0 0 0 0 0 0 0 0 0 0 0
0 0 0 0 0 0 0 0 0 0 0 0 0 0 0 0 0 0 0 0 0 0 0 0 0 0 0 0 0 0 0 0
0 0 0 0 0 0 0 0 0 0 0 0 0 0 0 0 0 0 0 0 0 0 0 0 0 0 0 0 0 0 0 0
0 0 0 0 0 0 0 0 0 0 0 0 0 0 0 0 0 0 0 0 0 0 0 0 0 0 0 0 0 0 0 0
0 0 0 0 0 0 0 0 0 0 0 0 0 0 0 0 0 0 0 0 0 0 0 0 0 0 0 0 0 0 0 0
0 0 0 0 0 0 0 0 0 0 0 0 0 0 0 0 0 0 0 0 0 0 0 0 0 0 0 0 0 0 0 0
0 0 0 0 0 0 0 0 0 0 0 0 0 0 0 0 0 0 0 0 0 0 0 0 0 0 0 0 0 0 0 0
0 0 0 0 0 0 0 0 0 0 0 0 0 0 0 0 0 0 0 0 0 0 0 0 0 0 0 0 0 0 0 0
0 0 0 0 0 0 0 0 0 0 0 0 0 0 0 0 0 0 0 0 0 0 0 0 0 0 0 0 0 0 0 0
0 0 0 0 0 0 0 0 0 0 0 0 0 0 0 0 0 0 0 0 0 0 0 0 0 0 0 0 0 0 0 0
0 0 0 0 0 0 0 0 0 0 0 0 0 0 0 0 0 0 0 0 0 0 0 0 0 0 0 0 0 0 0 0
0 0 0 0 0 0 0 0 0 0 0 0 0 0 0 0 0 0 0 0 0 0 0 0 0 0 0 0 0 0 0 0
0 0 0 0 0 0 0 0 0 0 0 0 0 0 0 0 0 0 0 0 0 0 0 0 0 0 0 0 0 0 0 0
0 0 0 0 0 0 0 0 0 0 0 0 0 0 0 0 0 0 0 0 0 0 0 0 0 0 0 0 0 0 0 0
0 0 0 0 0 0 0 0 0 0 0 0 0 0 0 0 0 0 0 0 0 0 0 0 0 0 0 0 0 0 0 0
0 0 0 0 0 0 0 0 0 0 0 0 0 0 0 0 0 0 0 0 0 0 0 0 0 0 0 0 0 0 0 0
0 0 0 0 0 0 0 0 0 0 0 0 0 0 0 0 0 0 0 0 0 0 0 0 0 0 0 0 0 0 0 0
0 0 0 0 0 0 0 0 0 0 0 0 0 0 0 0 0 0 0 0 0 0 0 0 0 0 0 0 0 0 0 0
0 0 0 0 0 0 0 0 0 0 0 0 0 0 0 0 0 0 0 0 0 0 0 0 0 0 0 0 0 0 0 0
0 0 0 0 0 0 0 0 0 0 0 0 0 0 0 0 0 0 0 0 0 0 0 0 0 0 0 0 0 0 0 0
0 0 0 0 0 0 0 0 0 0 0 0 0 0 0 0 0 0 0 0 0 0 0 0 0 0 0 0 0 0 0 0
0 0 0 0 0 0 0 0 0 0 0 0 0 0 0 0 0 0 0 0 0 0 0 0 0 0 0 0 0 0 0 0
0 0 0 0 0 0 0 0 0 0 0 0 0 0 0 0 0 0 0 0 0 0 0 0 0 0 0 0 0 0 0 0
0 0 0 0 0 0 0 0 0 0 0 0 0 0 0 0 0 0 0 0 0 0 0 0 0 0 0 0 0 0 0 0
0 0 0 0 0 0 0 0 0 0 0 0 0 0 0 0 0 0 0 0 0 0 0 0 0 0 0 0 0 0 0 0
0 0 0 0 0 0 0 0 0 0 0 0 0 0 0 0 0 0 0 0 0 0 0 0 0 0 0 0 0 0 0 0
0 0 0 0 0 0 0 0 0 0 0 0 0 0 0 0 0 0 0 0 0 0 0 0 0 0 0 0 0 0 0 0
0 0 0 0 0 0 0 0 0 0 0 0 0 0 0 0 0 0 0 0 0 0 0 0 0 0 0 0 0 0 0 0
0 0 0 0 0 0 0 0 0 0 0 0 0 0 0 0 0 0 0 0 0 0 0 0 0 0 0 0 0 0 0 0
0 0 0 0 0 0 0 0 0 0 0 0 0 0 0 0 0 0 0 0 0 0 0 0 0 0 0 0 0 0 0 0
0 0 0 0 0 0 0 0 0 0 0 0 0 0 0 0 0 0 0 0 0 0 0 0 0 0 0 0 0 0 0 0
0 0 0 0 0 0 0 0 0 0 0 0 0 0 0 0 0 0 0 0 0 0 0 0 0 0 0 0 0 0 0 0
0 0 0 0 0 0 0 0 0 0 0 0 0 0 0 0 0 0 0 0 0 0 0 0 0 0 0 0 0 0 0 0
0 0 0 0 0 0 0 0 0 0 0 0 0 0 0 0 0 0 0 0 0 0 0 0 0 0 0 0 0 0 0 0
0 0 0 0 0 0 0 0 0 0 0 0 0 0 0 0 0 0 0 0 0 0 0 0 0 0 0 0 0 0 0 0
0 0 0 0 0 0 0 0 0 0 0 0 0 0 0 0 0 0 0 0 0 0 0 0 0 0 0 0 0 0 0 0
0 0 0 0 0 0 0 0 0 0 0 0 0 0 0 0 0 0 0 0 0 0 0 0 0 0 0 0 0 0 0 0
0 0 0 0 0 0 0 0 0 0 0 0 0 0 0 0 0 0 0 0 0 0 0 0 0 0 0 0 0 0 0 0
0 0 0 0 0 0 0 0 0 0 0 0 0 0 0 0 0 0 0 0 0 0 0 0 0 0 0 0 0 0 0 0
0 0 0 0 0 0 0 0 0 0 0 0 0 0 0 0 0 0 0 0 0 0 0 0 0 0 0 0 0 0 0 0
0 0 0 0 0 0 0 0 0 0 0 0 0 0 0 0 0 0 0 0 0 0 0 0 0 0 0 0 0 0 0 0
0 0 0 0 0 0 0 0 0 0 0 0 0 0 0 0 0 0 0 0 0 0 0 0 0 0 0 0 0 0 0 0
0 0 0 0 0 0 0 0 0 0 0 0 0 0 0 0 0 0 0 0 0 0 0 0 0 0 0 0 0 0 0 0
0 0 0 0 0 0 0 0 0 0 0 0 0 0 0 0 0 0 0 0 0 0 0 0 0 0 0 0 0 0 0 0
0 0 0 0 0 0 0 0 0 0 0 0 0 0 0 0 0 0 0 0 0 0 0 0 0 0 0 0 0 0 0 0
0 0 0 0 0 0 0 0 0 0 0 0 0 0 0 0 0 0 0 0 0 0 0 0 0 0 0 0 0 0 0 0
0 0 0 0 0 0 0 0 0 0 0 0 0 0 0 0 0 0 0 0 0 0 0 0 0 0 0 0 0 0 0 0
0 0 0 0 0 0 0 0 0 0 0 0 0 0 0 0 0 0 0 0 0 0 0 0 0 0 0 0 0 0 0 0
0 0 0 0 0 0 0 0 0 0 0 0 0 0 0 0 0 0 0 0 0 0 0 0 0 0 0 0 0 0 0 0
0 0 0 0 0 0 0 0 0 0 0 0 0 0 0 0 0 0 0 0 0 0 0 0 0 0 0 0 0 0 0 0
0 0 0 0 0 0 0 0 0 0 0 0 0 0 0 0 0 0 0 0 0 0 0 0 0 0 0 0 0 0 0 0
0 0 0 0 0 0 0 0 0 0 0 0 0 0 0 0 0 0 0 0 0 0 0 0 0 0 0 0 0 0 0 0
0 0 0 0 0 0 0 0 0 0 0 0 0 0 0 0 0 0 0 0 0 0 0 0 0 0 0 0 0 0 0 0
0 0 0 0 0 0 0 0 0 0 0 0 0 0 0 0 0 0 0 0 0 0 0 0 0 0 0 0 0 0 0 0
0 0 0 0 0 0 0 0 0 0 0 0 0 0 0 0 0 0 0 0 0 0 0 0 0 0 0 0 0 0 0 0
0 0 0 0 0 0 0 0 0 0 0 0 0 0 0 0 0 0 0 0 0 0 0 0 0 0 0 0 0 0 0 0
0 0 0 0 0 0 0 0 0 0 0 0 0 0 0 0 0 0 0 0 0 0 0 0 0 0 0 0 0 0 0 0
0 0 0 0 0 0 0 0 0 0 0 0 0 0 0 0 0 0 0 0 0 0 0 0 0 0 0 0 0 0 0 0
0 0 0 0 0 0 0 0 0 0 0 0 0 0 0 0 0 0 0 0 0 0 0 0 0 0 0 0 0 0 0 0
0 0 0 0 0 0 0 0 0 0 0 0 0 0 0 0 0 0 0 0 0 0 0 0 0 0 0 0 0 0 0 0
0 0 0 0 0 0 0 0 0 0 0 0 0 0 0 0 0 0 0 0 0 0 0 0 0 0 0 0 0 0 0 0
0 0 0 0 0 0 0 0 0 0 0 0 0 0 0 0 0 0 0 0 0 0 0 0 0 0 0 0 0 0 0 0
0 0 0 0 0 0 0 0 0 0 0 0 0 0 0 0 0 0 0 0 0 0 0 0 0 0 0 0 0 0 0 0
0 0 0 0 0 0 0 0 0 0 0 0 0 0 0 0 0 0 0 0 0 0 0 0 0 0 0 0 0 0 0 0
0 0 0 0 0 0 0 0 0 0 0 0 0 0 0 0 0 0 0 0 0 0 0 0 0 0 0 0 0 0 0 0
0 0 0 0 0 0 0 0 0 0 0 0 0 0 0 0 0 0 0 0 0 0 0 0 0 0 0 0 0 0 0 0
0 0 0 0 0 0 0 0 0 0 0 0 0 0 0 0 0 0 0 0 0 0 0 0 0 0 0 0 0 0 0 0
0 0 0 0 0 0 0 0 0 0 0 0 0 0 0 0 0 0 0 0 0 0 0 0 0 0 0 0 0 0 0 0
0 0 0 0 0 0 0 0 0 0 0 0 0 0 0 0 0 0 0 0 0 0 0 0 0 0 0 0 0 0 0 0
0 0 0 0 0 0 0 0 0 0 0 0 0 0 0 0 0 0 0 0 0 0 0 0 0 0 0 0 0 0 0 0
0 0 0 0 0 0 0 0 0 0 0 0 0 0 0 0 0 0 0 0 0 0 0 0 0 0 0 0 0 0 0 0
0 0 0 0 0 0 0 0 0 0 0 0 0 0 0 0 0 0 0 0 0 0 0 0 0 0 0 0 0 0 0 0
0 0 0 0 0 0 0 0 0 0 0 0 0 0 0 0 0 0 0 0 0 0 0 0 0 0 0 0 0 0 0 0
0 0 0 0 0 0 0 0 0 0 0 0 0 0 0 0 0 0 0 0 0 0 0 0 0 0 0 0 0 0 0 0
0 -42 0 0 0 0 0 0 0 0 0 0 0 0 0 0 0 0 25 0 0 -25 0 0 25 0 0 -25 0 0 0 0
0 -42 0 0 -5 35 0 0 0 0 0 0 0 0 0 0 0 0 25 0 0 -25 0 0 25 0 0 -25 0 0 0 0
0 -42 0 0 -5 70 0 0 0 0 0 0 0 0 0 0 0 0 25 0 0 -25 0 0 25 0 0 -25 0 0 0 0
0 -42 0 0 -5 95 0 0 0 0 0 0 0 0 0 0 0 0 25 0 0 -25 0 0 25 0 0 -25 0 0 0 0
0 -42 0 0 -5 120 0 0 0 0 0 0 0 0 0 0 0 0 25 0 0 -25 0 0 25 0 0 -25 0 0 0 0
0 -42 0 0 -5 155 0 0 0 0 0 0 0 0 0 0 0 0 25 0 0 -25 0 0 25 0 0 -25 0 0 0 0
0 -42 0 0 -5 185 0 0 0 0 0 0 0 0 0 0 0 0 25 0 0 -25 0 0 25 0 0 -25 0 0 0 0
0 -42 0 0 -5 220 0 0 0 0 0 0 0 0 0 0 0 0 25 0 0 -25 0 0 25 0 0 -25 0 0 0 0
0 -42 0 0 -5 280 0 0 0 0 0 0 0 0 0 0 0 0 25 0 0 -25 0 0 25 0 0 -25 0 0 0 0
0 -42 0 0 -5 325 0 0 0 0 0 0 0 0 0 0 0 0 25 0 0 -25 0 0 25 0 0 -25 0 0 0 0
0 -42 0 0 -5 -20 0 0 0 0 0 0 0 0 0 0 0 0 25 0 0 -25 0 0 25 0 0 -25 0 0 0 0
0 -42 0 0 -5 0 0 0 0 0 0 0 0 0 0 0 0 0 25 0 0 -25 0 0 25 0 0 -25 0 0 0 0
0 -42 0 0 0 0 0 0 0 0 0 0 0 0 0 0 0 0 25 0 0 -25 0 0 25 0 0 -25 0 0 0 0
0 -42 0 0 -5 35 0 0 0 0 0 0 0 0 0 0 0 0 25 0 0 -25 0 0 25 0 0 -25 0 0 0 0
0 -42 0 0 -5 70 0 0 0 0 0 0 0 0 0 0 0 0 25 0 0 -25 0 0 25 0 0 -25 0 0 0 0
0 -42 0 0 -5 95 0 0 0 0 0 0 0 0 0 0 0 0 25 0 0 -25 0 0 25 0 0 -25 0 0 0 0
0 -42 0 0 -5 120 0 0 0 0 0 0 0 0 0 0 0 0 25 0 0 -25 0 0 25 0 0 -25 0 0 0 0
0 -42 0 0 -5 155 0 0 0 0 0 0 0 0 0 0 0 0 25 0 0 -25 0 0 25 0 0 -25 0 0 0 0
0 -42 0 0 -5 185 0 0 0 0 0 0 0 0 0 0 0 0 25 0 0 -25 0 0 25 0 0 -25 0 0 0 0
0 -42 0 0 -5 220 0 0 0 0 0 0 0 0 0 0 0 0 25 0 0 -25 0 0 25 0 0 -25 0 0 0 0
0 -42 0 0 -5 280 0 0 0 0 0 0 0 0 0 0 0 0 25 0 0 -25 0 0 25 0 0 -25 0 0 0 0
0 -42 0 0 -5 325 0 0 0 0 0 0 0 0 0 0 0 0 25 0 0 -25 0 0 25 0 0 -25 0 0 0 0
0 -42 0 0 -5 -20 0 0 0 0 0 0 0 0 0 0 0 0 25 0 0 -25 0 0 25 0 0 -25 0 0 0 0
0 -42 0 0 -5 0 0 0 0 0 0 0 0 0 0 0 0 0 25 0 0 -25 0 0 25 0 0 -25 0 0 0 0
0 -42 0 0 0 0 0 0 0 0 0 0 0 0 0 0 0 0 25 0 0 -25 0 0 25 0 0 -25 0 0 0 0
0 -42 0 0 -5 35 0 0 0 0 0 0 0 0 0 0 0 0 25 0 0 -25 0 0 25 0 0 -25 0 0 0 0
0 -42 0 0 -5 70 0 0 0 0 0 0 0 0 0 0 0 0 25 0 0 -25 0 0 25 0 0 -25 0 0 0 0
0 -42 0 0 -5 95 0 0 0 0 0 0 0 0 0 0 0 0 25 0 0 -25 0 0 25 0 0 -25 0 0 0 0
0 -42 0 0 -5 120 0 0 0 0 0 0 0 0 0 0 0 0 25 0 0 -25 0 0 25 0 0 -25 0 0 0 0
0 -42 0 0 -5 155 0 0 0 0 0 0 0 0 0 0 0 0 25 0 0 -25 0 0 25 0 0 -25 0 0 0 0
0 -42 0 0 -5 185 0 0 0 0 0 0 0 0 0 0 0 0 25 0 0 -25 0 0 25 0 0 -25 0 0 0 0
0 -42 0 0 -5 220 0 0 0 0 0 0 0 0 0 0 0 0 25 0 0 -25 0 0 25 0 0 -25 0 0 0 0
0 -42 0 0 -5 280 0 0 0 0 0 0 0 0 0 0 0 0 25 0 0 -25 0 0 25 0 0 -25 0 0 0 0
0 -42 0 0 -5 325 0 0 0 0 0 0 0 0 0 0 0 0 25 0 0 -25 0 0 25 0 0 -25 0 0 0 0
0 -42 0 0 -5 -20 0 0 0 0 0 0 0 0 0 0 0 0 25 0 0 -25 0 0 25 0 0 -25 0 0 0 0
0 -42 0 0 -5 0 0 0 0 0 0 0 0 0 0 0 0 0 25 0 0 -25 0 0 25 0 0 -25 0 0 0 0
0 -42 0 0 0 0 0 0 0 0 0 0 0 0 0 0 0 0 25 0 0 -25 0 0 25 0 0 -25 0 0 0 0
0 -42 0 0 -5 35 0 0 0 0 0 0 0 0 0 0 0 0 25 0 0 -25 0 0 25 0 0 -25 0 0 0 0
0 -42 0 0 -5 70 0 0 0 0 0 0 0 0 0 0 0 0 25 0 0 -25 0 0 25 0 0 -25 0 0 0 0
0 -42 0 0 -5 95 0 0 0 0 0 0 0 0 0 0 0 0 25 0 0 -25 0 0 25 0 0 -25 0 0 0 0
0 -42 0 0 -5 120 0 0 0 0 0 0 0 0 0 0 0 0 25 0 0 -25 0 0 25 0 0 -25 0 0 0 0
0 -42 0 0 -5 155 0 0 0 0 0 0 0 0 0 0 0 0 25 0 0 -25 0 0 25 0 0 -25 0 0 0 0
0 -42 0 0 -5 185 0 0 0 0 0 0 0 0 0 0 0 0 25 0 0 -25 0 0 25 0 0 -25 0 0 0 0
0 -42 0 0 -5 220 0 0 0 0 0 0 0 0 0 0 0 0 25 0 0 -25 0 0 25 0 0 -25 0 0 0 0
0 -42 0 0 -5 280 0 0 0 0 0 0 0 0 0 0 0 0 25 0 0 -25 0 0 25 0 0 -25 0 0 0 0
0 -42 0 0 -5 325 0 0 0 0 0 0 0 0 0 0 0 0 25 0 0 -25 0 0 25 0 0 -25 0 0 0 0
0 -42 0 0 -5 -20 0 0 0 0 0 0 0 0 0 0 0 0 25 0 0 -25 0 0 25 0 0 -25 0 0 0 0
0 -42 0 0 -5 0 0 0 0 0 0 0 0 0 0 0 0 0 25 0 0 -25 0 0 25 0 0 -25 0 0 0 0
0 -42 0 0 0 0 0 0 0 0 0 0 0 0 0 0 0 0 25 0 0 -25 0 0 25 0 0 -25 0 0 0 0
0 -42 0 0 -5 35 0 0 0 0 0 0 0 0 0 0 0 0 25 0 0 -25 0 0 25 0 0 -25 0 0 0 0
0 -42 0 0 -5 70 0 0 0 0 0 0 0 0 0 0 0 0 25 0 0 -25 0 0 25 0 0 -25 0 0 0 0
0 -42 0 0 -5 95 0 0 0 0 0 0 0 0 0 0 0 0 25 0 0 -25 0 0 25 0 0 -25 0 0 0 0
0 -42 0 0 -5 120 0 0 0 0 0 0 0 0 0 0 0 0 25 0 0 -25 0 0 25 0 0 -25 0 0 0 0
0 -42 0 0 -5 155 0 0 0 0 0 0 0 0 0 0 0 0 25 0 0 -25 0 0 25 0 0 -25 0 0 0 0
0 -42 0 0 -5 185 0 0 0 0 0 0 0 0 0 0 0 0 25 0 0 -25 0 0 25 0 0 -25 0 0 0 0
0 -42 0 0 -5 220 0 0 0 0 0 0 0 0 0 0 0 0 25 0 0 -25 0 0 25 0 0 -25 0 0 0 0
0 -42 0 0 -5 280 0 0 0 0 0 0 0 0 0 0 0 0 25 0 0 -25 0 0 25 0 0 -25 0 0 0 0
0 -42 0 0 -5 325 0 0 0 0 0 0 0 0 0 0 0 0 25 0 0 -25 0 0 25 0 0 -25 0 0 0 0
0 -42 0 0 -5 -20 0 0 0 0 0 0 0 0 0 0 0 0 25 0 0 -25 0 0 25 0 0 -25 0 0 0 0
0 -42 0 0 -5 0 0 0 0 0 0 0 0 0 0 0 0 0 25 0 0 -25 0 0 25 0 0 -25 0 0 0 0
0 -42 0 0 0 0 0 0 0 0 0 0 0 0 0 0 0 0 25 0 0 -25 0 0 25 0 0 -25 0 0 0 0
0 -42 0 0 -5 35 0 0 0 0 0 0 0 0 0 0 0 0 25 0 0 -25 0 0 25 0 0 -25 0 0 0 0
0 -42 0 0 -5 70 0 0 0 0 0 0 0 0 0 0 0 0 25 0 0 -25 0 0 25 0 0 -25 0 0 0 0
0 -42 0 0 -5 95 0 0 0 0 0 0 0 0 0 0 0 0 25 0 0 -25 0 0 25 0 0 -25 0 0 0 0
0 -42 0 0 -5 120 0 0 0 0 0 0 0 0 0 0 0 0 25 0 0 -25 0 0 25 0 0 -25 0 0 0 0
0 -42 0 0 -5 155 0 0 0 0 0 0 0 0 0 0 0 0 25 0 0 -25 0 0 25 0 0 -25 0 0 0 0
0 -42 0 0 -5 185 0 0 0 0 0 0 0 0 0 0 0 0 25 0 0 -25 0 0 25 0 0 -25 0 0 0 0
0 -42 0 0 -5 220 0 0 0 0 0 0 0 0 0 0 0 0 25 0 0 -25 0 0 25 0 0 -25 0 0 0 0
0 -42 0 0 -5 280 0 0 0 0 0 0 0 0 0 0 0 0 25 0 0 -25 0 0 25 0 0 -25 0 0 0 0
0 -42 0 0 -5 325 0 0 0 0 0 0 0 0 0 0 0 0 25 0 0 -25 0 0 25 0 0 -25 0 0 0 0
0 -42 0 0 -5 -20 0 0 0 0 0 0 0 0 0 0 0 0 25 0 0 -25 0 0 25 0 0 -25 0 0 0 0
0 -42 0 0 -5 0 0 0 0 0 0 0 0 0 0 0 0 0 25 0 0 -25 0 0 25 0 0 -25 0 0 0 0
0 -42 0 0 0 0 0 0 0 0 0 0 0 0 0 0 0 0 25 0 0 -25 0 0 25 0 0 -25 0 0 0 0
0 -42 0 0 -5 35 0 0 0 0 0 0 0 0 0 0 0 0 25 0 0 -25 0 0 25 0 0 -25 0 0 0 0
0 -42 0 0 -5 70 0 0 0 0 0 0 0 0 0 0 0 0 25 0 0 -25 0 0 25 0 0 -25 0 0 0 0
0 -42 0 0 -5 95 0 0 0 0 0 0 0 0 0 0 0 0 25 0 0 -25 0 0 25 0 0 -25 0 0 0 0
0 -42 0 0 -5 120 0 0 0 0 0 0 0 0 0 0 0 0 25 0 0 -25 0 0 25 0 0 -25 0 0 0 0
0 -42 0 0 -5 155 0 0 0 0 0 0 0 0 0 0 0 0 25 0 0 -25 0 0 25 0 0 -25 0 0 0 0
0 -42 0 0 -5 185 0 0 0 0 0 0 0 0 0 0 0 0 25 0 0 -25 0 0 25 0 0 -25 0 0 0 0
0 -42 0 0 -5 220 0 0 0 0 0 0 0 0 0 0 0 0 25 0 0 -25 0 0 25 0 0 -25 0 0 0 0
0 -42 0 0 -5 280 0 0 0 0 0 0 0 0 0 0 0 0 25 0 0 -25 0 0 25 0 0 -25 0 0 0 0
0 -42 0 0 -5 325 0 0 0 0 0 0 0 0 0 0 0 0 25 0 0 -25 0 0 25 0 0 -25 0 0 0 0
0 -42 0 0 -5 -20 0 0 0 0 0 0 0 0 0 0 0 0 25 0 0 -25 0 0 25 0 0 -25 0 0 0 0
0 -42 0 0 -5 0 0 0 0 0 0 0 0 0 0 0 0 0 25 0 0 -25 0 0 25 0 0 -25 0 0 0 0
0 -42 0 0 0 0 0 0 0 0 0 0 0 0 0 0 0 0 25 0 0 -25 0 0 25 0 0 -25 0 0 0 0
0 -42 0 0 -5 35 0 0 0 0 0 0 0 0 0 0 0 0 25 0 0 -25 0 0 25 0 0 -25 0 0 0 0
0 -42 0 0 -5 70 0 0 0 0 0 0 0 0 0 0 0 0 25 0 0 -25 0 0 25 0 0 -25 0 0 0 0
0 -42 0 0 -5 95 0 0 0 0 0 0 0 0 0 0 0 0 25 0 0 -25 0 0 25 0 0 -25 0 0 0 0
0 -42 0 0 -5 120 0 0 0 0 0 0 0 0 0 0 0 0 25 0 0 -25 0 0 25 0 0 -25 0 0 0 0
0 -42 0 0 -5 155 0 0 0 0 0 0 0 0 0 0 0 0 25 0 0 -25 0 0 25 0 0 -25 0 0 0 0
0 -42 0 0 -5 185 0 0 0 0 0 0 0 0 0 0 0 0 25 0 0 -25 0 0 25 0 0 -25 0 0 0 0
0 -42 0 0 -5 220 0 0 0 0 0 0 0 0 0 0 0 0 25 0 0 -25 0 0 25 0 0 -25 0 0 0 0
0 -42 0 0 -5 280 0 0 0 0 0 0 0 0 0 0 0 0 25 0 0 -25 0 0 25 0 0 -25 0 0 0 0
0 -42 0 0 -5 325 0 0 0 0 0 0 0 0 0 0 0 0 25 0 0 -25 0 0 25 0 0 -25 0 0 0 0
0 -42 0 0 -5 -20 0 0 0 0 0 0 0 0 0 0 0 0 25 0 0 -25 0 0 25 0 0 -25 0 0 0 0
0 -42 0 0 -5 0 0 0 0 0 0 0 0 0 0 0 0 0 25 0 0 -25 0 0 25 0 0 -25 0 0 0 0
0 -42 0 0 0 0 0 0 0 0 0 0 0 0 0 0 0 0 25 0 0 -25 0 0 25 0 0 -25 0 0 0 0
0 -42 0 0 -5 35 0 0 0 0 0 0 0 0 0 0 0 0 25 0 0 -25 0 0 25 0 0 -25 0 0 0 0
0 -42 0 0 -5 70 0 0 0 0 0 0 0 0 0 0 0 0 25 0 0 -25 0 0 25 0 0 -25 0 0 0 0
0 -42 0 0 -5 95 0 0 0 0 0 0 0 0 0 0 0 0 25 0 0 -25 0 0 25 0 0 -25 0 0 0 0
0 -42 0 0 -5 120 0 0 0 0 0 0 0 0 0 0 0 0 25 0 0 -25 0 0 25 0 0 -25 0 0 0 0
0 -42 0 0 -5 155 0 0 0 0 0 0 0 0 0 0 0 0 25 0 0 -25 0 0 25 0 0 -25 0 0 0 0
0 -42 0 0 -5 185 0 0 0 0 0 0 0 0 0 0 0 0 25 0 0 -25 0 0 25 0 0 -25 0 0 0 0
0 -42 0 0 -5 220 0 0 0 0 0 0 0 0 0 0 0 0 25 0 0 -25 0 0 25 0 0 -25 0 0 0 0
0 -42 0 0 -5 280 0 0 0 0 0 0 0 0 0 0 0 0 25 0 0 -25 0 0 25 0 0 -25 0 0 0 0
0 -42 0 0 -5 325 0 0 0 0 0 0 0 0 0 0 0 0 25 0 0 -25 0 0 25 0 0 -25 0 0 0 0
0 -42 0 0 -5 -20 0 0 0 0 0 0 0 0 0 0 0 0 25 0 0 -25 0 0 25 0 0 -25 0 0 0 0
0 -42 0 0 -5 0 0 0 0 0 0 0 0 0 0 0 0 0 25 0 0 -25 0 0 25 0 0 -25 0 0 0 0
0 -42 0 0 -5 0 0 0 0 0 0 0 0 0 0 0 0 0 25 0 0 -25 0 0 25 0 0 -25 0 0 0 0
0 -42 0 0 -5 0 0 0 0 0 0 0 0 0 0 0 0 0 25 0 0 -25 0 0 25 0 0 -25 0 0 0 0
0 -42 0 0 -5 0 0 0 0 0 0 0 0 0 0 0 0 0 25 0 0 -25 0 0 25 0 0 -25 0 0 0 0
0 -42 0 0 -5 0 0 0 0 0 0 0 0 0 0 0 0 0 25 0 0 -25 0 0 25 0 0 -25 0 0 0 0
0 -42 0 0 -5 0 0 0 0 0 0 0 0 0 0 0 0 0 25 0 0 -25 0 0 25 0 0 -25 0 0 0 0
0 -42 0 0 -5 0 0 0 0 0 0 0 0 0 0 0 0 0 25 0 0 -25 0 0 25 0 0 -25 0 0 0 0
0 -42 0 0 -5 0 30 0 0 0 0 0 30 0 0 0 0 0 25 0 0 -25 0 0 25 0 0 -25 0 0 0 0
0 -42 0 0 -5 0 60 0 0 0 0 0 60 0 0 0 0 0 25 0 0 -25 0 0 25 0 0 -25 0 0 0 0
0 -42 0 0 -5 0 95 0 0 0 0 0 95 0 0 0 0 0 25 0 0 -25 0 0 25 0 0 -25 0 0 0 0
0 -42 0 0 -5 0 125 0 0 0 0 0 125 0 0 0 0 0 25 0 0 -25 0 0 25 0 0 -25 0 0 0 0
0 -42 0 0 -5 0 160 0 0 0 0 0 160 0 0 0 0 0 25 0 0 -25 0 0 25 0 0 -25 0 0 0 0
0 -42 0 0 -5 0 180 0 0 0 0 0 180 0 0 0 0 0 25 0 0 -25 0 0 25 0 0 -25 0 0 0 0
0 -42 0 0 5 0 180 0 0 0 0 0 180 0 0 0 0 0 25 0 0 -25 0 0 25 0 0 -25 0 0 0 0
0 -42 0 0 40 0 180 0 0 0 0 0 180 0 0 0 0 0 25 0 0 -25 0 0 25 0 0 -25 0 0 0 0
0 -42 0 0 75 0 180 0 0 0 0 0 180 0 0 0 0 0 25 0 0 -25 0 0 25 0 0 -25 0 0 0 0
0 -42 0 0 115 0 180 0 0 0 0 0 180 0 0 0 0 0 25 0 0 -25 0 0 25 0 0 -25 0 0 0 0
0 -42 0 0 170 0 180 0 0 0 0 0 180 0 0 0 0 0 25 0 0 -25 0 0 25 0 0 -25 0 0 0 0
0 -42 0 0 205 0 180 0 0 0 0 0 180 0 0 0 0 0 25 0 0 -25 0 0 25 0 0 -25 0 0 0 0
0 -42 0 0 255 0 180 0 0 0 0 0 180 0 0 0 0 0 25 0 0 -25 0 0 25 0 0 -25 0 0 0 0
0 -42 0 0 310 0 180 0 0 0 0 0 180 0 0 0 0 0 25 0 0 -25 0 0 25 0 0 -25 0 0 0 0
0 -42 0 0 0 0 180 0 0 0 0 0 180 0 0 0 0 0 25 0 0 -25 0 0 25 0 0 -25 0 0 0 0
0 -42 0 0 65 0 180 0 0 0 0 0 180 0 0 0 0 0 25 0 0 -25 0 0 25 0 0 -25 0 0 0 0
0 -42 0 0 110 0 180 0 0 0 0 0 180 0 0 0 0 0 25 0 0 -25 0 0 25 0 0 -25 0 0 0 0
0 -42 0 0 165 0 180 0 0 0 0 0 180 0 0 0 0 0 25 0 0 -25 0 0 25 0 0 -25 0 0 0 0
0 -42 0 0 240 0 180 0 0 0 0 0 180 0 0 0 0 0 25 0 0 -25 0 0 25 0 0 -25 0 0 0 0
0 -42 0 0 285 0 180 0 0 0 0 0 180 0 0 0 0 0 25 0 0 -25 0 0 25 0 0 -25 0 0 0 0
0 -42 0 0 315 0 180 0 0 0 0 0 180 0 0 0 0 0 25 0 0 -25 0 0 25 0 0 -25 0 0 0 0
0 -42 0 0 340 0 180 0 0 0 0 0 180 0 0 0 0 0 25 0 0 -25 0 0 25 0 0 -25 0 0 0 0
0 -42 0 0 10 0 180 0 0 0 0 0 180 0 0 0 0 0 25 0 0 -25 0 0 25 0 0 -25 0 0 0 0
0 -42 0 0 10 0 180 0 -35 0 0 0 180 0 35 0 0 0 25 0 0 -25 0 0 25 0 0 -25 0 0 0 0
0 -42 0 0 10 0 180 0 -50 0 0 0 180 0 50 0 0 0 25 0 0 -25 0 0 25 0 0 -25 0 0 0 0
0 -42 0 0 10 0 180 0 -50 0 0 40 180 0 50 0 0 -40 25 0 0 -25 0 0 25 0 0 -25 0 0 0 0
0 -42 0 0 10 0 180 0 -50 0 0 70 180 0 50 0 0 -70 25 0 0 -25 0 0 25 0 0 -25 0 0 0 0
0 -42 0 0 10 0 180 0 -50 0 0 110 180 0 50 0 0 -110 25 0 0 -25 0 0 25 0 0 -25 0 0 0 0
0 -42 0 0 10 0 180 0 -50 0 0 50 180 0 50 0 0 -50 25 0 0 -25 0 0 25 0 0 -25 0 0 0 0
0 -42 0 0 10 0 180 0 -50 0 0 0 180 0 50 0 0 0 25 0 0 -25 0 0 25 0 0 -25 0 0 0 0
0 -42 0 0 10 0 180 0 -50 0 0 75 180 0 50 0 0 -75 25 0 0 -25 0 0 25 0 0 -25 0 0 0 0
0 -42 0 0 10 0 180 0 -50 0 0 110 180 0 50 0 0 -110 25 0 0 -25 0 0 25 0 0 -25 0 0 0 0
0 -42 0 0 10 0 125 0 -50 0 0 110 125 0 50 0 0 -110 25 0 0 -25 0 0 25 0 0 -25 0 0 0 0
0 -42 0 0 10 0 85 0 -50 0 0 110 85 0 50 0 0 -110 25 0 0 -25 0 0 25 0 0 -25 0 0 0 0
0 -42 0 0 10 0 30 0 -50 0 0 110 30 0 50 0 0 -110 25 0 0 -25 0 0 25 0 0 -25 0 0 0 0
0 -42 0 0 10 0 10 0 -50 0 0 110 10 0 50 0 0 -110 25 0 0 -25 0 0 25 0 0 -25 0 0 0 0
0 -42 0 0 10 0 80 0 -50 0 0 110 80 0 50 0 0 -110 25 0 0 -25 0 0 25 0 0 -25 0 0 0 0
0 -42 0 0 10 0 145 0 -50 0 0 110 145 0 50 0 0 -110 25 0 0 -25 0 0 25 0 0 -25 0 0 0 0
0 -42 0 0 10 0 180 0 -50 0 0 110 180 0 50 0 0 -110 25 0 0 -25 0 0 25 0 0 -25 0 0 0 0
0 -42 0 0 10 0 180 35 -50 0 0 110 180 -35 50 0 0 -110 25 0 0 -25 0 0 25 0 0 -25 0 0 0 0
0 -42 0 0 10 0 180 80 -50 0 0 110 180 -80 50 0 0 -110 25 0 0 -25 0 0 25 0 0 -25 0 0 0 0
0 -42 0 0 10 0 180 95 -50 0 0 110 180 -95 50 0 0 -110 25 0 0 -25 0 0 25 0 0 -25 0 0 0 0
0 -42 0 0 10 0 180 40 -50 0 0 110 180 -40 50 0 0 -110 25 0 0 -25 0 0 25 0 0 -25 0 0 0 0
0 -42 0 0 10 0 180 10 -50 0 0 110 180 -10 50 0 0 -110 25 0 0 -25 0 0 25 0 0 -25 0 0 0 0
0 -42 0 0 10 0 180 10 -50 0 -5 60 180 -10 50 0 5 -60 25 0 0 -25 0 0 25 0 0 -25 0 0 0 0
0 -42 0 0 10 0 180 10 -50 0 -5 25 180 -10 50 0 5 -25 25 0 0 -25 0 0 25 0 0 -25 0 0 0 0
0 -42 0 0 10 0 180 10 -50 0 -5 0 180 -10 50 0 5 0 25 0 0 -25 0 0 25 0 0 -25 0 0 0 0
0 -42 0 0 10 0 180 50 -50 0 -5 0 180 -50 50 0 5 0 25 0 0 -25 0 0 25 0 0 -25 0 0 0 0
0 -42 0 0 10 0 180 70 -50 0 -5 0 180 -70 50 0 5 0 25 0 0 -25 0 0 25 0 0 -25 0 0 0 0
0 -42 0 0 10 0 180 90 -50 0 -5 0 180 -90 50 0 5 0 25 0 0 -25 0 0 25 0 0 -25 0 0 0 0
0 -42 0 0 10 0 180 90 0 0 -5 0 180 -90 0 0 5 0 25 0 0 -25 0 0 25 0 0 -25 0 0 0 0
0 -42 0 0 80 0 180 90 0 0 -5 0 180 -90 0 0 5 0 25 0 0 -25 0 0 25 0 0 -25 0 0 0 0
0 -42 0 0 120 0 180 90 0 0 -5 0 180 -90 0 0 5 0 25 0 0 -25 0 0 25 0 0 -25 0 0 0 0
0 -42 0 0 175 0 180 90 0 0 -5 0 180 -90 0 0 5 0 25 0 0 -25 0 0 25 0 0 -25 0 0 0 0
0 -42 0 0 215 0 180 90 0 0 -5 0 180 -90 0 0 5 0 25 0 0 -25 0 0 25 0 0 -25 0 0 0 0
0 -42 0 0 265 0 180 90 0 0 -5 0 180 -90 0 0 5 0 25 0 0 -25 0 0 25 0 0 -25 0 0 0 0
0 -42 0 0 320 0 180 90 0 0 -5 0 180 -90 0 0 5 0 25 0 0 -25 0 0 25 0 0 -25 0 0 0 0
0 -42 0 0 30 0 180 90 0 0 -5 0 180 -90 0 0 5 0 25 0 0 -25 0 0 25 0 0 -25 0 0 0 0
0 -42 0 0 80 0 180 90 0 0 -5 0 180 -90 0 0 5 0 25 0 0 -25 0 0 25 0 0 -25 0 0 0 0
0 -42 0 0 140 0 180 90 0 0 -5 0 180 -90 0 0 5 0 25 0 0 -25 0 0 25 0 0 -25 0 0 0 0
0 -42 0 0 200 0 180 90 0 0 -5 0 180 -90 0 0 5 0 25 0 0 -25 0 0 25 0 0 -25 0 0 0 0
0 -42 0 0 240 0 180 90 0 0 -5 0 180 -90 0 0 5 0 25 0 0 -25 0 0 25 0 0 -25 0 0 0 0
0 -42 0 0 290 0 180 90 0 0 -5 0 180 -90 0 0 5 0 25 0 0 -25 0 0 25 0 0 -25 0 0 0 0
0 -42 0 0 345 0 180 90 0 0 -5 0 180 -90 0 0 5 0 25 0 0 -25 0 0 25 0 0 -25 0 0 0 0
0 -42 0 0 0 0 180 90 0 0 -5 0 180 -90 0 0 5 0 25 0 0 -25 0 0 25 0 0 -25 0 0 0 0
0 -42 0 0 10 0 180 0 0 0 0 0 180 0 0 0 0 0 25 0 0 -25 0 0 25 0 0 -25 0 0 0 0
0 -42 0 0 10 0 180 0 -35 0 0 0 180 0 35 0 0 0 25 0 0 -25 0 0 25 0 0 -25 0 0 0 0
0 -42 0 0 10 0 180 0 -50 0 0 0 180 0 50 0 0 0 25 0 0 -25 0 0 25 0 0 -25 0 0 0 0
0 -42 0 0 10 0 180 0 -50 0 0 40 180 0 50 0 0 -40 25 0 0 -25 0 0 25 0 0 -25 0 0 0 0
0 -42 0 0 10 0 180 0 -50 0 0 70 180 0 50 0 0 -70 25 0 0 -25 0 0 25 0 0 -25 0 0 0 0
0 -42 0 0 10 0 180 0 -50 0 0 110 180 0 50 0 0 -110 25 0 0 -25 0 0 25 0 0 -25 0 0 0 0
0 -42 0 0 10 0 180 0 -50 0 0 50 180 0 50 0 0 -50 25 0 0 -25 0 0 25 0 0 -25 0 0 0 0
0 -42 0 0 10 0 180 0 -50 0 0 0 180 0 50 0 0 0 25 0 0 -25 0 0 25 0 0 -25 0 0 0 0
0 -42 0 0 10 0 180 0 -50 0 0 75 180 0 50 0 0 -75 25 0 0 -25 0 0 25 0 0 -25 0 0 0 0
0 -42 0 0 10 0 180 0 -50 0 0 110 180 0 50 0 0 -110 25 0 0 -25 0 0 25 0 0 -25 0 0 0 0
0 -42 0 0 10 0 125 0 -50 0 0 110 125 0 50 0 0 -110 25 0 0 -25 0 0 25 0 0 -25 0 0 0 0
0 -42 0 0 10 0 85 0 -50 0 0 110 85 0 50 0 0 -110 25 0 0 -25 0 0 25 0 0 -25 0 0 0 0
0 -42 0 0 10 0 30 0 -50 0 0 110 30 0 50 0 0 -110 25 0 0 -25 0 0 25 0 0 -25 0 0 0 0
0 -42 0 0 10 0 10 0 -50 0 0 110 10 0 50 0 0 -110 25 0 0 -25 0 0 25 0 0 -25 0 0 0 0
0 -42 0 0 10 0 80 0 -50 0 0 110 80 0 50 0 0 -110 25 0 0 -25 0 0 25 0 0 -25 0 0 0 0
0 -42 0 0 10 0 145 0 -50 0 0 110 145 0 50 0 0 -110 25 0 0 -25 0 0 25 0 0 -25 0 0 0 0
0 -42 0 0 10 0 180 0 -50 0 0 110 180 0 50 0 0 -110 25 0 0 -25 0 0 25 0 0 -25 0 0 0 0
0 -42 0 0 10 0 180 35 -50 0 0 110 180 -35 50 0 0 -110 25 0 0 -25 0 0 25 0 0 -25 0 0 0 0
0 -42 0 0 10 0 180 80 -50 0 0 110 180 -80 50 0 0 -110 25 0 0 -25 0 0 25 0 0 -25 0 0 0 0
0 -42 0 0 10 0 180 95 -50 0 0 110 180 -95 50 0 0 -110 25 0 0 -25 0 0 25 0 0 -25 0 0 0 0
0 -42 0 0 10 0 180 40 -50 0 0 110 180 -40 50 0 0 -110 25 0 0 -25 0 0 25 0 0 -25 0 0 0 0
0 -42 0 0 10 0 180 10 -50 0 0 110 180 -10 50 0 0 -110 25 0 0 -25 0 0 25 0 0 -25 0 0 0 0
0 -42 0 0 10 0 180 10 -50 0 -5 60 180 -10 50 0 5 -60 25 0 0 -25 0 0 25 0 0 -25 0 0 0 0
0 -42 0 0 10 0 180 10 -50 0 -5 25 180 -10 50 0 5 -25 25 0 0 -25 0 0 25 0 0 -25 0 0 0 0
0 -42 0 0 10 0 180 10 -50 0 -5 0 180 -10 50 0 5 0 25 0 0 -25 0 0 25 0 0 -25 0 0 0 0
0 -42 0 0 10 0 180 50 -50 0 -5 0 180 -50 50 0 5 0 25 0 0 -25 0 0 25 0 0 -25 0 0 0 0
0 -42 0 0 10 0 180 70 -50 0 -5 0 180 -70 50 0 5 0 25 0 0 -25 0 0 25 0 0 -25 0 0 0 0
0 -42 0 0 10 0 180 90 -50 0 -5 0 180 -90 50 0 5 0 25 0 0 -25 0 0 25 0 0 -25 0 0 0 0
0 -42 0 0 10 0 180 90 0 0 -5 0 180 -90 0 0 5 0 25 0 0 -25 0 0 25 0 0 -25 0 0 0 0
0 -42 0 0 80 0 180 90 0 0 -5 0 180 -90 0 0 5 0 25 0 0 -25 0 0 25 0 0 -25 0 0 0 0
0 -42 0 0 120 0 180 90 0 0 -5 0 180 -90 0 0 5 0 25 0 0 -25 0 0 25 0 0 -25 0 0 0 0
0 -42 0 0 175 0 180 90 0 0 -5 0 180 -90 0 0 5 0 25 0 0 -25 0 0 25 0 0 -25 0 0 0 0
0 -42 0 0 215 0 180 90 0 0 -5 0 180 -90 0 0 5 0 25 0 0 -25 0 0 25 0 0 -25 0 0 0 0
0 -42 0 0 265 0 180 90 0 0 -5 0 180 -90 0 0 5 0 25 0 0 -25 0 0 25 0 0 -25 0 0 0 0
0 -42 0 0 320 0 180 90 0 0 -5 0 180 -90 0 0 5 0 25 0 0 -25 0 0 25 0 0 -25 0 0 0 0
0 -42 0 0 30 0 180 90 0 0 -5 0 180 -90 0 0 5 0 25 0 0 -25 0 0 25 0 0 -25 0 0 0 0
0 -42 0 0 80 0 180 90 0 0 -5 0 180 -90 0 0 5 0 25 0 0 -25 0 0 25 0 0 -25 0 0 0 0
0 -42 0 0 140 0 180 90 0 0 -5 0 180 -90 0 0 5 0 25 0 0 -25 0 0 25 0 0 -25 0 0 0 0
0 -42 0 0 200 0 180 90 0 0 -5 0 180 -90 0 0 5 0 25 0 0 -25 0 0 25 0 0 -25 0 0 0 0
0 -42 0 0 240 0 180 90 0 0 -5 0 180 -90 0 0 5 0 25 0 0 -25 0 0 25 0 0 -25 0 0 0 0
0 -42 0 0 290 0 180 90 0 0 -5 0 180 -90 0 0 5 0 25 0 0 -25 0 0 25 0 0 -25 0 0 0 0
0 -42 0 0 345 0 180 90 0 0 -5 0 180 -90 0 0 5 0 25 0 0 -25 0 0 25 0 0 -25 0 0 0 0
0 -42 0 0 0 0 180 90 0 0 -5 0 180 -90 0 0 5 0 25 0 0 -25 0 0 25 0 0 -25 0 0 0 0
0 -42 0 0 10 0 180 0 0 0 0 0 180 0 0 0 0 0 25 0 0 -25 0 0 25 0 0 -25 0 0 0 0
0 -42 0 0 10 0 180 0 -35 0 0 0 180 0 35 0 0 0 25 0 0 -25 0 0 25 0 0 -25 0 0 0 0
0 -42 0 0 10 0 180 0 -50 0 0 0 180 0 50 0 0 0 25 0 0 -25 0 0 25 0 0 -25 0 0 0 0
0 -42 0 0 10 0 180 0 -50 0 0 40 180 0 50 0 0 -40 25 0 0 -25 0 0 25 0 0 -25 0 0 0 0
0 -42 0 0 10 0 180 0 -50 0 0 70 180 0 50 0 0 -70 25 0 0 -25 0 0 25 0 0 -25 0 0 0 0
0 -42 0 0 10 0 180 0 -50 0 0 110 180 0 50 0 0 -110 25 0 0 -25 0 0 25 0 0 -25 0 0 0 0
0 -42 0 0 10 0 180 0 -50 0 0 50 180 0 50 0 0 -50 25 0 0 -25 0 0 25 0 0 -25 0 0 0 0
0 -42 0 0 10 0 180 0 -50 0 0 0 180 0 50 0 0 0 25 0 0 -25 0 0 25 0 0 -25 0 0 0 0
0 -42 0 0 10 0 180 0 -50 0 0 75 180 0 50 0 0 -75 25 0 0 -25 0 0 25 0 0 -25 0 0 0 0
0 -42 0 0 10 0 180 0 -50 0 0 110 180 0 50 0 0 -110 25 0 0 -25 0 0 25 0 0 -25 0 0 0 0
0 -42 0 0 10 0 125 0 -50 0 0 110 125 0 50 0 0 -110 25 0 0 -25 0 0 25 0 0 -25 0 0 0 0
0 -42 0 0 10 0 85 0 -50 0 0 110 85 0 50 0 0 -110 25 0 0 -25 0 0 25 0 0 -25 0 0 0 0
0 -42 0 0 10 0 30 0 -50 0 0 110 30 0 50 0 0 -110 25 0 0 -25 0 0 25 0 0 -25 0 0 0 0
0 -42 0 0 10 0 10 0 -50 0 0 110 10 0 50 0 0 -110 25 0 0 -25 0 0 25 0 0 -25 0 0 0 0
0 -42 0 0 10 0 80 0 -50 0 0 110 80 0 50 0 0 -110 25 0 0 -25 0 0 25 0 0 -25 0 0 0 0
0 -42 0 0 10 0 145 0 -50 0 0 110 145 0 50 0 0 -110 25 0 0 -25 0 0 25 0 0 -25 0 0 0 0
0 -42 0 0 10 0 180 0 -50 0 0 110 180 0 50 0 0 -110 25 0 0 -25 0 0 25 0 0 -25 0 0 0 0
0 -42 0 0 10 0 180 35 -50 0 0 110 180 -35 50 0 0 -110 25 0 0 -25 0 0 25 0 0 -25 0 0 0 0
0 -42 0 0 10 0 180 80 -50 0 0 110 180 -80 50 0 0 -110 25 0 0 -25 0 0 25 0 0 -25 0 0 0 0
0 -42 0 0 10 0 180 95 -50 0 0 110 180 -95 50 0 0 -110 25 0 0 -25 0 0 25 0 0 -25 0 0 0 0
0 -42 0 0 10 0 180 40 -50 0 0 110 180 -40 50 0 0 -110 25 0 0 -25 0 0 25 0 0 -25 0 0 0 0
0 -42 0 0 10 0 180 10 -50 0 0 110 180 -10 50 0 0 -110 25 0 0 -25 0 0 25 0 0 -25 0 0 0 0
0 -42 0 0 10 0 180 10 -50 0 -5 60 180 -10 50 0 5 -60 25 0 0 -25 0 0 25 0 0 -25 0 0 0 0
0 -42 0 0 10 0 180 10 -50 0 -5 25 180 -10 50 0 5 -25 25 0 0 -25 0 0 25 0 0 -25 0 0 0 0
0 -42 0 0 10 0 180 10 -50 0 -5 0 180 -10 50 0 5 0 25 0 0 -25 0 0 25 0 0 -25 0 0 0 0
0 -42 0 0 10 0 180 50 -50 0 -5 0 180 -50 50 0 5 0 25 0 0 -25 0 0 25 0 0 -25 0 0 0 0
0 -42 0 0 10 0 180 70 -50 0 -5 0 180 -70 50 0 5 0 25 0 0 -25 0 0 25 0 0 -25 0 0 0 0
0 -42 0 0 10 0 180 90 -50 0 -5 0 180 -90 50 0 5 0 25 0 0 -25 0 0 25 0 0 -25 0 0 0 0
0 -42 0 0 10 0 180 90 0 0 -5 0 180 -90 0 0 5 0 25 0 0 -25 0 0 25 0 0 -25 0 0 0 0
0 -42 0 0 80 0 180 90 0 0 -5 0 180 -90 0 0 5 0 25 0 0 -25 0 0 25 0 0 -25 0 0 0 0
0 -42 0 0 120 0 180 90 0 0 -5 0 180 -90 0 0 5 0 25 0 0 -25 0 0 25 0 0 -25 0 0 0 0
0 -42 0 0 175 0 180 90 0 0 -5 0 180 -90 0 0 5 0 25 0 0 -25 0 0 25 0 0 -25 0 0 0 0
0 -42 0 0 215 0 180 90 0 0 -5 0 180 -90 0 0 5 0 25 0 0 -25 0 0 25 0 0 -25 0 0 0 0
0 -42 0 0 265 0 180 90 0 0 -5 0 180 -90 0 0 5 0 25 0 0 -25 0 0 25 0 0 -25 0 0 0 0
0 -42 0 0 320 0 180 90 0 0 -5 0 180 -90 0 0 5 0 25 0 0 -25 0 0 25 0 0 -25 0 0 0 0
0 -42 0 0 30 0 180 90 0 0 -5 0 180 -90 0 0 5 0 25 0 0 -25 0 0 25 0 0 -25 0 0 0 0
0 -42 0 0 80 0 180 90 0 0 -5 0 180 -90 0 0 5 0 25 0 0 -25 0 0 25 0 0 -25 0 0 0 0
0 -42 0 0 140 0 180 90 0 0 -5 0 180 -90 0 0 5 0 25 0 0 -25 0 0 25 0 0 -25 0 0 0 0
0 -42 0 0 200 0 180 90 0 0 -5 0 180 -90 0 0 5 0 25 0 0 -25 0 0 25 0 0 -25 0 0 0 0
0 -42 0 0 240 0 180 90 0 0 -5 0 180 -90 0 0 5 0 25 0 0 -25 0 0 25 0 0 -25 0 0 0 0
0 -42 0 0 290 0 180 90 0 0 -5 0 180 -90 0 0 5 0 25 0 0 -25 0 0 25 0 0 -25 0 0 0 0
0 -42 0 0 345 0 180 90 0 0 -5 0 180 -90 0 0 5 0 25 0 0 -25 0 0 25 0 0 -25 0 0 0 0
0 -42 0 0 0 0 180 90 0 0 -5 0 180 -90 0 0 5 0 25 0 0 -25 0 0 25 0 0 -25 0 0 0 0
0 -42 0 0 0 5 145 90 0 0 -5 0 145 -90 0 0 5 0 25 0 0 -25 0 0 25 0 0 -25 0 0 0 0
0 -42 0 0 0 5 110 90 0 0 -5 0 110 -90 0 0 5 0 25 0 0 -25 0 0 25 0 0 -25 0 0 0 0
0 -42 0 0 0 5 90 90 0 0 -5 0 90 -90 0 0 5 0 25 0 0 -25 0 0 25 0 0 -25 0 0 0 0
0 -42 0 0 0 5 110 90 0 0 -5 0 70 -90 0 0 5 0 25 0 0 -25 0 0 25 0 0 -25 0 0 0 0
0 -42 0 0 0 5 140 90 0 0 -5 0 40 -90 0 0 5 0 25 0 0 -25 0 0 25 0 0 -25 0 0 0 0
0 -42 0 0 0 5 170 90 0 0 -5 0 10 -90 0 0 5 0 25 0 0 -25 0 0 25 0 0 -25 0 0 0 0
0 -42 0 0 0 5 145 90 0 0 -5 0 35 -90 0 0 5 0 25 0 0 -25 0 0 25 0 0 -25 0 0 0 0
0 -42 0 0 0 5 120 90 0 0 -5 0 60 -90 0 0 5 0 25 0 0 -25 0 0 25 0 0 -25 0 0 0 0
0 -42 0 0 0 5 85 90 0 0 -5 0 95 -90 0 0 5 0 25 0 0 -25 0 0 25 0 0 -25 0 0 0 0
0 -42 0 0 0 5 55 90 0 0 -5 0 125 -90 0 0 5 0 25 0 0 -25 0 0 25 0 0 -25 0 0 0 0
0 -42 0 0 0 5 25 90 0 0 -5 0 155 -90 0 0 5 0 25 0 0 -25 0 0 25 0 0 -25 0 0 0 0
0 -42 0 0 0 5 0 90 0 0 -5 0 180 -90 0 0 5 0 25 0 0 -25 0 0 25 0 0 -25 0 0 0 0
0 -42 0 0 0 5 40 90 0 0 -5 0 140 -90 0 0 5 0 25 0 0 -25 0 0 25 0 0 -25 0 0 0 0
0 -42 0 0 0 5 75 90 0 0 -5 0 105 -90 0 0 5 0 25 0 0 -25 0 0 25 0 0 -25 0 0 0 0
0 -42 0 0 0 5 110 90 0 0 -5 0 70 -90 0 0 5 0 25 0 0 -25 0 0 25 0 0 -25 0 0 0 0
0 -42 0 0 0 5 145 90 0 0 -5 0 35 -90 0 0 5 0 25 0 0 -25 0 0 25 0 0 -25 0 0 0 0
0 -42 0 0 0 5 170 90 0 0 -5 0 10 -90 0 0 5 0 25 0 0 -25 0 0 25 0 0 -25 0 0 0 0
0 -42 0 0 0 5 140 90 0 0 -5 0 40 -90 0 0 5 0 25 0 0 -25 0 0 25 0 0 -25 0 0 0 0
0 -42 0 0 0 5 110 90 0 0 -5 0 70 -90 0 0 5 0 25 0 0 -25 0 0 25 0 0 -25 0 0 0 0
0 -42 0 0 0 5 80 90 0 0 -5 0 100 -90 0 0 5 0 25 0 0 -25 0 0 25 0 0 -25 0 0 0 0
0 -42 0 0 0 5 50 90 0 0 -5 0 130 -90 0 0 5 0 25 0 0 -25 0 0 25 0 0 -25 0 0 0 0
0 -42 0 0 0 5 15 90 0 0 -5 0 165 -90 0 0 5 0 25 0 0 -25 0 0 25 0 0 -25 0 0 0 0
0 -42 0 0 0 5 45 90 0 0 -5 0 135 -90 0 0 5 0 25 0 0 -25 0 0 25 0 0 -25 0 0 0 0
0 -42 0 0 0 5 75 90 0 0 -5 0 105 -90 0 0 5 0 25 0 0 -25 0 0 25 0 0 -25 0 0 0 0
0 -42 0 0 0 5 90 90 0 0 -5 0 90 -90 0 0 5 0 25 0 0 -25 0 0 25 0 0 -25 0 0 0 0
0 -42 0 0 0 5 90 90 0 0 -5 0 90 -90 0 0 5 0 -10 0 0 -25 0 0 25 0 0 -25 0 0 0 0
0 -42 0 0 0 5 90 90 0 0 -5 0 90 -90 0 0 5 0 -25 0 0 -25 0 0 25 0 0 -25 0 0 0 0
0 -42 0 0 0 5 90 90 0 0 -5 0 90 -90 0 0 5 0 -25 0 0 -70 0 0 25 0 0 -25 0 0 0 0
0 -42 0 0 0 5 90 90 0 0 -5 0 90 -90 0 0 5 0 -25 0 0 -90 0 0 25 0 0 -25 0 0 0 0
0 -42 0 0 0 5 90 90 0 0 -5 0 90 -90 0 0 5 0 15 0 0 -70 0 0 25 0 0 -25 0 0 0 0
0 -42 0 0 0 5 90 90 0 0 -5 0 90 -90 0 0 5 0 70 0 0 -70 0 0 25 0 0 -25 0 0 0 0
0 -42 0 0 0 5 90 90 0 0 -5 0 90 -90 0 0 5 0 100 0 0 -100 0 0 25 0 0 -25 0 0 0 0
0 -42 0 0 0 5 90 90 0 0 -5 0 90 -90 0 0 5 0 120 0 0 -115 0 0 25 0 0 -25 0 0 0 0
0 -42 0 0 0 5 90 90 0 0 -5 0 90 -90 0 0 5 0 70 0 0 -115 0 0 25 0 0 -25 0 0 0 0
0 -42 0 0 0 5 90 90 0 0 -5 0 90 -90 0 0 5 0 40 0 0 -115 0 0 25 0 0 -25 0 0 0 0
0 -42 0 0 0 5 90 90 0 0 -5 0 90 -90 0 0 5 0 85 0 0 -115 0 0 25 0 0 -25 0 0 0 0
0 -42 0 0 0 5 90 90 0 0 -5 0 90 -90 0 0 5 0 125 0 0 -115 0 0 25 0 0 -25 0 0 0 0
0 -42 0 0 0 5 90 90 0 0 -5 0 90 -90 0 0 5 0 70 0 0 -115 0 0 25 0 0 -25 0 0 0 0
0 -42 0 0 0 5 90 90 0 0 -5 0 90 -90 0 0 5 0 30 0 0 -115 0 0 25 0 0 -25 0 0 0 0
0 -42 0 0 0 5 90 90 0 0 -5 0 90 -90 0 0 5 0 0 0 0 -115 0 0 25 0 0 -25 0 0 0 0
0 -42 0 0 0 5 90 90 0 0 -5 0 90 -90 0 0 5 0 0 0 0 -130 0 0 25 0 0 -25 0 0 0 0
0 -42 0 0 0 5 90 90 0 0 -5 0 90 -90 0 0 5 0 50 0 0 -130 0 0 25 0 0 -25 0 0 0 0
0 -42 0 0 0 5 90 90 0 0 -5 0 90 -90 0 0 5 0 80 0 0 -130 0 0 25 0 0 -25 0 0 0 0
0 -42 0 0 0 5 90 90 0 0 -5 0 90 -90 0 0 5 0 125 0 0 -130 0 0 25 0 0 -25 0 0 0 0
0 -42 0 0 0 5 90 90 0 0 -5 0 90 -90 0 0 5 0 70 0 0 -130 0 0 25 0 0 -25 0 0 0 0
0 -42 0 0 0 5 90 90 0 0 -5 0 90 -90 0 0 5 0 15 0 0 -130 0 0 25 0 0 -25 0 0 0 0
0 -42 0 0 0 5 90 90 0 0 -5 0 90 -90 0 0 5 0 80 0 0 -130 0 0 25 0 0 -25 0 0 0 0
0 -42 0 0 0 5 90 90 0 0 -5 0 90 -90 0 0 5 0 125 0 0 -130 0 0 25 0 0 -25 0 0 0 0
0 -42 0 0 0 5 90 90 0 0 -5 0 90 -90 0 0 5 0 55 0 0 -130 0 0 25 0 0 -25 0 0 0 0
0 -42 0 0 0 5 90 90 0 0 -5 0 90 -90 0 0 5 0 0 0 0 -130 0 0 25 0 0 -25 0 0 0 0
0 -42 0 0 0 5 90 90 0 0 -5 0 90 -90 0 0 5 0 0 0 0 -60 0 0 25 0 0 -25 0 0 0 0
0 -42 0 0 0 5 90 90 0 0 -5 0 90 -90 0 0 5 0 0 0 0 -25 0 0 25 0 0 -25 0 0 0 0
0 -42 0 0 0 5 90 90 0 0 -5 0 90 -90 0 0 5 0 0 0 0 -75 0 0 25 0 0 -25 0 0 0 0
0 -42 0 0 0 5 90 90 0 0 -5 0 90 -90 0 0 5 0 0 0 0 -100 0 0 25 0 0 -25 0 0 0 0
0 -42 0 0 0 5 90 90 0 0 -5 0 90 -90 0 0 5 0 0 0 0 -65 0 0 25 0 0 -25 0 0 0 0
0 -42 0 0 0 5 90 90 0 0 -5 0 90 -90 0 0 5 0 0 0 0 -30 0 0 25 0 0 -25 0 0 0 0
0 -42 0 0 0 5 90 90 0 0 -5 0 90 -90 0 0 5 0 0 0 0 -75 0 0 25 0 0 -25 0 0 0 0
0 -42 0 0 0 5 90 90 0 0 -5 0 90 -90 0 0 5 0 0 0 0 -95 0 0 25 0 0 -25 0 0 0 0
0 -42 0 0 0 5 90 90 0 0 -5 0 90 -90 0 0 5 0 0 0 0 -115 0 0 25 0 0 -25 0 0 0 0
0 -42 0 0 0 5 90 90 0 0 -5 0 90 -90 0 0 5 0 0 0 0 -130 0 0 25 0 0 -25 0 0 0 0
0 -42 0 0 0 5 90 90 0 0 -5 0 90 -90 0 0 5 0 50 0 0 -130 0 0 25 0 0 -25 0 0 0 0
0 -42 0 0 0 5 90 90 0 0 -5 0 90 -90 0 0 5 0 80 0 0 -130 0 0 25 0 0 -25 0 0 0 0
0 -42 0 0 0 5 90 90 0 0 -5 0 90 -90 0 0 5 0 125 0 0 -130 0 0 25 0 0 -25 0 0 0 0
0 -42 0 0 0 5 90 90 0 0 -5 0 90 -90 0 0 5 0 70 0 0 -130 0 0 25 0 0 -25 0 0 0 0
0 -42 0 0 0 5 90 90 0 0 -5 0 90 -90 0 0 5 0 15 0 0 -130 0 0 25 0 0 -25 0 0 0 0
0 -42 0 0 0 5 90 90 0 0 -5 0 90 -90 0 0 5 0 80 0 0 -130 0 0 25 0 0 -25 0 0 0 0
0 -42 0 0 0 5 90 90 0 0 -5 0 90 -90 0 0 5 0 125 0 0 -130 0 0 25 0 0 -25 0 0 0 0
0 -42 0 0 0 5 90 90 0 0 -5 0 90 -90 0 0 5 0 55 0 0 -130 0 0 25 0 0 -25 0 0 0 0
0 -42 0 0 0 5 90 90 0 0 -5 0 90 -90 0 0 5 0 0 0 0 -130 0 0 25 0 0 -25 0 0 0 0
0 -42 0 0 0 5 90 90 0 0 -5 0 90 -90 0 0 5 0 0 0 0 -60 0 0 25 0 0 -25 0 0 0 0
0 -42 0 0 0 5 90 90 0 0 -5 0 90 -90 0 0 5 0 0 0 0 -25 0 0 25 0 0 -25 0 0 0 0
0 -42 0 0 0 5 90 90 0 0 -5 0 90 -90 0 0 5 0 0 0 0 -75 0 0 25 0 0 -25 0 0 0 0
0 -42 0 0 0 5 90 90 0 0 -5 0 90 -90 0 0 5 0 0 0 0 -100 0 0 25 0 0 -25 0 0 0 0
0 -42 0 0 0 5 90 90 0 0 -5 0 90 -90 0 0 5 0 0 0 0 -65 0 0 25 0 0 -25 0 0 0 0
0 -42 0 0 0 5 90 90 0 0 -5 0 90 -90 0 0 5 0 0 0 0 -30 0 0 25 0 0 -25 0 0 0 0
0 -42 0 0 0 5 90 90 0 0 -5 0 90 -90 0 0 5 0 0 0 0 -75 0 0 25 0 0 -25 0 0 0 0
0 -42 0 0 0 5 90 90 0 0 -5 0 90 -90 0 0 5 0 0 0 0 -95 0 0 25 0 0 -25 0 0 0 0
0 -42 0 0 0 5 90 90 0 0 -5 0 90 -90 0 0 5 0 0 0 0 -115 0 0 25 0 0 -25 0 0 0 0
0 -42 0 0 0 5 90 90 0 0 -5 0 90 -90 0 0 5 0 0 0 0 -130 0 0 25 0 0 -25 0 0 0 0
0 -42 0 0 0 5 90 90 0 0 -5 0 90 -90 0 0 5 0 50 0 0 -130 0 0 25 0 0 -25 0 0 0 0
0 -42 0 0 0 5 90 90 0 0 -5 0 90 -90 0 0 5 0 80 0 0 -130 0 0 25 0 0 -25 0 0 0 0
0 -42 0 0 0 5 90 90 0 0 -5 0 90 -90 0 0 5 0 125 0 0 -130 0 0 25 0 0 -25 0 0 0 0
0 -42 0 0 0 5 90 90 0 0 -5 0 90 -90 0 0 5 0 70 0 0 -130 0 0 25 0 0 -25 0 0 0 0
0 -42 0 0 0 5 90 90 0 0 -5 0 90 -90 0 0 5 0 15 0 0 -130 0 0 25 0 0 -25 0 0 0 0
0 -42 0 0 0 5 90 90 0 0 -5 0 90 -90 0 0 5 0 80 0 0 -130 0 0 25 0 0 -25 0 0 0 0
0 -42 0 0 0 5 90 90 0 0 -5 0 90 -90 0 0 5 0 125 0 0 -130 0 0 25 0 0 -25 0 0 0 0
0 -42 0 0 0 5 90 90 0 0 -5 0 90 -90 0 0 5 0 55 0 0 -130 0 0 25 0 0 -25 0 0 0 0
0 -42 0 0 0 5 90 90 0 0 -5 0 90 -90 0 0 5 0 0 0 0 -130 0 0 25 0 0 -25 0 0 0 0
0 -42 0 0 0 5 90 90 0 0 -5 0 90 -90 0 0 5 0 0 0 0 -60 0 0 25 0 0 -25 0 0 0 0
0 -42 0 0 0 5 90 90 0 0 -5 0 90 -90 0 0 5 0 0 0 0 -25 0 0 25 0 0 -25 0 0 0 0
0 -42 0 0 0 5 90 90 0 0 -5 0 90 -90 0 0 5 0 0 0 0 -75 0 0 25 0 0 -25 0 0 0 0
0 -42 0 0 0 5 90 90 0 0 -5 0 90 -90 0 0 5 0 0 0 0 -100 0 0 25 0 0 -25 0 0 0 0
0 -42 0 0 0 5 90 90 0 0 -5 0 90 -90 0 0 5 0 0 0 0 -65 0 0 25 0 0 -25 0 0 0 0
0 -42 0 0 0 5 90 90 0 0 -5 0 90 -90 0 0 5 0 0 0 0 -30 0 0 25 0 0 -25 0 0 0 0
0 -42 0 0 0 5 90 90 0 0 -5 0 90 -90 0 0 5 0 0 0 0 -75 0 0 25 0 0 -25 0 0 0 0
0 -42 0 0 0 5 90 90 0 0 -5 0 90 -90 0 0 5 0 0 0 0 -95 0 0 25 0 0 -25 0 0 0 0
0 -42 0 0 0 5 90 90 0 0 -5 0 125 25 0 0 5 0 30 0 0 -95 0 0 25 0 0 -25 0 0 0 0
0 -42 0 0 0 5 85 90 0 0 -5 0 150 25 15 -5 5 -35 30 0 0 -60 0 0 25 0 0 -25 0 0 0 0
0 -42 0 0 0 5 60 90 0 -50 -5 0 175 25 0 -5 5 -65 30 0 0 -60 0 0 25 0 0 -25 0 0 0 0
0 -42 0 0 0 5 60 90 0 -50 0 0 175 25 -20 -5 5 -65 30 0 0 -30 0 0 25 0 0 -25 0 0 0 0
0 -42 0 0 0 5 60 90 0 -50 0 0 175 25 15 -5 5 -65 30 0 0 -30 0 0 25 0 0 -25 0 0 0 0
0 -42 0 0 0 5 60 90 0 -50 0 0 175 25 50 -5 5 -65 30 0 0 -30 0 0 25 0 0 -25 0 0 0 0
0 -42 0 0 0 5 60 90 0 -50 0 0 175 25 50 -5 0 -35 30 0 0 -30 0 0 25 0 0 -25 0 0 0 0
0 -42 0 0 0 5 60 90 0 -50 0 0 175 25 50 -5 0 -5 30 0 0 -30 0 0 25 0 0 -25 0 0 0 0
0 -42 0 0 0 5 60 90 0 -50 0 0 175 25 50 -5 0 -50 30 0 0 -30 0 0 25 0 0 -25 0 0 0 0
0 -42 0 0 0 5 60 90 0 -50 0 0 175 25 50 -5 0 -75 30 0 0 -30 0 0 25 0 0 -25 0 0 0 0
0 -42 0 0 0 5 60 90 0 -50 0 0 175 25 15 -5 0 -75 30 0 0 -30 0 0 25 0 0 -25 0 0 0 0
0 -42 0 0 0 5 60 90 0 -50 0 0 175 25 -15 -5 0 -75 30 0 0 -30 0 0 25 0 0 -25 0 0 0 0
0 -42 0 0 0 5 60 90 0 -50 0 0 175 25 -25 -5 0 -75 30 0 0 -30 0 0 25 0 0 -25 0 0 0 0
0 -42 0 0 0 5 60 90 0 -50 0 0 175 25 25 -5 0 -75 30 0 0 -30 0 0 25 0 0 -25 0 0 0 0
0 -42 0 0 0 5 60 90 0 -50 0 0 175 25 50 -5 0 -75 30 0 0 -30 0 0 25 0 0 -25 0 0 0 0
0 -42 0 0 0 5 60 90 0 -50 0 0 175 25 50 -5 0 -40 30 0 0 -30 0 0 25 0 0 -25 0 0 0 0
0 -42 0 0 0 5 60 90 0 -50 0 0 175 25 50 -5 0 -5 30 0 0 -30 0 0 25 0 0 -25 0 0 0 0
0 -42 0 0 0 5 60 90 0 -50 0 0 175 25 50 -5 0 -50 30 0 0 -30 0 0 25 0 0 -25 0 0 0 0
0 -42 0 0 0 5 60 90 0 -50 0 0 175 25 50 -5 0 -75 30 0 0 -30 0 0 25 0 0 -25 0 0 0 0
0 -42 0 0 0 5 60 90 0 -50 0 0 175 25 15 -5 0 -75 30 0 0 -30 0 0 25 0 0 -25 0 0 0 0
0 -42 0 0 0 5 60 90 0 -50 0 0 175 25 -15 -5 0 -75 30 0 0 -30 0 0 25 0 0 -25 0 0 0 0
0 -42 0 0 0 5 60 90 0 -50 0 0 175 25 -25 -5 0 -75 30 0 0 -30 0 0 25 0 0 -25 0 0 0 0
0 -42 0 0 0 5 60 90 0 -50 0 0 175 25 25 -5 0 -75 30 0 0 -30 0 0 25 0 0 -25 0 0 0 0
0 -42 0 0 0 5 60 90 0 -50 0 0 175 25 50 -5 0 -75 30 0 0 -30 0 0 25 0 0 -25 0 0 0 0
0 -42 0 0 0 5 60 90 0 -50 0 0 175 25 50 -5 0 -40 30 0 0 -30 0 0 25 0 0 -25 0 0 0 0
0 -42 0 0 0 5 60 90 0 -50 0 0 175 25 50 -5 0 -5 30 0 0 -30 0 0 25 0 0 -25 0 0 0 0
0 -42 0 0 0 5 60 90 0 -50 0 0 175 25 50 -5 0 -50 30 0 0 -30 0 0 25 0 0 -25 0 0 0 0
0 -42 0 0 0 5 60 90 0 -50 0 0 175 25 50 -5 0 -75 30 0 0 -30 0 0 25 0 0 -25 0 0 0 0
0 -42 0 0 0 5 60 90 0 -50 0 0 175 25 15 -5 0 -75 30 0 0 -30 0 0 25 0 0 -25 0 0 0 0
0 -42 0 0 0 5 60 90 0 -50 0 0 175 25 -15 -5 0 -75 30 0 0 -30 0 0 25 0 0 -25 0 0 0 0
0 -42 0 0 0 5 60 90 0 -50 0 0 175 25 -25 -5 0 -75 30 0 0 -30 0 0 25 0 0 -25 0 0 0 0
0 -42 0 0 0 5 60 90 0 -50 0 0 175 25 25 -5 0 -75 30 0 0 -30 0 0 25 0 0 -25 0 0 0 0
0 -42 0 0 0 5 60 90 0 -50 0 0 175 25 50 -5 0 -75 30 0 0 -30 0 0 25 0 0 -25 0 0 0 0
0 -42 0 0 0 5 60 90 0 -50 0 0 175 25 50 -5 0 -40 30 0 0 -30 0 0 25 0 0 -25 0 0 0 0
0 -42 0 0 0 5 60 90 0 -50 0 0 175 25 50 -5 0 -5 30 0 0 -30 0 0 25 0 0 -25 0 0 0 0
0 -42 0 0 0 5 60 90 0 -50 0 0 175 25 50 -5 0 -50 30 0 0 -30 0 0 25 0 0 -25 0 0 0 0
0 -42 0 0 0 5 60 90 0 -50 0 0 175 25 50 -5 0 -75 30 0 0 -30 0 0 25 0 0 -25 0 0 0 0
0 -42 0 0 0 5 60 90 0 -50 0 0 175 25 15 -5 0 -75 30 0 0 -30 0 0 25 0 0 -25 0 0 0 0
0 -42 0 0 0 5 60 90 0 -50 0 0 175 25 -15 -5 0 -75 30 0 0 -30 0 0 25 0 0 -25 0 0 0 0
0 -42 0 0 0 5 60 90 0 -50 0 0 175 25 -25 -5 0 -75 30 0 0 -30 0 0 25 0 0 -25 0 0 0 0
0 -42 0 0 0 5 60 90 0 -50 0 0 175 25 25 -5 0 -75 30 0 0 -30 0 0 25 0 0 -25 0 0 0 0
0 -42 0 0 0 5 60 90 0 -50 0 0 175 25 50 -5 0 -75 30 0 0 -30 0 0 25 0 0 -25 0 0 0 0
0 -42 0 0 0 5 60 90 0 -50 0 0 175 25 50 -5 0 -40 30 0 0 -30 0 0 25 0 0 -25 0 0 0 0
0 -42 0 0 0 5 60 90 0 -50 0 0 175 25 50 -5 0 -5 30 0 0 -30 0 0 25 0 0 -25 0 0 0 0
0 -42 0 0 0 5 60 90 0 -50 0 0 175 25 50 -5 0 -50 30 0 0 -30 0 0 25 0 0 -25 0 0 0 0
0 -42 0 0 0 5 60 90 0 -50 0 0 175 25 50 -5 0 -75 30 0 0 -30 0 0 25 0 0 -25 0 0 0 0
0 -42 0 0 0 5 60 90 0 -50 0 0 175 25 15 -5 0 -75 30 0 0 -30 0 0 25 0 0 -25 0 0 0 0
0 -42 0 0 0 5 60 90 0 -50 0 0 175 25 -15 -5 0 -75 30 0 0 -30 0 0 25 0 0 -25 0 0 0 0
0 -42 0 0 0 5 60 90 0 -50 0 0 175 25 -25 -5 0 -75 30 0 0 -30 0 0 25 0 0 -25 0 0 0 0
0 -42 0 0 0 5 60 90 0 -50 0 0 175 25 25 -5 0 -75 30 0 0 -30 0 0 25 0 0 -25 0 0 0 0
0 -42 0 0 0 5 60 90 0 -50 0 0 175 25 50 -5 0 -75 30 0 0 -30 0 0 25 0 0 -25 0 0 0 0
0 -42 0 0 0 5 60 90 0 -50 0 0 175 25 50 -5 0 -40 30 0 0 -30 0 0 25 0 0 -25 0 0 0 0
0 -42 0 0 0 5 60 90 0 -50 0 0 175 25 50 -5 0 -5 30 0 0 -30 0 0 25 0 0 -25 0 0 0 0
0 -42 0 0 0 5 60 90 0 -50 0 0 175 25 50 -5 0 -50 30 0 0 -30 0 0 25 0 0 -25 0 0 0 0
0 -42 0 0 0 5 60 90 0 -50 0 0 175 25 50 -5 0 -75 30 0 0 -30 0 0 25 0 0 -25 0 0 0 0
0 -42 0 0 0 5 60 90 0 -50 0 0 175 25 15 -5 0 -75 30 0 0 -30 0 0 25 0 0 -25 0 0 0 0
0 -42 0 0 0 5 60 90 0 -50 0 0 175 25 -15 -5 0 -75 30 0 0 -30 0 0 25 0 0 -25 0 0 0 0
0 -42 0 0 0 5 60 90 0 -50 0 0 175 25 -25 -5 0 -75 30 0 0 -30 0 0 25 0 0 -25 0 0 0 0
0 -42 0 0 0 5 60 90 0 -50 0 0 175 25 25 -5 0 -75 30 0 0 -30 0 0 25 0 0 -25 0 0 0 0
0 -42 0 0 0 5 60 90 0 -50 0 0 175 25 50 -5 0 -75 30 0 0 -30 0 0 25 0 0 -25 0 0 0 0
0 -42 0 0 0 5 60 90 0 -50 0 0 175 25 50 -5 0 -40 30 0 0 -30 0 0 25 0 0 -25 0 0 0 0
0 -42 0 0 0 5 60 90 0 -50 0 0 175 25 50 -5 0 -5 30 0 0 -30 0 0 25 0 0 -25 0 0 0 0
0 -42 0 0 0 5 95 90 0 -50 0 0 175 25 50 -5 0 -5 30 0 0 -30 0 0 25 0 0 -25 0 0 0 0
0 -42 0 0 0 5 70 115 80 -50 0 0 175 25 50 -5 0 -5 30 0 0 -30 0 0 25 0 0 -25 0 0 0 0
0 -42 0 0 0 5 95 130 80 -90 0 0 175 25 50 -5 0 -5 30 0 0 -30 0 0 25 0 0 -25 0 0 0 0
0 -42 0 0 0 5 95 135 80 -105 0 0 175 25 50 -5 0 -5 30 0 0 -30 0 0 25 0 0 -25 0 0 0 0
0 -42 0 0 0 5 95 135 50 -105 0 0 175 25 50 -5 0 -5 30 0 0 -30 0 0 25 0 0 -25 0 0 0 0
0 -42 0 0 0 5 95 135 20 -105 0 0 175 25 50 -5 0 -5 30 0 0 -30 0 0 25 0 0 -25 0 0 0 0
0 -42 0 0 0 5 95 135 5 -105 0 0 175 25 50 -5 0 -5 30 0 0 -30 0 0 25 0 0 -25 0 0 0 0
0 -42 0 0 0 5 95 135 35 -105 0 0 175 25 50 -5 0 -5 30 0 0 -30 0 0 25 0 0 -25 0 0 0 0
0 -42 0 0 0 5 95 135 65 -105 0 0 175 25 50 -5 0 -5 30 0 0 -30 0 0 25 0 0 -25 0 0 0 0
0 -42 0 0 0 5 95 135 85 -105 0 0 175 25 50 -5 0 -5 30 0 0 -30 0 0 25 0 0 -25 0 0 0 0
0 -42 0 0 0 5 95 135 50 -105 0 0 175 25 50 -5 0 -5 30 0 0 -30 0 0 25 0 0 -25 0 0 0 0
0 -42 0 0 0 5 95 135 20 -105 0 0 175 25 50 -5 0 -5 30 0 0 -30 0 0 25 0 0 -25 0 0 0 0
0 -42 0 0 0 5 95 135 5 -105 0 0 175 25 50 -5 0 -5 30 0 0 -30 0 0 25 0 0 -25 0 0 0 0
0 -42 0 0 0 5 95 135 35 -105 0 0 175 25 50 -5 0 -5 30 0 0 -30 0 0 25 0 0 -25 0 0 0 0
0 -42 0 0 0 5 95 135 65 -105 0 0 175 25 50 -5 0 -5 30 0 0 -30 0 0 25 0 0 -25 0 0 0 0
0 -42 0 0 0 5 95 135 85 -105 0 0 175 25 50 -5 0 -5 30 0 0 -30 0 0 25 0 0 -25 0 0 0 0
0 -42 0 0 0 5 95 135 50 -105 0 0 175 25 50 -5 0 -5 30 0 0 -30 0 0 25 0 0 -25 0 0 0 0
0 -42 0 0 0 5 95 135 20 -105 0 0 175 25 50 -5 0 -5 30 0 0 -30 0 0 25 0 0 -25 0 0 0 0
0 -42 0 0 0 5 95 135 5 -105 0 0 175 25 50 -5 0 -5 30 0 0 -30 0 0 25 0 0 -25 0 0 0 0
0 -42 0 0 0 5 95 135 35 -105 0 0 175 25 50 -5 0 -5 30 0 0 -30 0 0 25 0 0 -25 0 0 0 0
0 -42 0 0 0 5 95 135 65 -105 0 0 175 25 50 -5 0 -5 30 0 0 -30 0 0 25 0 0 -25 0 0 0 0
0 -42 0 0 0 5 95 135 85 -105 0 0 175 25 50 -5 0 -5 30 0 0 -30 0 0 25 0 0 -25 0 0 0 0
0 -42 0 0 0 5 95 135 50 -105 0 0 175 25 50 -5 0 -5 30 0 0 -30 0 0 25 0 0 -25 0 0 0 0
0 -42 0 0 0 5 95 135 20 -105 0 0 175 25 50 -5 0 -5 30 0 0 -30 0 0 25 0 0 -25 0 0 0 0
0 -42 0 0 0 5 95 135 5 -105 0 0 175 25 50 -5 0 -5 30 0 0 -30 0 0 25 0 0 -25 0 0 0 0
0 -42 0 0 0 5 95 135 35 -105 0 0 175 25 50 -5 0 -5 30 0 0 -30 0 0 25 0 0 -25 0 0 0 0
0 -42 0 0 0 5 95 135 65 -105 0 0 175 25 50 -5 0 -5 30 0 0 -30 0 0 25 0 0 -25 0 0 0 0
0 -42 0 0 0 5 95 135 85 -105 0 0 175 25 50 -5 0 -5 30 0 0 -30 0 0 25 0 0 -25 0 0 0 0
0 -42 0 0 0 5 95 135 50 -105 0 0 175 25 50 -5 0 -5 30 0 0 -30 0 0 25 0 0 -25 0 0 0 0
0 -42 0 0 0 5 95 135 20 -105 0 0 175 25 50 -5 0 -5 30 0 0 -30 0 0 25 0 0 -25 0 0 0 0
0 -42 0 0 0 5 95 135 5 -105 0 0 175 25 50 -5 0 -5 30 0 0 -30 0 0 25 0 0 -25 0 0 0 0
0 -42 0 0 0 5 95 135 35 -105 0 0 175 25 50 -5 0 -5 30 0 0 -30 0 0 25 0 0 -25 0 0 0 0
0 -42 0 0 0 5 95 135 65 -105 0 0 175 25 50 -5 0 -5 30 0 0 -30 0 0 25 0 0 -25 0 0 0 0
0 -42 0 0 0 5 95 135 85 -105 0 0 175 25 50 -5 0 -5 30 0 0 -30 0 0 25 0 0 -25 0 0 0 0
0 -42 0 0 0 5 95 135 50 -105 0 0 175 25 50 -5 0 -5 30 0 0 -30 0 0 25 0 0 -25 0 0 0 0
0 -42 0 0 0 5 95 135 20 -105 0 0 175 25 50 -5 0 -5 30 0 0 -30 0 0 25 0 0 -25 0 0 0 0
0 -42 0 0 0 5 95 135 5 -105 0 0 175 25 50 -5 0 -5 30 0 0 -30 0 0 25 0 0 -25 0 0 0 0
0 -42 0 0 0 5 95 135 35 -105 0 0 175 25 50 -5 0 -5 30 0 0 -30 0 0 25 0 0 -25 0 0 0 0
0 -42 0 0 0 5 95 135 65 -105 0 0 175 25 50 -5 0 -5 30 0 0 -30 0 0 25 0 0 -25 0 0 0 0
0 -42 0 0 0 5 95 135 85 -105 0 0 175 25 50 -5 0 -5 30 0 0 -30 0 0 25 0 0 -25 0 0 0 0
0 -42 0 0 0 5 95 135 50 -105 0 0 175 25 50 -5 0 -5 30 0 0 -30 0 0 25 0 0 -25 0 0 0 0
0 -42 0 0 0 5 95 135 20 -105 0 0 175 25 50 -5 0 -5 30 0 0 -30 0 0 25 0 0 -25 0 0 0 0
0 -42 0 0 0 5 95 135 5 -105 0 0 175 25 50 -5 0 -5 30 0 0 -30 0 0 25 0 0 -25 0 0 0 0
0 -42 0 0 0 5 95 135 35 -105 0 0 175 25 50 -5 0 -5 30 0 0 -30 0 0 25 0 0 -25 0 0 0 0
0 -42 0 0 0 5 95 135 65 -105 0 0 175 25 50 -5 0 -5 30 0 0 -30 0 0 25 0 0 -25 0 0 0 0
0 -42 0 0 0 5 95 135 85 -105 0 0 175 25 50 -5 0 -5 30 0 0 -30 0 0 25 0 0 -25 0 0 0 0
0 -42 0 0 0 5 95 135 50 -105 0 0 175 25 50 -5 0 -5 30 0 0 -30 0 0 25 0 0 -25 0 0 0 0
0 -42 0 0 0 5 95 135 20 -105 0 0 175 25 50 -5 0 -5 30 0 0 -30 0 0 25 0 0 -25 0 0 0 0
0 -42 0 0 0 5 95 135 5 -105 0 0 175 25 50 -5 0 -5 30 0 0 -30 0 0 25 0 0 -25 0 0 0 0
0 -42 0 0 0 5 95 135 35 -105 0 0 175 25 50 -5 0 -5 30 0 0 -30 0 0 25 0 0 -25 0 0 0 0
0 -42 0 0 0 5 95 135 65 -105 0 0 175 25 50 -5 0 -5 30 0 0 -30 0 0 25 0 0 -25 0 0 0 0
0 -42 0 0 0 5 95 135 85 -105 0 0 175 25 50 -5 0 -5 30 0 0 -30 0 0 25 0 0 -25 0 0 0 0
0 -42 0 0 0 5 95 135 50 -105 0 0 175 25 50 -5 0 -5 30 0 0 -30 0 0 25 0 0 -25 0 0 0 0
0 -42 0 0 0 5 95 135 20 -105 0 0 175 25 50 -5 0 -5 30 0 0 -30 0 0 25 0 0 -25 0 0 0 0
0 -42 0 0 0 5 95 135 5 -105 0 0 175 25 50 -5 0 -5 30 0 0 -30 0 0 25 0 0 -25 0 0 0 0
0 -42 0 0 0 5 95 135 35 -105 0 0 175 25 50 -5 0 -5 30 0 0 -30 0 0 25 0 0 -25 0 0 0 0
0 -42 0 0 0 5 95 135 65 -105 0 0 175 25 50 -5 0 -5 30 0 0 -30 0 0 25 0 0 -25 0 0 0 0
0 -42 0 0 0 5 95 135 85 -105 0 0 175 25 50 -5 0 -5 30 0 0 -30 0 0 25 0 0 -25 0 0 0 0
0 -42 0 0 0 5 95 135 15 -105 0 0 180 -5 65 -5 0 -50 30 0 0 -30 0 0 25 0 0 -25 0 0 0 0
0 -42 0 0 0 5 80 160 15 -105 0 0 180 -40 95 -5 0 -75 30 0 0 -30 0 0 25 0 0 -25 0 0 0 0
0 -42 0 0 0 5 60 180 0 -105 0 0 150 -70 95 -5 5 -90 30 0 0 -30 0 0 25 0 0 -25 0 0 0 0
0 -42 0 0 0 5 25 180 0 -105 0 0 150 -90 95 -5 5 -60 30 0 0 -30 0 0 25 0 0 -25 0 0 0 0
0 -42 0 0 0 5 5 180 0 -90 5 0 110 -90 95 -5 5 -85 30 0 0 -30 0 0 25 0 0 -25 0 0 0 0
0 -42 0 0 0 5 -5 180 0 -100 5 0 85 -90 95 -5 5 -95 30 0 0 -30 0 0 25 0 0 -25 0 0 0 0
0 -42 0 0 0 5 -5 180 0 -100 5 0 125 -90 95 -5 5 -95 75 0 0 -75 0 0 25 0 0 -25 0 0 0 0
0 -42 0 0 0 5 -5 180 0 -100 5 0 155 -90 95 -5 5 -95 105 0 0 -105 0 0 25 0 0 -25 0 0 0 0
0 -42 0 0 0 5 -5 180 0 -100 5 0 200 -90 95 -5 5 -95 120 0 0 -130 0 0 25 0 0 -25 0 0 0 0
0 -42 0 0 0 5 -5 180 0 -100 5 0 130 -90 95 -5 5 -95 80 0 0 -85 0 0 25 0 0 -25 0 0 0 0
0 -42 0 0 0 5 -5 180 0 -100 5 0 90 -90 95 -5 5 -95 30 0 0 -30 0 0 25 0 0 -25 0 0 0 0
0 -42 0 0 0 5 40 180 0 -100 5 0 90 -90 95 -5 5 -95 30 0 0 -30 0 0 75 0 0 -70 0 0 0 0
0 -42 0 0 0 5 70 180 0 -100 5 0 90 -90 95 -5 5 -95 30 0 0 -30 0 0 110 0 0 -100 0 0 0 0
0 -42 0 0 0 5 95 180 0 -100 5 0 90 -90 95 -5 5 -95 30 0 0 -30 0 0 130 0 0 -130 0 0 0 0
0 -42 0 0 0 5 45 180 0 -100 5 0 90 -90 95 -5 5 -95 30 0 0 -30 0 0 75 0 0 -85 0 0 0 0
0 -42 0 0 0 5 -5 180 0 -100 5 0 90 -90 95 -5 5 -95 30 0 0 -30 0 0 30 0 0 -30 0 0 0 0
0 -42 0 0 0 5 -5 180 0 -100 5 0 125 -90 95 -5 5 -95 75 0 0 -75 0 0 25 0 0 -25 0 0 0 0
0 -42 0 0 0 5 -5 180 0 -100 5 0 155 -90 95 -5 5 -95 105 0 0 -105 0 0 25 0 0 -25 0 0 0 0
0 -42 0 0 0 5 -5 180 0 -100 5 0 200 -90 95 -5 5 -95 120 0 0 -130 0 0 25 0 0 -25 0 0 0 0
0 -42 0 0 0 5 -5 180 0 -100 5 0 130 -90 95 -5 5 -95 80 0 0 -85 0 0 25 0 0 -25 0 0 0 0
0 -42 0 0 0 5 -5 180 0 -100 5 0 90 -90 95 -5 5 -95 30 0 0 -30 0 0 25 0 0 -25 0 0 0 0
0 -42 0 0 0 5 40 180 0 -100 5 0 90 -90 95 -5 5 -95 30 0 0 -30 0 0 75 0 0 -70 0 0 0 0
0 -42 0 0 0 5 70 180 0 -100 5 0 90 -90 95 -5 5 -95 30 0 0 -30 0 0 110 0 0 -100 0 0 0 0
0 -42 0 0 0 5 95 180 0 -100 5 0 90 -90 95 -5 5 -95 30 0 0 -30 0 0 130 0 0 -130 0 0 0 0
0 -42 0 0 0 5 45 180 0 -100 5 0 90 -90 95 -5 5 -95 30 0 0 -30 0 0 75 0 0 -85 0 0 0 0
0 -42 0 0 0 5 -5 180 0 -100 5 0 90 -90 95 -5 5 -95 30 0 0 -30 0 0 30 0 0 -30 0 0 0 0
0 -42 0 0 0 5 -5 180 0 -100 5 0 125 -90 95 -5 5 -95 75 0 0 -75 0 0 25 0 0 -25 0 0 0 0
0 -42 0 0 0 5 -5 180 0 -100 5 0 155 -90 95 -5 5 -95 105 0 0 -105 0 0 25 0 0 -25 0 0 0 0
0 -42 0 0 0 5 -5 180 0 -100 5 0 200 -90 95 -5 5 -95 120 0 0 -130 0 0 25 0 0 -25 0 0 0 0
0 -42 0 0 0 5 -5 180 0 -100 5 0 130 -90 95 -5 5 -95 80 0 0 -85 0 0 25 0 0 -25 0 0 0 0
0 -42 0 0 0 5 -5 180 0 -100 5 0 90 -90 95 -5 5 -95 30 0 0 -30 0 0 25 0 0 -25 0 0 0 0
0 -42 0 0 0 5 40 180 0 -100 5 0 90 -90 95 -5 5 -95 30 0 0 -30 0 0 75 0 0 -70 0 0 0 0
0 -42 0 0 0 5 70 180 0 -100 5 0 90 -90 95 -5 5 -95 30 0 0 -30 0 0 110 0 0 -100 0 0 0 0
0 -42 0 0 0 5 95 180 0 -100 5 0 90 -90 95 -5 5 -95 30 0 0 -30 0 0 130 0 0 -130 0 0 0 0
0 -42 0 0 0 5 45 180 0 -100 5 0 90 -90 95 -5 5 -95 30 0 0 -30 0 0 75 0 0 -85 0 0 0 0
0 -42 0 0 0 5 -5 180 0 -100 5 0 90 -90 95 -5 5 -95 30 0 0 -30 0 0 30 0 0 -30 0 0 0 0
0 -42 0 0 0 5 -5 180 0 -100 5 0 125 -90 95 -5 5 -95 75 0 0 -75 0 0 25 0 0 -25 0 0 0 0
0 -42 0 0 0 5 -5 180 0 -100 5 0 155 -90 95 -5 5 -95 105 0 0 -105 0 0 25 0 0 -25 0 0 0 0
0 -42 0 0 0 5 -5 180 0 -100 5 0 200 -90 95 -5 5 -95 120 0 0 -130 0 0 25 0 0 -25 0 0 0 0
0 -42 0 0 0 5 -5 180 0 -100 5 0 130 -90 95 -5 5 -95 80 0 0 -85 0 0 25 0 0 -25 0 0 0 0
0 -42 0 0 0 5 -5 180 0 -100 5 0 90 -90 95 -5 5 -95 30 0 0 -30 0 0 25 0 0 -25 0 0 0 0
0 -42 0 0 0 5 40 180 0 -100 5 0 90 -90 95 -5 5 -95 30 0 0 -30 0 0 75 0 0 -70 0 0 0 0
0 -42 0 0 0 5 70 180 0 -100 5 0 90 -90 95 -5 5 -95 30 0 0 -30 0 0 110 0 0 -100 0 0 0 0
0 -42 0 0 0 5 95 180 0 -100 5 0 90 -90 95 -5 5 -95 30 0 0 -30 0 0 130 0 0 -130 0 0 0 0
0 -42 0 0 0 5 45 180 0 -100 5 0 90 -90 95 -5 5 -95 30 0 0 -30 0 0 75 0 0 -85 0 0 0 0
0 -42 0 0 0 5 -5 180 0 -100 5 0 90 -90 95 -5 5 -95 30 0 0 -30 0 0 30 0 0 -30 0 0 0 0
0 -42 0 0 0 5 -5 180 0 -100 5 0 125 -90 95 -5 5 -95 75 0 0 -75 0 0 25 0 0 -25 0 0 0 0
0 -42 0 0 0 5 -5 180 0 -100 5 0 155 -90 95 -5 5 -95 105 0 0 -105 0 0 25 0 0 -25 0 0 0 0
0 -42 0 0 0 5 -5 180 0 -100 5 0 200 -90 95 -5 5 -95 120 0 0 -130 0 0 25 0 0 -25 0 0 0 0
0 -42 0 0 0 5 -5 180 0 -100 5 0 130 -90 95 -5 5 -95 80 0 0 -85 0 0 25 0 0 -25 0 0 0 0
0 -42 0 0 0 5 -5 180 0 -100 5 0 90 -90 95 -5 5 -95 30 0 0 -30 0 0 25 0 0 -25 0 0 0 0
0 -42 0 0 0 5 40 180 0 -100 5 0 90 -90 95 -5 5 -95 30 0 0 -30 0 0 75 0 0 -70 0 0 0 0
0 -42 0 0 0 5 70 180 0 -100 5 0 90 -90 95 -5 5 -95 30 0 0 -30 0 0 110 0 0 -100 0 0 0 0
0 -42 0 0 0 5 95 180 0 -100 5 0 90 -90 95 -5 5 -95 30 0 0 -30 0 0 130 0 0 -130 0 0 0 0
0 -42 0 0 0 5 45 180 0 -100 5 0 90 -90 95 -5 5 -95 30 0 0 -30 0 0 75 0 0 -85 0 0 0 0
0 -42 0 0 0 5 -5 180 0 -100 5 0 90 -90 95 -5 5 -95 30 0 0 -30 0 0 30 0 0 -30 0 0 0 0
0 -42 0 0 0 5 -5 180 0 -100 5 0 125 -90 95 -5 5 -95 75 0 0 -75 0 0 25 0 0 -25 0 0 0 0
0 -42 0 0 0 5 -5 180 0 -100 5 0 155 -90 95 -5 5 -95 105 0 0 -105 0 0 25 0 0 -25 0 0 0 0
0 -42 0 0 0 5 -5 180 0 -100 5 0 200 -90 95 -5 5 -95 120 0 0 -130 0 0 25 0 0 -25 0 0 0 0
0 -42 0 0 0 5 -5 180 0 -100 5 0 130 -90 95 -5 5 -95 80 0 0 -85 0 0 25 0 0 -25 0 0 0 0
0 -42 0 0 0 5 -5 180 0 -100 5 0 90 -90 95 -5 5 -95 30 0 0 -30 0 0 25 0 0 -25 0 0 0 0
0 -42 0 0 0 5 40 180 0 -100 5 0 90 -90 95 -5 5 -95 30 0 0 -30 0 0 75 0 0 -70 0 0 0 0
0 -42 0 0 0 5 70 180 0 -100 5 0 90 -90 95 -5 5 -95 30 0 0 -30 0 0 110 0 0 -100 0 0 0 0
0 -42 0 0 0 5 95 180 0 -100 5 0 90 -90 95 -5 5 -95 30 0 0 -30 0 0 130 0 0 -130 0 0 0 0
0 -42 0 0 0 5 45 180 0 -100 5 0 90 -90 95 -5 5 -95 30 0 0 -30 0 0 75 0 0 -85 0 0 0 0
0 -42 0 0 0 5 -5 180 0 -100 5 0 90 -90 95 -5 5 -95 30 0 0 -30 0 0 30 0 0 -30 0 0 0 0
0 -42 0 0 0 5 -5 180 0 -100 5 0 125 -90 95 -5 5 -95 75 0 0 -75 0 0 25 0 0 -25 0 0 0 0
0 -42 0 0 0 5 -5 180 0 -100 5 0 155 -90 95 -5 5 -95 105 0 0 -105 0 0 25 0 0 -25 0 0 0 0
0 -42 0 0 0 5 -5 180 0 -100 5 0 200 -90 95 -5 5 -95 120 0 0 -130 0 0 25 0 0 -25 0 0 0 0
0 -42 0 0 0 5 -5 180 0 -100 5 0 130 -90 95 -5 5 -95 80 0 0 -85 0 0 25 0 0 -25 0 0 0 0
0 -42 0 0 0 5 -5 180 0 -100 5 0 90 -90 95 -5 5 -95 30 0 0 -30 0 0 25 0 0 -25 0 0 0 0
0 -42 0 0 0 5 40 180 0 -100 5 0 90 -90 95 -5 5 -95 30 0 0 -30 0 0 75 0 0 -70 0 0 0 0
0 -42 0 0 0 5 70 180 0 -100 5 0 90 -90 95 -5 5 -95 30 0 0 -30 0 0 110 0 0 -100 0 0 0 0
0 -42 0 0 0 5 95 180 0 -100 5 0 90 -90 95 -5 5 -95 30 0 0 -30 0 0 130 0 0 -130 0 0 0 0
0 -42 0 0 0 5 45 180 0 -100 5 0 90 -90 95 -5 5 -95 30 0 0 -30 0 0 75 0 0 -85 0 0 0 0
0 -42 0 0 0 5 -5 180 0 -100 5 0 90 -90 95 -5 5 -95 30 0 0 -30 0 0 30 0 0 -30 0 0 0 0
0 -42 0 0 0 5 -5 180 0 -100 5 0 125 -90 95 -5 5 -95 75 0 0 -75 0 0 25 0 0 -25 0 0 0 0
0 -42 0 0 0 5 -5 180 0 -100 5 0 155 -90 95 -5 5 -95 105 0 0 -105 0 0 25 0 0 -25 0 0 0 0
0 -42 0 0 0 5 -5 180 0 -100 5 0 200 -90 95 -5 5 -95 120 0 0 -130 0 0 25 0 0 -25 0 0 0 0
0 -42 0 0 0 5 -5 180 0 -100 5 0 130 -90 95 -5 5 -95 80 0 0 -85 0 0 25 0 0 -25 0 0 0 0
0 -42 0 0 0 5 -5 180 0 -100 5 0 90 -90 95 -5 5 -95 30 0 0 -30 0 0 25 0 0 -25 0 0 0 0
0 -42 0 0 0 5 40 180 0 -100 5 0 90 -90 95 -5 5 -95 30 0 0 -30 0 0 75 0 0 -70 0 0 0 0
0 -42 0 0 0 5 70 180 0 -100 5 0 90 -90 95 -5 5 -95 30 0 0 -30 0 0 110 0 0 -100 0 0 0 0
0 -42 0 0 0 5 95 180 0 -100 5 0 90 -90 95 -5 5 -95 30 0 0 -30 0 0 130 0 0 -130 0 0 0 0
0 -42 0 0 0 5 45 180 0 -100 5 0 90 -90 95 -5 5 -95 30 0 0 -30 0 0 75 0 0 -85 0 0 0 0
0 -42 0 0 0 5 -5 180 0 -100 5 0 90 -90 95 -5 5 -95 30 0 0 -30 0 0 30 0 0 -30 0 0 0 0
0 -42 0 0 0 5 -5 180 0 -100 5 0 125 -90 95 -5 5 -95 75 0 0 -75 0 0 25 0 0 -25 0 0 0 0
0 -42 0 0 0 5 -5 180 0 -100 5 0 155 -90 95 -5 5 -95 105 0 0 -105 0 0 25 0 0 -25 0 0 0 0
0 -42 0 0 0 5 -5 180 0 -100 5 0 200 -90 95 -5 5 -95 120 0 0 -130 0 0 25 0 0 -25 0 0 0 0
0 -42 0 0 0 5 -5 180 0 -100 5 0 130 -90 95 -5 5 -95 80 0 0 -85 0 0 25 0 0 -25 0 0 0 0
0 -42 0 0 0 5 -5 180 0 -100 5 0 90 -90 95 -5 5 -95 30 0 0 -30 0 0 25 0 0 -25 0 0 0 0
0 -42 0 0 0 5 40 180 0 -100 5 0 90 -90 95 -5 5 -95 30 0 0 -30 0 0 75 0 0 -70 0 0 0 0
0 -42 0 0 0 5 70 180 0 -100 5 0 90 -90 95 -5 5 -95 30 0 0 -30 0 0 110 0 0 -100 0 0 0 0
0 -42 0 0 0 5 95 180 0 -100 5 0 90 -90 95 -5 5 -95 30 0 0 -30 0 0 130 0 0 -130 0 0 0 0
0 -42 0 0 0 5 45 180 0 -100 5 0 90 -90 95 -5 5 -95 30 0 0 -30 0 0 75 0 0 -85 0 0 0 0
0 -42 0 0 0 5 -5 180 0 -100 5 0 90 -90 95 -5 5 -95 30 0 0 -30 0 0 30 0 0 -30 0 0 0 0
0 -42 0 0 0 5 -5 180 0 -100 5 0 125 -90 95 -5 5 -95 75 0 0 -75 0 0 25 0 0 -25 0 0 0 0
0 -42 0 0 0 5 -5 180 0 -100 5 0 155 -90 95 -5 5 -95 105 0 0 -105 0 0 25 0 0 -25 0 0 0 0
0 -42 0 0 0 5 -5 180 0 -100 5 0 200 -90 95 -5 5 -95 120 0 0 -130 0 0 25 0 0 -25 0 0 0 0
0 -42 0 0 0 5 -5 180 0 -100 5 0 130 -90 95 -5 5 -95 80 0 0 -85 0 0 25 0 0 -25 0 0 0 0
0 -42 0 0 0 5 -5 180 0 -100 5 0 90 -90 95 -5 5 -95 30 0 0 -30 0 0 25 0 0 -25 0 0 0 0
0 -42 0 0 0 5 40 180 0 -100 5 0 90 -90 95 -5 5 -95 30 0 0 -30 0 0 75 0 0 -70 0 0 0 0
0 -42 0 0 0 5 70 180 0 -100 5 0 90 -90 95 -5 5 -95 30 0 0 -30 0 0 110 0 0 -100 0 0 0 0
0 -42 0 0 0 5 95 180 0 -100 5 0 90 -90 95 -5 5 -95 30 0 0 -30 0 0 130 0 0 -130 0 0 0 0
0 -42 0 0 0 5 45 180 0 -100 5 0 90 -90 95 -5 5 -95 30 0 0 -30 0 0 75 0 0 -85 0 0 0 0
0 -42 0 0 0 5 -5 180 0 -100 5 0 90 -90 95 -5 5 -95 30 0 0 -30 0 0 30 0 0 -30 0 0 0 0
0 -42 0 0 0 5 -5 180 0 -100 5 0 125 -90 95 -5 5 -95 75 0 0 -75 0 0 25 0 0 -25 0 0 0 0
0 -42 0 0 0 5 -5 180 0 -100 5 0 155 -90 95 -5 5 -95 105 0 0 -105 0 0 25 0 0 -25 0 0 0 0
0 -42 0 0 0 5 -5 180 0 -100 5 0 200 -90 95 -5 5 -95 120 0 0 -130 0 0 25 0 0 -25 0 0 0 0
0 -42 0 0 0 5 -5 180 0 -100 5 0 130 -90 95 -5 5 -95 80 0 0 -85 0 0 25 0 0 -25 0 0 0 0
0 -42 0 0 0 5 -5 180 0 -100 5 0 90 -90 95 -5 5 -95 30 0 0 -30 0 0 25 0 0 -25 0 0 0 0
0 -42 0 0 0 5 40 180 0 -100 5 0 90 -90 95 -5 5 -95 30 0 0 -30 0 0 75 0 0 -70 0 0 0 0
0 -42 0 0 0 5 70 180 0 -100 5 0 90 -90 95 -5 5 -95 30 0 0 -30 0 0 110 0 0 -100 0 0 0 0
0 -42 0 0 0 5 95 180 0 -100 5 0 90 -90 95 -5 5 -95 30 0 0 -30 0 0 130 0 0 -130 0 0 0 0
0 -42 0 0 0 5 45 180 0 -100 5 0 90 -90 95 -5 5 -95 30 0 0 -30 0 0 75 0 0 -85 0 0 0 0
0 -42 0 0 0 5 -5 180 0 -100 5 0 90 -90 95 -5 5 -95 30 0 0 -30 0 0 30 0 0 -30 0 0 0 0
0 -42 0 0 0 5 -5 180 0 -100 5 0 125 -90 95 -5 5 -95 75 0 0 -75 0 0 25 0 0 -25 0 0 0 0
0 -42 0 0 0 5 -5 180 0 -100 5 0 155 -90 95 -5 5 -95 105 0 0 -105 0 0 25 0 0 -25 0 0 0 0
0 -42 0 0 0 5 -5 180 0 -100 5 0 200 -90 95 -5 5 -95 120 0 0 -130 0 0 25 0 0 -25 0 0 0 0
0 -42 0 0 0 5 -5 180 0 -100 5 0 130 -90 95 -5 5 -95 80 0 0 -85 0 0 25 0 0 -25 0 0 0 0
0 -42 0 0 0 5 -5 180 0 -100 5 0 90 -90 95 -5 5 -95 30 0 0 -30 0 0 25 0 0 -25 0 0 0 0
0 -42 0 0 0 5 40 180 0 -100 5 0 90 -90 95 -5 5 -95 30 0 0 -30 0 0 75 0 0 -70 0 0 0 0
0 -42 0 0 0 5 70 180 0 -100 5 0 90 -90 95 -5 5 -95 30 0 0 -30 0 0 110 0 0 -100 0 0 0 0
0 -42 0 0 0 5 95 180 0 -100 5 0 90 -90 95 -5 5 -95 30 0 0 -30 0 0 130 0 0 -130 0 0 0 0
0 -42 0 0 0 5 45 180 0 -100 5 0 90 -90 95 -5 5 -95 30 0 0 -30 0 0 75 0 0 -85 0 0 0 0
0 -42 0 0 0 5 -5 180 0 -100 5 0 90 -90 95 -5 5 -95 30 0 0 -30 0 0 30 0 0 -30 0 0 0 0
0 -42 0 0 0 5 -5 180 0 -100 5 0 125 -90 95 -5 5 -95 75 0 0 -75 0 0 25 0 0 -25 0 0 0 0
0 -42 0 0 0 5 -5 180 0 -100 5 0 155 -90 95 -5 5 -95 105 0 0 -105 0 0 25 0 0 -25 0 0 0 0
0 -42 0 0 0 5 -5 180 0 -100 5 0 200 -90 95 -5 5 -95 120 0 0 -130 0 0 25 0 0 -25 0 0 0 0
0 -42 0 0 0 5 -5 180 0 -100 5 0 130 -90 95 -5 5 -95 80 0 0 -85 0 0 25 0 0 -25 0 0 0 0
0 -42 0 0 0 5 -5 180 0 -100 5 0 90 -90 95 -5 5 -95 30 0 0 -30 0 0 25 0 0 -25 0 0 0 0
0 -42 0 0 0 5 40 180 0 -100 5 0 90 -90 95 -5 5 -95 30 0 0 -30 0 0 75 0 0 -70 0 0 0 0
0 -42 0 0 0 5 70 180 0 -100 5 0 90 -90 95 -5 5 -95 30 0 0 -30 0 0 110 0 0 -100 0 0 0 0
0 -42 0 0 0 5 95 180 0 -100 5 0 90 -90 95 -5 5 -95 30 0 0 -30 0 0 130 0 0 -130 0 0 0 0
0 -42 0 0 0 5 45 180 0 -100 5 0 90 -90 95 -5 5 -95 30 0 0 -30 0 0 75 0 0 -85 0 0 0 0
0 -42 0 0 0 5 -5 180 0 -100 5 0 90 -90 95 -5 5 -95 30 0 0 -30 0 0 30 0 0 -30 0 0 0 0
0 -42 0 0 0 5 45 180 0 -100 5 0 135 -90 95 -5 5 -95 30 0 0 -30 0 0 30 0 0 -30 0 0 0 0
0 -42 0 0 0 5 45 180 0 -135 5 0 135 -90 95 -5 5 -125 30 0 0 -30 0 0 30 0 0 -30 0 0 0 0
0 -42 0 0 0 5 45 180 0 -135 5 0 170 -90 95 -5 5 -20 30 0 0 -30 0 0 30 0 0 -30 0 0 0 0
0 -42 0 0 0 5 45 180 0 -135 5 0 120 -90 95 -5 5 -145 30 0 0 -30 0 0 30 0 0 -30 0 0 0 0
0 -42 0 0 0 5 90 180 0 -25 5 0 120 -90 95 -5 5 -145 30 0 0 -30 0 0 30 0 0 -30 0 0 0 0
0 -42 0 0 0 5 25 180 0 -165 5 0 120 -90 95 -5 5 -145 30 0 0 -30 0 0 30 0 0 -30 0 0 0 0
0 -42 0 0 0 5 45 180 0 -135 5 0 170 -90 95 -5 5 -20 30 0 0 -30 0 0 30 0 0 -30 0 0 0 0
0 -42 0 0 0 5 45 180 0 -135 5 0 120 -90 95 -5 5 -145 30 0 0 -30 0 0 30 0 0 -30 0 0 0 0
0 -42 0 0 0 5 90 180 0 -25 5 0 120 -90 95 -5 5 -145 30 0 0 -30 0 0 30 0 0 -30 0 0 0 0
0 -42 0 0 0 5 25 180 0 -165 5 0 120 -90 95 -5 5 -145 30 0 0 -30 0 0 30 0 0 -30 0 0 0 0
0 -42 0 0 0 5 45 180 0 -135 5 0 170 -90 95 -5 5 -20 30 0 0 -30 0 0 30 0 0 -30 0 0 0 0
0 -42 0 0 0 5 45 180 0 -135 5 0 120 -90 95 -5 5 -145 30 0 0 -30 0 0 30 0 0 -30 0 0 0 0
0 -42 0 0 0 5 90 180 0 -25 5 0 120 -90 95 -5 5 -145 30 0 0 -30 0 0 30 0 0 -30 0 0 0 0
0 -42 0 0 0 5 25 180 0 -165 5 0 120 -90 95 -5 5 -145 30 0 0 -30 0 0 30 0 0 -30 0 0 0 0
0 -42 0 0 0 5 45 180 0 -135 5 0 170 -90 95 -5 5 -20 30 0 0 -30 0 0 30 0 0 -30 0 0 0 0
0 -42 0 0 0 5 45 180 0 -135 5 0 120 -90 95 -5 5 -145 30 0 0 -30 0 0 30 0 0 -30 0 0 0 0
0 -42 0 0 0 5 90 180 0 -25 5 0 120 -90 95 -5 5 -145 30 0 0 -30 0 0 30 0 0 -30 0 0 0 0
0 -42 0 0 0 5 25 180 0 -165 5 0 120 -90 95 -5 5 -145 30 0 0 -30 0 0 30 0 0 -30 0 0 0 0
0 -42 0 0 0 5 45 180 0 -135 5 0 170 -90 95 -5 5 -20 30 0 0 -30 0 0 30 0 0 -30 0 0 0 0
0 -42 0 0 0 5 45 180 0 -135 5 0 120 -90 95 -5 5 -145 30 0 0 -30 0 0 30 0 0 -30 0 0 0 0
0 -42 0 0 0 5 90 180 0 -25 5 0 120 -90 95 -5 5 -145 30 0 0 -30 0 0 30 0 0 -30 0 0 0 0
0 -42 0 0 0 5 25 180 0 -165 5 0 120 -90 95 -5 5 -145 30 0 0 -30 0 0 30 0 0 -30 0 0 0 0
0 -42 0 0 0 5 45 180 0 -135 5 0 170 -90 95 -5 5 -20 30 0 0 -30 0 0 30 0 0 -30 0 0 0 0
0 -42 0 0 0 5 45 180 0 -135 5 0 120 -90 95 -5 5 -145 30 0 0 -30 0 0 30 0 0 -30 0 0 0 0
0 -42 0 0 0 5 90 180 0 -25 5 0 120 -90 95 -5 5 -145 30 0 0 -30 0 0 30 0 0 -30 0 0 0 0
0 -42 0 0 0 5 25 180 0 -165 5 0 120 -90 95 -5 5 -145 30 0 0 -30 0 0 30 0 0 -30 0 0 0 0
0 -42 0 0 0 5 45 180 0 -135 5 0 170 -90 95 -5 5 -20 30 0 0 -30 0 0 30 0 0 -30 0 0 0 0
0 -42 0 0 0 5 45 180 0 -135 5 0 120 -90 95 -5 5 -145 30 0 0 -30 0 0 30 0 0 -30 0 0 0 0
0 -42 0 0 0 5 90 180 0 -25 5 0 120 -90 95 -5 5 -145 30 0 0 -30 0 0 30 0 0 -30 0 0 0 0
0 -42 0 0 0 5 25 180 0 -165 5 0 120 -90 95 -5 5 -145 30 0 0 -30 0 0 30 0 0 -30 0 0 0 0
0 -42 0 0 0 5 45 180 0 -135 5 0 170 -90 95 -5 5 -20 30 0 0 -30 0 0 30 0 0 -30 0 0 0 0
0 -42 0 0 0 5 45 180 0 -135 5 0 120 -90 95 -5 5 -145 30 0 0 -30 0 0 30 0 0 -30 0 0 0 0
0 -42 0 0 0 5 90 180 0 -25 5 0 120 -90 95 -5 5 -145 30 0 0 -30 0 0 30 0 0 -30 0 0 0 0
0 -42 0 0 0 5 25 180 0 -165 5 0 120 -90 95 -5 5 -145 30 0 0 -30 0 0 30 0 0 -30 0 0 0 0
0 -42 0 0 0 5 45 180 0 -135 5 0 170 -90 95 -5 5 -20 30 0 0 -30 0 0 30 0 0 -30 0 0 0 0
0 -42 0 0 0 5 45 180 0 -135 5 0 120 -90 95 -5 5 -145 30 0 0 -30 0 0 30 0 0 -30 0 0 0 0
0 -42 0 0 0 5 90 180 0 -25 5 0 120 -90 95 -5 5 -145 30 0 0 -30 0 0 30 0 0 -30 0 0 0 0
0 -42 0 0 0 5 25 180 0 -165 5 0 120 -90 95 -5 5 -145 30 0 0 -30 0 0 30 0 0 -30 0 0 0 0
0 -42 0 0 0 5 45 180 0 -135 5 0 170 -90 95 -5 5 -20 30 0 0 -30 0 0 30 0 0 -30 0 0 0 0
0 -42 0 0 0 5 25 180 0 -165 5 0 120 -90 95 -5 5 -145 30 0 0 -30 0 0 95 0 0 -95 0 0 0 0
0 -42 0 0 0 5 25 180 0 -165 5 0 120 -90 95 -5 5 -145 30 0 0 -30 0 0 115 0 0 -25 0 0 0 0
0 -42 0 0 0 5 25 180 0 -165 5 0 120 -90 95 -5 5 -145 30 0 0 -30 0 0 60 0 0 -60 0 0 0 0
0 -42 0 0 0 5 25 180 0 -165 5 0 120 -90 95 -5 5 -145 30 0 0 -30 0 0 30 0 0 -25 0 0 0 0
0 -42 0 0 0 5 45 180 0 -135 5 0 120 -90 95 -5 5 -145 30 0 0 -30 0 0 30 0 0 -30 0 0 0 0
0 -42 0 0 0 5 90 180 0 -25 5 0 120 -90 95 -5 5 -145 30 0 0 -30 0 0 30 0 0 -30 0 0 0 0
0 -42 0 0 0 5 25 180 0 -165 5 0 120 -90 95 -5 5 -145 30 0 0 -30 0 0 30 0 0 -30 0 0 0 0
0 -42 0 0 0 5 45 180 0 -135 5 0 170 -90 95 -5 5 -20 30 0 0 -30 0 0 30 0 0 -30 0 0 0 0
0 -42 0 0 0 5 45 180 0 -135 5 0 120 -90 95 -5 5 -145 30 0 0 -30 0 0 30 0 0 -30 0 0 0 0
0 -42 0 0 0 5 90 180 0 -25 5 0 120 -90 95 -5 5 -145 30 0 0 -30 0 0 30 0 0 -30 0 0 0 0
0 -42 0 0 0 5 25 180 0 -165 5 0 120 -90 95 -5 5 -145 30 0 0 -30 0 0 30 0 0 -30 0 0 0 0
0 -42 0 0 0 5 45 180 0 -135 5 0 170 -90 95 -5 5 -20 30 0 0 -30 0 0 30 0 0 -30 0 0 0 0
0 -42 0 0 0 5 45 180 0 -135 5 0 120 -90 95 -5 5 -145 30 0 0 -30 0 0 30 0 0 -30 0 0 0 0
0 -42 0 0 0 5 90 180 0 -25 5 0 120 -90 95 -5 5 -145 30 0 0 -30 0 0 30 0 0 -30 0 0 0 0
0 -42 0 0 0 5 25 180 0 -165 5 0 120 -90 95 -5 5 -145 30 0 0 -30 0 0 30 0 0 -30 0 0 0 0
0 -42 0 0 0 5 45 180 0 -135 5 0 170 -90 95 -5 5 -20 30 0 0 -30 0 0 30 0 0 -30 0 0 0 0
0 -42 0 0 0 5 25 180 0 -165 5 0 120 -90 95 -5 5 -145 30 0 0 -30 0 0 95 0 0 -95 0 0 0 0
0 -42 0 0 0 5 25 180 0 -165 5 0 120 -90 95 -5 5 -145 30 0 0 -30 0 0 115 0 0 -25 0 0 0 0
0 -42 0 0 0 5 25 180 0 -165 5 0 120 -90 95 -5 5 -145 30 0 0 -30 0 0 60 0 0 -60 0 0 0 0
0 -42 0 0 0 5 25 180 0 -165 5 0 120 -90 95 -5 5 -145 30 0 0 -30 0 0 30 0 0 -25 0 0 0 0
0 -42 0 0 0 5 45 180 0 -135 5 0 170 -90 95 -5 5 -20 30 0 0 -30 0 0 30 0 0 -30 0 0 0 0
0 -42 0 0 0 5 45 180 0 -135 5 0 120 -90 95 -5 5 -145 30 0 0 -30 0 0 30 0 0 -30 0 0 0 0
0 -42 0 0 0 5 90 180 0 -25 5 0 120 -90 95 -5 5 -145 30 0 0 -30 0 0 30 0 0 -30 0 0 0 0
0 -42 0 0 0 5 25 180 0 -165 5 0 120 -90 95 -5 5 -145 30 0 0 -30 0 0 30 0 0 -30 0 0 0 0
0 -42 0 0 0 5 45 180 0 -135 5 0 170 -90 95 -5 5 -20 30 0 0 -30 0 0 30 0 0 -30 0 0 0 0
0 -42 0 0 0 5 45 180 0 -135 5 0 120 -90 95 -5 5 -145 30 0 0 -30 0 0 30 0 0 -30 0 0 0 0
0 -42 0 0 0 5 90 180 0 -25 5 0 120 -90 95 -5 5 -145 30 0 0 -30 0 0 30 0 0 -30 0 0 0 0
0 -42 0 0 0 5 25 180 0 -165 5 0 120 -90 95 -5 5 -145 30 0 0 -30 0 0 30 0 0 -30 0 0 0 0
0 -42 0 0 0 5 45 180 0 -135 5 0 170 -90 95 -5 5 -20 30 0 0 -30 0 0 30 0 0 -30 0 0 0 0
0 -42 0 0 0 5 45 180 0 -135 5 0 120 -90 95 -5 5 -145 30 0 0 -30 0 0 30 0 0 -30 0 0 0 0
0 -42 0 0 0 5 90 180 0 -25 5 0 120 -90 95 -5 5 -145 30 0 0 -30 0 0 30 0 0 -30 0 0 0 0
0 -42 0 0 0 5 25 180 0 -165 5 0 120 -90 95 -5 5 -145 30 0 0 -30 0 0 30 0 0 -30 0 0 0 0
0 -42 0 0 0 5 45 180 0 -135 5 0 170 -90 95 -5 5 -20 30 0 0 -30 0 0 30 0 0 -30 0 0 0 0
0 -42 0 0 0 5 45 180 0 -135 5 0 120 -90 95 -5 5 -145 30 0 0 -30 0 0 30 0 0 -30 0 0 0 0
0 -42 0 0 0 5 90 180 0 -25 5 0 120 -90 95 -5 5 -145 30 0 0 -30 0 0 30 0 0 -30 0 0 0 0
0 -42 0 0 0 5 25 180 0 -165 5 0 120 -90 95 -5 5 -145 30 0 0 -30 0 0 30 0 0 -30 0 0 0 0
0 -42 0 0 0 5 45 180 0 -135 5 0 170 -90 95 -5 5 -20 30 0 0 -30 0 0 30 0 0 -30 0 0 0 0
0 -42 0 0 0 5 45 180 0 -135 5 0 120 -90 95 -5 5 -145 30 0 0 -30 0 0 30 0 0 -30 0 0 0 0
0 -42 0 0 0 5 90 180 0 -25 5 0 120 -90 95 -5 5 -145 30 0 0 -30 0 0 30 0 0 -30 0 0 0 0
0 -42 0 0 0 5 25 180 0 -165 5 0 120 -90 95 -5 5 -145 30 0 0 -30 0 0 30 0 0 -30 0 0 0 0
0 -42 0 0 0 5 45 180 0 -135 5 0 170 -90 95 -5 5 -20 30 0 0 -30 0 0 30 0 0 -30 0 0 0 0
0 -42 0 0 0 5 45 180 0 -135 5 0 120 -90 95 -5 5 -145 30 0 0 -30 0 0 30 0 0 -30 0 0 0 0
0 -42 0 0 0 5 90 180 0 -25 5 0 120 -90 95 -5 5 -145 30 0 0 -30 0 0 30 0 0 -30 0 0 0 0
0 -42 0 0 0 5 25 180 0 -165 5 0 120 -90 95 -5 5 -145 30 0 0 -30 0 0 30 0 0 -30 0 0 0 0
0 -42 0 0 0 5 45 180 0 -135 5 0 170 -90 95 -5 5 -20 30 0 0 -30 0 0 30 0 0 -30 0 0 0 0
0 -42 0 0 0 5 45 180 0 -135 5 0 120 -90 95 -5 5 -145 30 0 0 -30 0 0 30 0 0 -30 0 0 0 0
0 -42 0 0 0 5 90 180 0 -25 5 0 120 -90 95 -5 5 -145 30 0 0 -30 0 0 30 0 0 -30 0 0 0 0
0 -42 0 0 0 5 25 180 0 -165 5 0 120 -90 95 -5 5 -145 30 0 0 -30 0 0 30 0 0 -30 0 0 0 0
0 -42 0 0 0 5 45 180 0 -135 5 0 170 -90 95 -5 5 -20 30 0 0 -30 0 0 30 0 0 -30 0 0 0 0
0 -42 0 0 0 5 45 180 0 -135 5 0 120 -90 95 -5 5 -145 30 0 0 -30 0 0 30 0 0 -30 0 0 0 0
0 -42 0 0 0 5 90 180 0 -25 5 0 120 -90 95 -5 5 -145 30 0 0 -30 0 0 30 0 0 -30 0 0 0 0
0 -42 0 0 0 5 25 180 0 -165 5 0 120 -90 95 -5 5 -145 30 0 0 -30 0 0 30 0 0 -30 0 0 0 0
0 -42 0 0 0 5 45 180 0 -135 5 0 170 -90 95 -5 5 -20 30 0 0 -30 0 0 30 0 0 -30 0 0 0 0
0 -42 0 0 0 5 45 180 0 -135 5 0 120 -90 95 -5 5 -145 30 0 0 -30 0 0 30 0 0 -30 0 0 0 0
0 -42 0 0 0 5 90 180 0 -25 5 0 120 -90 95 -5 5 -145 30 0 0 -30 0 0 30 0 0 -30 0 0 0 0
0 -42 0 0 0 5 25 180 0 -165 5 0 120 -90 95 -5 5 -145 30 0 0 -30 0 0 30 0 0 -30 0 0 0 0
0 -42 0 0 0 5 45 180 0 -135 5 0 170 -90 95 -5 5 -20 30 0 0 -30 0 0 30 0 0 -30 0 0 0 0
0 -42 0 0 0 5 45 180 0 -135 5 0 120 -90 95 -5 5 -145 30 0 0 -30 0 0 30 0 0 -30 0 0 0 0
0 -42 0 0 0 5 90 180 0 -25 5 0 120 -90 95 -5 5 -145 30 0 0 -30 0 0 30 0 0 -30 0 0 0 0
0 -42 0 0 0 5 25 180 0 -165 5 0 120 -90 95 -5 5 -145 30 0 0 -30 0 0 30 0 0 -30 0 0 0 0
0 -42 0 0 0 5 45 180 0 -135 5 0 170 -90 95 -5 5 -20 30 0 0 -30 0 0 30 0 0 -30 0 0 0 0
0 -42 0 0 0 5 45 180 0 -135 5 0 120 -90 95 -5 5 -145 30 0 0 -30 0 0 30 0 0 -30 0 0 0 0
0 -42 0 0 0 5 90 180 0 -25 5 0 120 -90 95 -5 5 -145 30 0 0 -30 0 0 30 0 0 -30 0 0 0 0
0 -42 0 0 0 5 25 180 0 -165 5 0 120 -90 95 -5 5 -145 30 0 0 -30 0 0 30 0 0 -30 0 0 0 0
0 -42 0 0 0 5 45 180 0 -135 5 0 170 -90 95 -5 5 -20 30 0 0 -30 0 0 30 0 0 -30 0 0 0 0
0 -42 0 0 0 5 25 180 0 -165 5 0 120 -90 95 -5 5 -145 30 0 0 -30 0 0 95 0 0 -95 0 0 0 0
0 -42 0 0 0 5 25 180 0 -165 5 0 120 -90 95 -5 5 -145 30 0 0 -30 0 0 115 0 0 -25 0 0 0 0
0 -42 0 0 0 5 25 180 0 -165 5 0 120 -90 95 -5 5 -145 30 0 0 -30 0 0 60 0 0 -60 0 0 0 0
0 -42 0 0 0 5 25 180 0 -165 5 0 120 -90 95 -5 5 -145 30 0 0 -30 0 0 30 0 0 -25 0 0 0 0
0 -42 0 0 0 5 45 180 0 -135 5 0 120 -90 95 -5 5 -145 30 0 0 -30 0 0 30 0 0 -30 0 0 0 0
0 -42 0 0 0 5 90 180 0 -25 5 0 120 -90 95 -5 5 -145 30 0 0 -30 0 0 30 0 0 -30 0 0 0 0
0 -42 0 0 0 5 25 180 0 -165 5 0 120 -90 95 -5 5 -145 30 0 0 -30 0 0 30 0 0 -30 0 0 0 0
0 -42 0 0 0 5 45 180 0 -135 5 0 170 -90 95 -5 5 -20 30 0 0 -30 0 0 30 0 0 -30 0 0 0 0
0 -42 0 0 0 5 45 180 0 -135 5 0 120 -90 95 -5 5 -145 30 0 0 -30 0 0 30 0 0 -30 0 0 0 0
0 -42 0 0 0 5 90 180 0 -25 5 0 120 -90 95 -5 5 -145 30 0 0 -30 0 0 30 0 0 -30 0 0 0 0
0 -42 0 0 0 5 25 180 0 -165 5 0 120 -90 95 -5 5 -145 30 0 0 -30 0 0 30 0 0 -30 0 0 0 0
0 -42 0 0 0 5 45 180 0 -135 5 0 170 -90 95 -5 5 -20 30 0 0 -30 0 0 30 0 0 -30 0 0 0 0
0 -42 0 0 0 5 45 180 0 -135 5 0 120 -90 95 -5 5 -145 30 0 0 -30 0 0 30 0 0 -30 0 0 0 0
0 -42 0 0 0 5 90 180 0 -25 5 0 120 -90 95 -5 5 -145 30 0 0 -30 0 0 30 0 0 -30 0 0 0 0
0 -42 0 0 0 5 25 180 0 -165 5 0 120 -90 95 -5 5 -145 30 0 0 -30 0 0 30 0 0 -30 0 0 0 0
0 -42 0 0 0 5 45 180 0 -135 5 0 170 -90 95 -5 5 -20 30 0 0 -30 0 0 30 0 0 -30 0 0 0 0
0 -42 0 0 0 5 25 180 0 -165 5 0 120 -90 95 -5 5 -145 30 0 0 -30 0 0 95 0 0 -95 0 0 0 0
0 -42 0 0 0 5 25 180 0 -165 5 0 120 -90 95 -5 5 -145 30 0 0 -30 0 0 115 0 0 -25 0 0 0 0
0 -42 0 0 0 5 25 180 0 -165 5 0 120 -90 95 -5 5 -145 30 0 0 -30 0 0 60 0 0 -60 0 0 0 0
0 -42 0 0 0 5 25 180 0 -165 5 0 120 -90 95 -5 5 -145 30 0 0 -30 0 0 30 0 0 -25 0 0 0 0
0 -42 0 0 0 5 45 180 0 -135 5 0 120 -90 95 -5 5 -145 30 0 0 -30 0 0 30 0 0 -30 0 0 0 0
0 -42 0 0 0 5 90 180 0 -25 5 0 120 -90 95 -5 5 -145 30 0 0 -30 0 0 30 0 0 -30 0 0 0 0
0 -42 0 0 0 5 25 180 0 -165 5 0 120 -90 95 -5 5 -145 30 0 0 -30 0 0 30 0 0 -30 0 0 0 0
0 -42 0 0 0 5 45 180 0 -135 5 0 170 -90 95 -5 5 -20 30 0 0 -30 0 0 30 0 0 -30 0 0 0 0
0 -42 0 0 0 5 45 180 0 -135 5 0 120 -90 95 -5 5 -145 30 0 0 -30 0 0 30 0 0 -30 0 0 0 0
0 -42 0 0 0 5 90 180 0 -25 5 0 120 -90 95 -5 5 -145 30 0 0 -30 0 0 30 0 0 -30 0 0 0 0
0 -42 0 0 0 5 25 180 0 -165 5 0 120 -90 95 -5 5 -145 30 0 0 -30 0 0 30 0 0 -30 0 0 0 0
0 -42 0 0 0 5 45 180 0 -135 5 0 170 -90 95 -5 5 -20 30 0 0 -30 0 0 30 0 0 -30 0 0 0 0
0 -42 0 0 0 5 45 180 0 -135 5 0 120 -90 95 -5 5 -145 30 0 0 -30 0 0 30 0 0 -30 0 0 0 0
0 -42 0 0 0 5 90 180 0 -25 5 0 120 -90 95 -5 5 -145 30 0 0 -30 0 0 30 0 0 -30 0 0 0 0
0 -42 0 0 0 5 25 180 0 -165 5 0 120 -90 95 -5 5 -145 30 0 0 -30 0 0 30 0 0 -30 0 0 0 0
0 -42 0 0 0 5 45 180 0 -135 5 0 170 -90 95 -5 5 -20 30 0 0 -30 0 0 30 0 0 -30 0 0 0 0
0 -42 0 0 0 5 45 180 0 -135 5 0 120 -90 95 -5 5 -145 30 0 0 -30 0 0 30 0 0 -30 0 0 0 0
0 -42 0 0 0 5 90 180 0 -25 5 0 120 -90 95 -5 5 -145 30 0 0 -30 0 0 30 0 0 -30 0 0 0 0
0 -42 0 0 0 5 25 180 0 -165 5 0 120 -90 95 -5 5 -145 30 0 0 -30 0 0 30 0 0 -30 0 0 0 0
0 -42 0 0 0 5 45 180 0 -135 5 0 170 -90 95 -5 5 -20 30 0 0 -30 0 0 30 0 0 -30 0 0 0 0
0 -42 0 0 0 5 45 180 0 -135 5 0 120 -90 95 -5 5 -145 30 0 0 -30 0 0 30 0 0 -30 0 0 0 0
0 -42 0 0 0 5 90 180 0 -25 5 0 120 -90 95 -5 5 -145 30 0 0 -30 0 0 30 0 0 -30 0 0 0 0
0 -42 0 0 0 5 25 180 0 -165 5 0 120 -90 95 -5 5 -145 30 0 0 -30 0 0 30 0 0 -30 0 0 0 0
0 -42 0 0 0 5 45 180 0 -135 5 0 170 -90 95 -5 5 -20 30 0 0 -30 0 0 30 0 0 -30 0 0 0 0
0 -42 0 0 0 5 45 180 0 -135 5 0 120 -90 95 -5 5 -145 30 0 0 -30 0 0 30 0 0 -30 0 0 0 0
0 -42 0 0 0 5 90 180 0 -25 5 0 120 -90 95 -5 5 -145 30 0 0 -30 0 0 30 0 0 -30 0 0 0 0
0 -42 0 0 0 5 25 180 0 -165 5 0 120 -90 95 -5 5 -145 30 0 0 -30 0 0 30 0 0 -30 0 0 0 0
0 -42 0 0 0 5 45 180 0 -135 5 0 170 -90 95 -5 5 -20 30 0 0 -30 0 0 30 0 0 -30 0 0 0 0
0 -42 0 0 0 5 45 180 0 -135 5 0 120 -90 95 -5 5 -145 30 0 0 -30 0 0 30 0 0 -30 0 0 0 0
0 -42 0 0 0 5 90 180 0 -25 5 0 120 -90 95 -5 5 -145 30 0 0 -30 0 0 30 0 0 -30 0 0 0 0
0 -42 0 0 0 5 25 180 0 -165 5 0 120 -90 95 -5 5 -145 30 0 0 -30 0 0 30 0 0 -30 0 0 0 0
0 -42 0 0 0 5 45 180 0 -135 5 0 170 -90 95 -5 5 -20 30 0 0 -30 0 0 30 0 0 -30 0 0 0 0
0 -42 0 0 0 5 45 180 0 -135 5 0 120 -90 95 -5 5 -145 30 0 0 -30 0 0 30 0 0 -30 0 0 0 0
0 -42 0 0 0 5 90 180 0 -25 5 0 120 -90 95 -5 5 -145 30 0 0 -30 0 0 30 0 0 -30 0 0 0 0
0 -42 0 0 0 5 25 180 0 -165 5 0 120 -90 95 -5 5 -145 30 0 0 -30 0 0 30 0 0 -30 0 0 0 0
0 -42 0 0 0 5 45 180 0 -135 5 0 170 -90 95 -5 5 -20 30 0 0 -30 0 0 30 0 0 -30 0 0 0 0
0 -42 0 0 0 5 45 180 0 -135 5 0 120 -90 95 -5 5 -145 30 0 0 -30 0 0 30 0 0 -30 0 0 0 0
0 -42 0 0 0 5 90 180 0 -25 5 0 120 -90 95 -5 5 -145 30 0 0 -30 0 0 30 0 0 -30 0 0 0 0
0 -42 0 0 0 5 25 180 0 -165 5 0 120 -90 95 -5 5 -145 30 0 0 -30 0 0 30 0 0 -30 0 0 0 0
0 -42 0 0 0 5 45 180 0 -135 5 0 170 -90 95 -5 5 -20 30 0 0 -30 0 0 30 0 0 -30 0 0 0 0
0 -42 0 0 0 5 45 180 0 -135 5 0 120 -90 95 -5 5 -145 30 0 0 -30 0 0 30 0 0 -30 0 0 0 0
0 -42 0 0 0 5 90 180 0 -25 5 0 120 -90 95 -5 5 -145 30 0 0 -30 0 0 30 0 0 -30 0 0 0 0
0 -42 0 0 0 5 25 180 0 -165 5 0 120 -90 95 -5 5 -145 30 0 0 -30 0 0 30 0 0 -30 0 0 0 0
0 -42 0 0 0 5 45 180 0 -135 5 0 170 -90 95 -5 5 -20 30 0 0 -30 0 0 30 0 0 -30 0 0 0 0
0 -42 0 0 0 5 45 180 0 -135 5 0 120 -90 95 -5 5 -145 30 0 0 -30 0 0 30 0 0 -30 0 0 0 0
0 -42 0 0 0 5 90 180 0 -25 5 0 120 -90 95 -5 5 -145 30 0 0 -30 0 0 30 0 0 -30 0 0 0 0
0 -42 0 0 0 5 25 180 0 -165 5 0 120 -90 95 -5 5 -145 30 0 0 -30 0 0 30 0 0 -30 0 0 0 0
0 -42 0 0 0 5 45 180 0 -135 5 0 170 -90 95 -5 5 -20 30 0 0 -30 0 0 30 0 0 -30 0 0 0 0
0 -42 0 0 0 5 45 180 0 -135 5 0 120 -90 95 -5 5 -145 30 0 0 -30 0 0 30 0 0 -30 0 0 0 0
0 -42 0 0 0 5 90 180 0 -25 5 0 120 -90 95 -5 5 -145 30 0 0 -30 0 0 30 0 0 -30 0 0 0 0
0 -42 0 0 0 5 25 180 0 -165 5 0 120 -90 95 -5 5 -145 30 0 0 -30 0 0 30 0 0 -30 0 0 0 0
0 -42 0 0 0 5 45 180 0 -135 5 0 170 -90 95 -5 5 -20 30 0 0 -30 0 0 30 0 0 -30 0 0 0 0
0 -42 0 0 0 5 45 180 0 -135 5 0 120 -90 95 -5 5 -145 30 0 0 -30 0 0 30 0 0 -30 0 0 0 0
0 -42 0 0 0 5 90 180 0 -25 5 0 120 -90 95 -5 5 -145 30 0 0 -30 0 0 30 0 0 -30 0 0 0 0
0 -42 0 0 0 5 25 180 0 -165 5 0 120 -90 95 -5 5 -145 30 0 0 -30 0 0 30 0 0 -30 0 0 0 0
0 -42 0 0 0 5 45 180 0 -135 5 0 170 -90 95 -5 5 -20 30 0 0 -30 0 0 30 0 0 -30 0 0 0 0
0 -42 0 0 0 5 45 180 0 -135 5 0 120 -90 95 -5 5 -145 30 0 0 -30 0 0 30 0 0 -30 0 0 0 0
0 -42 0 0 0 5 90 180 0 -25 5 0 120 -90 95 -5 5 -145 30 0 0 -30 0 0 30 0 0 -30 0 0 0 0
0 -42 0 0 0 5 25 180 0 -165 5 0 120 -90 95 -5 5 -145 30 0 0 -30 0 0 30 0 0 -30 0 0 0 0
0 -42 0 0 0 5 45 180 0 -135 5 0 170 -90 95 -5 5 -20 30 0 0 -30 0 0 30 0 0 -30 0 0 0 0
0 -42 0 0 0 5 45 180 0 -135 5 0 120 -90 95 -5 5 -145 30 0 0 -30 0 0 30 0 0 -30 0 0 0 0
0 -42 0 0 0 5 90 180 0 -25 5 0 120 -90 95 -5 5 -145 30 0 0 -30 0 0 30 0 0 -30 0 0 0 0
0 -42 0 0 0 5 25 180 0 -165 5 0 120 -90 95 -5 5 -145 30 0 0 -30 0 0 30 0 0 -30 0 0 0 0
0 -42 0 0 0 5 45 180 0 -135 5 0 170 -90 95 -5 5 -20 30 0 0 -30 0 0 30 0 0 -30 0 0 0 0
0 -42 0 0 0 5 25 180 0 -40 5 0 125 -90 95 -5 5 -20 30 0 0 -30 0 0 30 0 0 -30 0 0 0 0
0 -42 0 0 0 5 0 180 0 -10 5 0 90 -90 95 0 5 -10 30 0 0 -30 0 0 30 0 0 -30 0 0 0 0
0 -42 0 0 0 5 0 180 0 -10 5 0 90 -90 95 0 5 -10 30 0 0 -30 0 0 30 0 0 -30 0 0 0 0
0 -42 0 0 0 5 0 180 0 -10 5 0 90 -90 95 0 5 -10 30 0 0 -30 0 0 30 0 0 -30 0 0 0 0
0 -42 0 0 0 5 0 180 0 -10 5 0 90 -90 95 0 5 -10 30 0 0 -30 0 0 30 0 0 -30 0 0 0 0
0 -42 0 0 0 5 0 180 0 -10 5 0 90 -90 95 0 5 -10 30 0 0 -30 0 0 30 0 0 -30 0 0 0 0
0 -42 0 0 0 5 0 180 0 -10 5 0 90 -90 95 0 5 -10 30 0 0 -30 0 0 30 0 0 -30 0 0 0 0
0 -42 0 0 0 5 0 180 0 -10 5 0 90 -90 95 0 5 -10 30 0 0 -30 0 0 30 0 0 -30 0 0 0 0
0 -42 0 0 0 5 0 180 0 -10 5 0 90 -90 95 0 5 -10 30 0 0 -30 0 0 30 0 0 -30 0 0 0 0
0 -42 0 0 0 5 0 180 0 -10 5 0 90 -90 95 0 5 -10 30 0 0 -30 0 0 30 0 0 -30 0 0 0 0
0 -42 0 0 0 5 0 180 0 -10 5 0 90 -90 95 0 5 -10 30 0 0 -30 0 0 30 0 0 -30 0 0 0 0
0 -42 0 0 0 5 0 180 0 -10 5 0 90 -90 95 0 5 -10 30 0 0 -30 0 0 30 0 0 -30 0 0 0 0
0 -42 0 0 0 5 0 180 0 -10 5 0 90 -90 95 0 5 -10 30 0 0 -30 0 0 30 0 0 -30 0 0 0 0
0 -42 0 0 0 5 0 180 0 -10 5 0 90 -90 95 0 5 -10 30 0 0 -30 0 0 30 0 0 -30 0 0 0 0
0 -42 0 0 0 5 0 180 0 -10 5 0 90 -90 95 0 5 -10 30 0 0 -30 0 0 30 0 0 -30 0 0 0 0
0 -42 0 0 0 5 0 180 0 -10 5 0 90 -90 95 0 5 -10 30 0 0 -30 0 0 30 0 0 -30 0 0 0 0
0 -42 0 0 0 5 0 180 0 -10 5 0 90 -90 95 0 5 -10 30 0 0 -30 0 0 30 0 0 -30 0 0 0 0
0 -42 0 0 0 5 0 180 0 -10 5 0 90 -90 95 0 5 -10 30 0 0 -30 0 0 30 0 0 -30 0 0 0 0
0 -42 0 0 0 5 0 180 0 -10 5 0 90 -90 95 0 5 -10 30 0 0 -30 0 0 30 0 0 -30 0 0 0 0
0 -42 0 0 0 5 0 180 0 -10 5 0 90 -90 95 0 5 -10 30 0 0 -30 0 0 30 0 0 -30 0 0 0 0
0 -42 0 0 0 5 0 180 0 -10 5 0 90 -90 95 0 5 -10 30 0 0 -30 0 0 30 0 0 -30 0 0 0 0
0 -42 0 0 0 5 0 180 0 -10 5 0 90 -90 95 0 5 -10 30 0 0 -30 0 0 30 0 0 -30 0 0 0 0
0 -42 0 0 0 5 0 180 0 -10 5 0 90 -90 95 0 5 -10 30 0 0 -30 0 0 30 0 0 -30 0 0 0 0
0 -42 0 0 0 5 0 180 0 -10 5 0 90 -90 95 0 5 -10 30 0 0 -30 0 0 30 0 0 -30 0 0 0 0
0 -42 0 0 0 5 0 180 0 -10 5 0 90 -90 95 0 5 -10 30 0 0 -30 0 0 30 0 0 -30 0 0 0 0
0 -42 0 0 0 5 45 180 15 -10 5 -30 135 -80 95 -35 5 -10 55 30 -20 -45 0 0 50 -35 15 -45 0 0 0 0
0 -42 0 0 0 5 80 180 30 -10 5 -95 250 -80 95 -15 5 -5 130 60 -105 -40 0 0 50 -35 15 -40 0 0 0 0
0 -42 0 0 0 5 80 180 30 -10 5 -95 250 -80 95 15 5 -5 130 60 -105 -60 0 0 50 -35 15 -20 0 0 0 0
0 -42 0 0 0 5 80 180 30 -10 5 -95 250 -80 95 -30 5 -5 130 60 -105 -40 0 0 50 -35 15 -45 0 0 0 0
0 -42 0 0 0 5 80 180 30 -10 5 -95 250 -80 95 -65 5 -5 130 60 -105 -30 0 0 50 -35 15 -65 0 0 0 0
0 -42 0 0 0 5 80 180 30 -10 5 -95 250 -80 95 -30 5 -5 130 60 -105 -60 0 0 50 -35 15 -55 0 0 0 0
0 -42 0 0 0 5 80 180 30 -10 5 -95 250 -80 95 5 5 -5 130 60 -105 -65 0 0 50 -35 15 -25 0 0 0 0
0 -42 0 0 0 5 80 180 30 -10 5 -95 250 -80 95 -15 5 -5 130 60 -105 -40 0 0 50 -35 15 -40 0 0 0 0
0 -42 0 0 0 5 80 180 30 -10 5 -95 250 -80 95 15 5 -5 130 60 -105 -60 0 0 50 -35 15 -20 0 0 0 0
0 -42 0 0 0 5 80 180 30 -10 5 -95 250 -80 95 -30 5 -5 130 60 -105 -40 0 0 50 -35 15 -45 0 0 0 0
0 -42 0 0 0 5 80 180 30 -10 5 -95 250 -80 95 -65 5 -5 130 60 -105 -30 0 0 50 -35 15 -65 0 0 0 0
0 -42 0 0 0 5 80 180 30 -10 5 -95 250 -80 95 -30 5 -5 130 60 -105 -60 0 0 50 -35 15 -55 0 0 0 0
0 -42 0 0 0 5 80 180 30 -10 5 -95 250 -80 95 5 5 -5 130 60 -105 -65 0 0 50 -35 15 -25 0 0 0 0
0 -42 0 0 0 5 80 180 30 -10 5 -95 250 -80 95 -15 5 -5 130 60 -105 -40 0 0 50 -35 15 -40 0 0 0 0
0 -42 0 0 0 5 80 180 30 -10 5 -95 250 -80 95 15 5 -5 130 60 -105 -60 0 0 50 -35 15 -20 0 0 0 0
0 -42 0 0 0 5 80 180 30 -10 5 -95 250 -80 95 -30 5 -5 130 60 -105 -40 0 0 50 -35 15 -45 0 0 0 0
0 -42 0 0 0 5 80 180 30 -10 5 -95 250 -80 95 -65 5 -5 130 60 -105 -30 0 0 50 -35 15 -65 0 0 0 0
0 -42 0 0 0 5 80 180 30 -10 5 -95 250 -80 95 -30 5 -5 130 60 -105 -60 0 0 50 -35 15 -55 0 0 0 0
0 -42 0 0 0 5 80 180 30 -10 5 -95 250 -80 95 5 5 -5 130 60 -105 -65 0 0 50 -35 15 -25 0 0 0 0
0 -42 0 0 0 5 80 180 30 -10 5 -95 250 -80 95 -15 5 -5 130 60 -105 -40 0 0 50 -35 15 -40 0 0 0 0
0 -42 0 0 0 5 80 180 30 -10 5 -95 250 -80 95 15 5 -5 130 60 -105 -60 0 0 50 -35 15 -20 0 0 0 0
0 -42 0 0 0 5 80 180 30 -10 5 -95 250 -80 95 -30 5 -5 130 60 -105 -40 0 0 50 -35 15 -45 0 0 0 0
0 -42 0 0 0 5 80 180 30 -10 5 -95 250 -80 95 -65 5 -5 130 60 -105 -30 0 0 50 -35 15 -65 0 0 0 0
0 -42 0 0 0 5 80 180 30 -10 5 -95 250 -80 95 -30 5 -5 130 60 -105 -60 0 0 50 -35 15 -55 0 0 0 0
0 -42 0 0 0 5 80 180 30 -10 5 -95 250 -80 95 5 5 -5 130 60 -105 -65 0 0 50 -35 15 -25 0 0 0 0
0 -42 0 0 0 5 80 180 30 -10 5 -95 250 -80 95 -15 5 -5 130 60 -105 -40 0 0 50 -35 15 -40 0 0 0 0
0 -42 0 0 0 5 80 180 30 -10 5 -95 250 -80 95 15 5 -5 130 60 -105 -60 0 0 50 -35 15 -20 0 0 0 0
0 -42 0 0 0 5 80 180 30 -10 5 -95 250 -80 95 -30 5 -5 130 60 -105 -40 0 0 50 -35 15 -45 0 0 0 0
0 -42 0 0 0 5 80 180 30 -10 5 -95 250 -80 95 -65 5 -5 130 60 -105 -30 0 0 50 -35 15 -65 0 0 0 0
0 -42 0 0 0 5 80 180 30 -10 5 -95 250 -80 95 -30 5 -5 130 60 -105 -60 0 0 50 -35 15 -55 0 0 0 0
0 -42 0 0 0 5 80 180 30 -10 5 -95 250 -80 95 5 5 -5 130 60 -105 -65 0 0 50 -35 15 -25 0 0 0 0
0 -42 0 0 0 5 80 180 30 -10 5 -95 250 -80 95 -15 5 -5 130 60 -105 -40 0 0 50 -35 15 -40 0 0 0 0
0 -42 0 0 0 5 80 180 30 -10 5 -95 250 -80 95 15 5 -5 130 60 -105 -60 0 0 50 -35 15 -20 0 0 0 0
0 -42 0 0 0 5 80 180 30 -10 5 -95 250 -80 95 -30 5 -5 130 60 -105 -40 0 0 50 -35 15 -45 0 0 0 0
0 -42 0 0 0 5 80 180 30 -10 5 -95 250 -80 95 -65 5 -5 130 60 -105 -30 0 0 50 -35 15 -65 0 0 0 0
0 -42 0 0 0 5 80 180 30 -10 5 -95 250 -80 95 -30 5 -5 130 60 -105 -60 0 0 50 -35 15 -55 0 0 0 0
0 -42 0 0 0 5 80 180 30 -10 5 -95 250 -80 95 5 5 -5 130 60 -105 -65 0 0 50 -35 15 -25 0 0 0 0
0 -42 0 0 0 5 80 180 30 -10 5 -95 250 -80 95 -15 5 -5 130 60 -105 -40 0 0 50 -35 15 -40 0 0 0 0
0 -42 0 0 0 5 80 180 30 -10 5 -95 250 -80 95 15 5 -5 130 60 -105 -60 0 0 50 -35 15 -20 0 0 0 0
0 -42 0 0 0 5 80 180 30 -10 5 -95 250 -80 95 -30 5 -5 130 60 -105 -40 0 0 50 -35 15 -45 0 0 0 0
0 -42 0 0 0 5 80 180 30 -10 5 -95 250 -80 95 -65 5 -5 130 60 -105 -30 0 0 50 -35 15 -65 0 0 0 0
0 -42 0 0 0 5 80 180 30 -10 5 -95 250 -80 95 -30 5 -5 130 60 -105 -60 0 0 50 -35 15 -55 0 0 0 0
0 -42 0 0 0 5 80 180 30 -10 5 -95 250 -80 95 5 5 -5 130 60 -105 -65 0 0 50 -35 15 -25 0 0 0 0
0 -42 0 0 0 5 80 180 30 -10 5 -95 250 -80 95 -15 5 -5 130 60 -105 -40 0 0 50 -35 15 -40 0 0 0 0
0 -42 0 0 0 5 80 180 30 -10 5 -95 250 -80 95 15 5 -5 130 60 -105 -60 0 0 50 -35 15 -20 0 0 0 0
0 -42 0 0 0 5 80 180 30 -10 5 -95 250 -80 95 -30 5 -5 130 60 -105 -40 0 0 50 -35 15 -45 0 0 0 0
0 -42 0 0 0 5 80 180 30 -10 5 -95 250 -80 95 -65 5 -5 130 60 -105 -30 0 0 50 -35 15 -65 0 0 0 0
0 -42 0 0 0 5 80 180 30 -10 5 -95 250 -80 95 -30 5 -5 130 60 -105 -60 0 0 50 -35 15 -55 0 0 0 0
0 -42 0 0 0 5 80 180 30 -10 5 -95 250 -80 95 5 5 -5 130 60 -105 -65 0 0 50 -35 15 -25 0 0 0 0
0 -42 0 0 0 5 80 180 30 -10 5 -95 250 -80 95 -15 5 -5 130 60 -105 -40 0 0 50 -35 15 -40 0 0 0 0
0 -42 0 0 0 5 80 180 30 -10 5 -95 250 -80 95 15 5 -5 130 60 -105 -60 0 0 50 -35 15 -20 0 0 0 0
0 -42 0 0 0 5 80 180 30 -10 5 -95 250 -80 95 -30 5 -5 130 60 -105 -40 0 0 50 -35 15 -45 0 0 0 0
0 -42 0 0 0 5 80 180 30 -10 5 -95 250 -80 95 -65 5 -5 130 60 -105 -30 0 0 50 -35 15 -65 0 0 0 0
0 -42 0 0 0 5 80 180 30 -10 5 -95 250 -80 95 -30 5 -5 130 60 -105 -60 0 0 50 -35 15 -55 0 0 0 0
0 -42 0 0 0 5 80 180 30 -10 5 -95 250 -80 95 5 5 -5 130 60 -105 -65 0 0 50 -35 15 -25 0 0 0 0
0 -42 0 0 0 5 80 180 30 -10 5 -95 250 -80 95 -15 5 -5 130 60 -105 -40 0 0 50 -35 15 -40 0 0 0 0
0 -42 0 0 0 5 80 180 30 -10 5 -95 250 -80 95 15 5 -5 130 60 -105 -60 0 0 50 -35 15 -20 0 0 0 0
0 -42 0 0 0 5 80 180 30 -10 5 -95 250 -80 95 -30 5 -5 130 60 -105 -40 0 0 50 -35 15 -45 0 0 0 0
0 -42 0 0 0 5 80 180 30 -10 5 -95 250 -80 95 -65 5 -5 130 60 -105 -30 0 0 50 -35 15 -65 0 0 0 0
0 -42 0 0 0 5 80 180 30 -10 5 -95 250 -80 95 -30 5 -5 130 60 -105 -60 0 0 50 -35 15 -55 0 0 0 0
0 -42 0 0 0 5 80 180 30 -10 5 -95 250 -80 95 5 5 -5 130 60 -105 -65 0 0 50 -35 15 -25 0 0 0 0
0 -42 0 0 0 5 80 180 30 -10 5 -95 250 -80 95 -15 5 -5 130 60 -105 -40 0 0 50 -35 15 -40 0 0 0 0
0 -42 0 0 0 5 80 180 30 -10 5 -95 250 -80 95 15 5 -5 130 60 -105 -60 0 0 50 -35 15 -20 0 0 0 0
0 -42 0 0 0 5 80 180 30 -10 5 -95 250 -80 95 -30 5 -5 130 60 -105 -40 0 0 50 -35 15 -45 0 0 0 0
0 -42 0 0 0 5 80 180 30 -10 5 -95 250 -80 95 -65 5 -5 130 60 -105 -30 0 0 50 -35 15 -65 0 0 0 0
0 -42 0 0 0 5 80 180 30 -10 5 -95 250 -80 95 -30 5 -5 130 60 -105 -60 0 0 50 -35 15 -55 0 0 0 0
0 -42 0 0 0 5 80 180 30 -10 5 -95 250 -80 95 5 5 -5 130 60 -105 -65 0 0 50 -35 15 -25 0 0 0 0
0 -42 0 0 0 5 80 180 30 -10 5 -95 250 -80 95 -15 5 -5 130 60 -105 -40 0 0 50 -35 15 -40 0 0 0 0
0 -42 0 0 0 5 80 180 30 -10 5 -95 250 -80 95 15 5 -5 130 60 -105 -60 0 0 50 -35 15 -20 0 0 0 0
0 -42 0 0 0 5 80 180 30 -10 5 -95 250 -80 95 -30 5 -5 130 60 -105 -40 0 0 50 -35 15 -45 0 0 0 0
0 -42 0 0 0 5 80 180 30 -10 5 -95 250 -80 95 -65 5 -5 130 60 -105 -30 0 0 50 -35 15 -65 0 0 0 0
0 -42 0 0 0 5 80 180 30 -10 5 -95 250 -80 95 -30 5 -5 130 60 -105 -60 0 0 50 -35 15 -55 0 0 0 0
0 -42 0 0 0 5 80 180 30 -10 5 -95 250 -80 95 5 5 -5 130 60 -105 -65 0 0 50 -35 15 -25 0 0 0 0
0 -42 0 0 0 5 80 180 30 -10 5 -95 250 -80 95 -15 5 -5 130 60 -105 -40 0 0 50 -35 15 -40 0 0 0 0
0 -42 0 0 0 5 80 180 30 -10 5 -95 250 -80 95 15 5 -5 130 60 -105 -60 0 0 50 -35 15 -20 0 0 0 0
0 -42 0 0 0 5 80 180 30 -10 5 -95 250 -80 95 -30 5 -5 130 60 -105 -40 0 0 50 -35 15 -45 0 0 0 0
0 -42 0 0 0 5 80 180 30 -10 5 -95 250 -80 95 -65 5 -5 130 60 -105 -30 0 0 50 -35 15 -65 0 0 0 0
0 -42 0 0 0 5 80 180 30 -10 5 -95 250 -80 95 -30 5 -5 130 60 -105 -60 0 0 50 -35 15 -55 0 0 0 0
0 -42 0 0 0 5 80 180 30 -10 5 -95 250 -80 95 5 5 -5 130 60 -105 -65 0 0 50 -35 15 -25 0 0 0 0
0 -42 0 0 0 5 80 180 30 -10 5 -95 250 -80 95 -15 5 -5 130 60 -105 -40 0 0 50 -35 15 -40 0 0 0 0
0 -42 0 0 0 5 80 180 30 -10 5 -95 250 -80 95 15 5 -5 130 60 -105 -60 0 0 50 -35 15 -20 0 0 0 0
0 -42 0 0 0 5 80 180 30 -10 5 -95 250 -80 95 -30 5 -5 130 60 -105 -40 0 0 50 -35 15 -45 0 0 0 0
0 -42 0 0 0 5 80 180 30 -10 5 -95 250 -80 95 -65 5 -5 130 60 -105 -30 0 0 50 -35 15 -65 0 0 0 0
0 -42 0 0 0 5 80 180 30 -10 5 -95 250 -80 95 -30 5 -5 130 60 -105 -60 0 0 50 -35 15 -55 0 0 0 0
0 -42 0 0 0 5 80 180 30 -10 5 -95 250 -80 95 5 5 -5 130 60 -105 -65 0 0 50 -35 15 -25 0 0 0 0
0 -42 0 0 0 5 80 180 30 -10 5 -95 250 -80 95 -15 5 -5 130 60 -105 -40 0 0 50 -35 15 -40 0 0 0 0
0 -42 0 0 0 5 80 180 30 -10 5 -95 250 -80 95 15 5 -5 130 60 -105 -60 0 0 50 -35 15 -20 0 0 0 0
0 -42 0 0 0 5 80 180 30 -10 5 -95 250 -80 95 -30 5 -5 130 60 -105 -40 0 0 50 -35 15 -45 0 0 0 0
0 -42 0 0 0 5 80 180 30 -10 5 -95 250 -80 95 -65 5 -5 130 60 -105 -30 0 0 50 -35 15 -65 0 0 0 0
0 -42 0 0 0 5 80 180 30 -10 5 -95 250 -80 95 -30 5 -5 130 60 -105 -60 0 0 50 -35 15 -55 0 0 0 0
0 -42 0 0 0 5 80 180 30 -10 5 -95 250 -80 95 5 5 -5 130 60 -105 -65 0 0 50 -35 15 -25 0 0 0 0
0 -42 0 0 0 5 80 180 30 -10 5 -95 250 -80 95 -15 5 -5 130 60 -105 -40 0 0 50 -35 15 -40 0 0 0 0
0 -42 0 0 0 5 80 180 30 -10 5 -95 250 -80 95 15 5 -5 130 60 -105 -60 0 0 50 -35 15 -20 0 0 0 0
0 -42 0 0 0 5 80 180 30 -10 5 -95 250 -80 95 -30 5 -5 130 60 -105 -40 0 0 50 -35 15 -45 0 0 0 0
0 -42 0 0 0 5 80 180 30 -10 5 -95 250 -80 95 -65 5 -5 130 60 -105 -30 0 0 50 -35 15 -65 0 0 0 0
0 -42 0 0 0 5 80 180 30 -10 5 -95 250 -80 95 -30 5 -5 130 60 -105 -60 0 0 50 -35 15 -55 0 0 0 0
0 -42 0 0 0 5 80 180 30 -10 5 -95 250 -80 95 5 5 -5 130 60 -105 -65 0 0 50 -35 15 -25 0 0 0 0
0 -42 0 0 0 5 80 180 30 -10 5 -95 250 -80 95 -15 5 -5 130 60 -105 -40 0 0 50 -35 15 -40 0 0 0 0
0 -42 0 0 0 5 80 180 30 -10 5 -95 250 -80 95 15 5 -5 130 60 -105 -60 0 0 50 -35 15 -20 0 0 0 0
0 -42 0 0 0 5 80 180 30 -10 5 -95 250 -80 95 -30 5 -5 130 60 -105 -40 0 0 50 -35 15 -45 0 0 0 0
0 -42 0 0 0 5 80 180 30 -10 5 -95 250 -80 95 -65 5 -5 130 60 -105 -30 0 0 50 -35 15 -65 0 0 0 0
0 -42 0 0 0 5 80 180 30 -10 5 -95 250 -80 95 -30 5 -5 130 60 -105 -60 0 0 50 -35 15 -55 0 0 0 0
0 -42 0 0 0 5 80 180 30 -10 5 -95 250 -80 95 5 5 -5 130 60 -105 -65 0 0 50 -35 15 -25 0 0 0 0
0 -42 0 0 0 5 80 180 30 -10 5 -95 250 -80 95 -15 5 -5 130 60 -105 -40 0 0 50 -35 15 -40 0 0 0 0
0 -42 0 0 0 5 80 180 30 -10 5 -95 250 -80 95 15 5 -5 130 60 -105 -60 0 0 50 -35 15 -20 0 0 0 0
0 -42 0 0 0 5 80 180 30 -10 5 -95 250 -80 95 -30 5 -5 130 60 -105 -40 0 0 50 -35 15 -45 0 0 0 0
0 -42 0 0 0 5 80 180 30 -10 5 -95 250 -80 95 -65 5 -5 130 60 -105 -30 0 0 50 -35 15 -65 0 0 0 0
0 -42 0 0 0 5 80 180 30 -10 5 -95 250 -80 95 -30 5 -5 130 60 -105 -60 0 0 50 -35 15 -55 0 0 0 0
0 -42 0 0 0 5 80 180 30 -10 5 -95 250 -80 95 5 5 -5 130 60 -105 -65 0 0 50 -35 15 -25 0 0 0 0
0 -42 0 0 0 5 80 180 30 -10 5 -95 250 -80 95 -15 5 -5 130 60 -105 -40 0 0 50 -35 15 -40 0 0 0 0
0 -42 0 0 0 5 80 180 30 -10 5 -95 250 -80 95 15 5 -5 130 60 -105 -60 0 0 50 -35 15 -20 0 0 0 0
0 -42 0 0 0 5 80 180 30 -10 5 -95 250 -80 95 -30 5 -5 130 60 -105 -40 0 0 50 -35 15 -45 0 0 0 0
0 -42 0 0 0 5 80 180 30 -10 5 -95 250 -80 95 -65 5 -5 130 60 -105 -30 0 0 50 -35 15 -65 0 0 0 0
0 -42 0 0 0 5 80 180 30 -10 5 -95 250 -80 95 -30 5 -5 130 60 -105 -60 0 0 50 -35 15 -55 0 0 0 0
0 -42 0 0 0 5 80 180 30 -10 5 -95 250 -80 95 5 5 -5 130 60 -105 -65 0 0 50 -35 15 -25 0 0 0 0
0 -42 0 0 0 5 80 180 30 -10 5 -95 250 -80 95 -15 5 -5 130 60 -105 -40 0 0 50 -35 15 -40 0 0 0 0
0 -42 0 0 0 5 80 180 30 -10 5 -95 250 -80 95 15 5 -5 130 60 -105 -60 0 0 50 -35 15 -20 0 0 0 0
0 -42 0 0 0 5 80 180 30 -10 5 -95 250 -80 95 -30 5 -5 130 60 -105 -40 0 0 50 -35 15 -45 0 0 0 0
0 -42 0 0 0 5 80 180 30 -10 5 -95 250 -80 95 -65 5 -5 130 60 -105 -30 0 0 50 -35 15 -65 0 0 0 0
0 -42 0 0 0 5 80 180 30 -10 5 -95 250 -80 95 -30 5 -5 130 60 -105 -60 0 0 50 -35 15 -55 0 0 0 0
0 -42 0 0 0 5 80 180 30 -10 5 -95 250 -80 95 5 5 -5 130 60 -105 -65 0 0 50 -35 15 -25 0 0 0 0
0 -42 0 0 0 5 80 180 30 -10 5 -95 250 -80 95 -15 5 -5 130 60 -105 -40 0 0 50 -35 15 -40 0 0 0 0
0 -42 0 0 0 5 80 180 30 -10 5 -95 250 -80 95 15 5 -5 130 60 -105 -60 0 0 50 -35 15 -20 0 0 0 0
0 -42 0 0 0 5 80 180 30 -10 5 -95 250 -80 95 -30 5 -5 130 60 -105 -40 0 0 50 -35 15 -45 0 0 0 0
0 -42 0 0 0 5 80 180 30 -10 5 -95 250 -80 95 -65 5 -5 130 60 -105 -30 0 0 50 -35 15 -65 0 0 0 0
0 -42 0 0 0 5 80 180 30 -10 5 -95 250 -80 95 -30 5 -5 130 60 -105 -60 0 0 50 -35 15 -55 0 0 0 0
0 -42 0 0 0 5 80 180 30 -10 5 -95 250 -80 95 5 5 -5 130 60 -105 -65 0 0 50 -35 15 -25 0 0 0 0
0 -42 0 0 0 5 80 180 30 -10 5 -95 250 -80 95 -15 5 -5 130 60 -105 -40 0 0 50 -35 15 -40 0 0 0 0
0 -42 0 0 0 5 80 180 30 -10 5 -95 250 -80 95 15 5 -5 130 60 -105 -60 0 0 50 -35 15 -20 0 0 0 0
0 -42 0 0 0 5 80 180 30 -10 5 -95 250 -80 95 -30 5 -5 130 60 -105 -40 0 0 50 -35 15 -45 0 0 0 0
0 -42 0 0 0 5 80 180 30 -10 5 -95 250 -80 95 -65 5 -5 130 60 -105 -30 0 0 50 -35 15 -65 0 0 0 0
0 -42 0 0 0 5 80 180 30 -10 5 -95 250 -80 95 -30 5 -5 130 60 -105 -60 0 0 50 -35 15 -55 0 0 0 0
0 -42 0 0 0 5 80 180 30 -10 5 -95 250 -80 95 5 5 -5 130 60 -105 -65 0 0 50 -35 15 -25 0 0 0 0
0 -42 0 0 0 5 80 180 30 -10 5 -95 250 -80 95 -15 5 -5 130 60 -105 -40 0 0 50 -35 15 -40 0 0 0 0
0 -42 0 0 0 5 80 180 30 -10 5 -95 250 -80 95 15 5 -5 130 60 -105 -60 0 0 50 -35 15 -20 0 0 0 0
0 -42 0 0 0 5 80 180 30 -10 5 -95 250 -80 95 -30 5 -5 130 60 -105 -40 0 0 50 -35 15 -45 0 0 0 0
0 -42 0 0 0 5 80 180 30 -10 5 -95 250 -80 95 -65 5 -5 130 60 -105 -30 0 0 50 -35 15 -65 0 0 0 0
0 -42 0 0 0 5 80 180 30 -10 5 -95 250 -80 95 -30 5 -5 130 60 -105 -60 0 0 50 -35 15 -55 0 0 0 0
0 -42 0 0 0 5 80 180 30 -10 5 -95 250 -80 95 5 5 -5 130 60 -105 -65 0 0 50 -35 15 -25 0 0 0 0
