0 0 0 0 0 0 0 0 0 0 0 0 0 0 0 0 0 0 0 0 0 0 0 0 0 0 0 0 0 0 0 0
0 0 0 0 0 0 0 0 0 0 0 0 0 0 0 0 0 0 0 0 0 0 0 0 0 0 0 0 0 0 0 0
0 0 0 0 0 0 0 0 0 0 0 0 0 0 0 0 0 0 0 0 0 0 0 0 0 0 0 0 0 0 0 0
0 0 0 0 0 0 0 0 0 0 0 0 0 0 0 0 0 0 0 0 0 0 0 0 0 0 0 0 0 0 0 0
0 0 0 0 0 0 0 0 0 0 0 0 0 0 0 0 0 0 0 0 0 0 0 0 0 0 0 0 0 0 0 0
0 0 0 0 0 0 0 0 0 0 0 0 0 0 0 0 0 0 0 0 0 0 0 0 0 0 0 0 0 0 0 0
0 0 0 0 0 0 0 0 0 0 0 0 0 0 0 0 0 0 0 0 0 0 0 0 0 0 0 0 0 0 0 0
0 0 0 0 0 0 0 0 0 0 0 0 0 0 0 0 0 0 0 0 0 0 0 0 0 0 0 0 0 0 0 0
0 0 0 0 0 0 0 0 0 0 0 0 0 0 0 0 0 0 0 0 0 0 0 0 0 0 0 0 0 0 0 0
0 0 0 0 0 0 0 0 0 0 0 0 0 0 0 0 0 0 0 0 0 0 0 0 0 0 0 0 0 0 0 0
0 0 0 0 0 0 0 0 0 0 0 0 0 0 0 0 0 0 0 0 0 0 0 0 0 0 0 0 0 0 0 0
0 0 0 0 0 0 0 0 0 0 0 0 0 0 0 0 0 0 0 0 0 0 0 0 0 0 0 0 0 0 0 0
0 0 0 0 0 0 0 0 0 0 0 0 0 0 0 0 0 0 0 0 0 0 0 0 0 0 0 0 0 0 0 0
0 0 0 0 0 0 0 0 0 0 0 0 0 0 0 0 0 0 0 0 0 0 0 0 0 0 0 0 0 0 0 0
0 0 0 0 0 0 0 0 0 0 0 0 0 0 0 0 0 0 0 0 0 0 0 0 0 0 0 0 0 0 0 0
0 0 0 0 0 0 0 0 0 0 0 0 0 0 0 0 0 0 0 0 0 0 0 0 0 0 0 0 0 0 0 0
0 0 0 0 0 0 0 0 0 0 0 0 0 0 0 0 0 0 0 0 0 0 0 0 0 0 0 0 0 0 0 0
0 0 0 0 0 0 0 0 0 0 0 0 0 0 0 0 0 0 0 0 0 0 0 0 0 0 0 0 0 0 0 0
0 0 0 0 0 0 0 0 0 0 0 0 0 0 0 0 0 0 0 0 0 0 0 0 0 0 0 0 0 0 0 0
0 0 0 0 0 0 0 0 0 0 0 0 0 0 0 0 0 0 0 0 0 0 0 0 0 0 0 0 0 0 0 0
0 0 0 0 0 0 0 0 0 0 0 0 0 0 0 0 0 0 0 0 0 0 0 0 0 0 0 0 0 0 0 0
0 0 0 0 0 0 0 0 0 0 0 0 0 0 0 0 0 0 0 0 0 0 0 0 0 0 0 0 0 0 0 0
0 0 0 0 0 0 0 0 0 0 0 0 0 0 0 0 0 0 0 0 0 0 0 0 0 0 0 0 0 0 0 0
0 0 0 0 0 0 0 0 0 0 0 0 0 0 0 0 0 0 0 0 0 0 0 0 0 0 0 0 0 0 0 0
0 0 0 0 0 0 0 0 0 0 0 0 0 0 0 0 0 0 0 0 0 0 0 0 0 0 0 0 0 0 0 0
0 0 0 0 0 0 0 0 0 0 0 0 0 0 0 0 0 0 0 0 0 0 0 0 0 0 0 0 0 0 0 0
0 0 0 0 0 0 0 0 0 0 0 0 0 0 0 0 0 0 0 0 0 0 0 0 0 0 0 0 0 0 0 0
0 0 0 0 0 0 0 0 0 0 0 0 0 0 0 0 0 0 0 0 0 0 0 0 0 0 0 0 0 0 0 0
0 0 0 0 0 0 0 0 0 0 0 0 0 0 0 0 0 0 0 0 0 0 0 0 0 0 0 0 0 0 0 0
0 0 0 0 0 0 0 0 0 0 0 0 0 0 0 0 0 0 0 0 0 0 0 0 0 0 0 0 0 0 0 0
0 0 0 0 0 0 0 0 0 0 0 0 0 0 0 0 0 0 0 0 0 0 0 0 0 0 0 0 0 0 0 0
0 0 0 0 0 0 0 0 0 0 0 0 0 0 0 0 0 0 0 0 0 0 0 0 0 0 0 0 0 0 0 0
0 0 0 0 0 0 0 0 0 0 0 0 0 0 0 0 0 0 0 0 0 0 0 0 0 0 0 0 0 0 0 0
0 0 0 0 0 0 0 0 0 0 0 0 0 0 0 0 0 0 0 0 0 0 0 0 0 0 0 0 0 0 0 0
0 0 0 0 0 0 0 0 0 0 0 0 0 0 0 0 0 0 0 0 0 0 0 0 0 0 0 0 0 0 0 0
0 0 0 0 0 0 0 0 0 0 0 0 0 0 0 0 0 0 0 0 0 0 0 0 0 0 0 0 0 0 0 0
0 0 0 0 0 0 0 0 0 0 0 0 0 0 0 0 0 0 0 0 0 0 0 0 0 0 0 0 0 0 0 0
0 0 0 0 0 0 0 0 0 0 0 0 0 0 0 0 0 0 0 0 0 0 0 0 0 0 0 0 0 0 0 0
0 0 0 0 0 0 0 0 0 0 0 0 0 0 0 0 0 0 0 0 0 0 0 0 0 0 0 0 0 0 0 0
0 0 0 0 0 0 0 0 0 0 0 0 0 0 0 0 0 0 0 0 0 0 0 0 0 0 0 0 0 0 0 0
0 0 0 0 0 0 0 0 0 0 0 0 0 0 0 0 0 0 0 0 0 0 0 0 0 0 0 0 0 0 0 0
0 0 0 0 0 0 0 0 0 0 0 0 0 0 0 0 0 0 0 0 0 0 0 0 0 0 0 0 0 0 0 0
0 0 0 0 0 0 0 0 0 0 0 0 0 0 0 0 0 0 0 0 0 0 0 0 0 0 0 0 0 0 0 0
0 0 0 0 0 0 0 0 0 0 0 0 0 0 0 0 0 0 0 0 0 0 0 0 0 0 0 0 0 0 0 0
0 0 0 0 0 0 0 0 0 0 0 0 0 0 0 0 0 0 0 0 0 0 0 0 0 0 0 0 0 0 0 0
0 0 0 0 0 0 0 0 0 0 0 0 0 0 0 0 0 0 0 0 0 0 0 0 0 0 0 0 0 0 0 0
0 0 0 0 0 0 0 0 0 0 0 0 0 0 0 0 0 0 0 0 0 0 0 0 0 0 0 0 0 0 0 0
0 0 0 0 0 0 0 0 0 0 0 0 0 0 0 0 0 0 0 0 0 0 0 0 0 0 0 0 0 0 0 0
0 0 0 0 0 0 0 0 0 0 0 0 0 0 0 0 0 0 0 0 0 0 0 0 0 0 0 0 0 0 0 0
0 0 0 0 0 0 0 0 0 0 0 0 0 0 0 0 0 0 0 0 0 0 0 0 0 0 0 0 0 0 0 0
0 0 0 0 0 0 0 0 0 0 0 0 0 0 0 0 0 0 0 0 0 0 0 0 0 0 0 0 0 0 0 0
0 0 0 0 0 0 0 0 0 0 0 0 0 0 0 0 0 0 0 0 0 0 0 0 0 0 0 0 0 0 0 0
0 0 0 0 0 0 0 0 0 0 0 0 0 0 0 0 0 0 0 0 0 0 0 0 0 0 0 0 0 0 0 0
0 0 0 0 0 0 0 0 0 0 0 0 0 0 0 0 0 0 0 0 0 0 0 0 0 0 0 0 0 0 0 0
0 0 0 0 0 0 0 0 0 0 0 0 0 0 0 0 0 0 0 0 0 0 0 0 0 0 0 0 0 0 0 0
0 0 0 0 0 0 0 0 0 0 0 0 0 0 0 0 0 0 0 0 0 0 0 0 0 0 0 0 0 0 0 0
0 0 0 0 0 0 0 0 0 0 0 0 0 0 0 0 0 0 0 0 0 0 0 0 0 0 0 0 0 0 0 0
0 0 0 0 0 0 0 0 0 0 0 0 0 0 0 0 0 0 0 0 0 0 0 0 0 0 0 0 0 0 0 0
0 0 0 0 0 0 0 0 0 0 0 0 0 0 0 0 0 0 0 0 0 0 0 0 0 0 0 0 0 0 0 0
0 0 0 0 0 0 0 0 0 0 0 0 0 0 0 0 0 0 0 0 0 0 0 0 0 0 0 0 0 0 0 0
0 0 0 0 0 0 0 0 0 0 0 0 0 0 0 0 0 0 0 0 0 0 0 0 0 0 0 0 0 0 0 0
0 0 0 0 0 0 0 0 0 0 0 0 0 0 0 0 0 0 0 0 0 0 0 0 0 0 0 0 0 0 0 0
0 0 0 0 0 0 0 0 0 0 0 0 0 0 0 0 0 0 0 0 0 0 0 0 0 0 0 0 0 0 0 0
0 0 0 0 0 0 0 0 0 0 0 0 0 0 0 0 0 0 0 0 0 0 0 0 0 0 0 0 0 0 0 0
0 0 0 0 0 0 0 0 0 0 0 0 0 0 0 0 0 0 0 0 0 0 0 0 0 0 0 0 0 0 0 0
0 0 0 0 0 0 0 0 0 0 0 0 0 0 0 0 0 0 0 0 0 0 0 0 0 0 0 0 0 0 0 0
0 0 0 0 0 0 0 0 0 0 0 0 0 0 0 0 0 0 0 0 0 0 0 0 0 0 0 0 0 0 0 0
0 0 0 0 0 0 0 0 0 0 0 0 0 0 0 0 0 0 0 0 0 0 0 0 0 0 0 0 0 0 0 0
0 0 0 0 0 0 0 0 0 0 0 0 0 0 0 0 0 0 0 0 0 0 0 0 0 0 0 0 0 0 0 0
0 0 0 0 0 0 0 0 0 0 0 0 0 0 0 0 0 0 0 0 0 0 0 0 0 0 0 0 0 0 0 0
0 0 0 0 0 0 0 0 0 0 0 0 0 0 0 0 0 0 0 0 0 0 0 0 0 0 0 0 0 0 0 0
0 0 0 0 0 0 0 0 0 0 0 0 0 0 0 0 0 0 0 0 0 0 0 0 0 0 0 0 0 0 0 0
0 0 0 0 0 0 0 0 0 0 0 0 0 0 0 0 0 0 0 0 0 0 0 0 0 0 0 0 0 0 0 0
0 0 0 0 0 0 0 0 0 0 0 0 0 0 0 0 0 0 0 0 0 0 0 0 0 0 0 0 0 0 0 0
0 0 0 0 0 0 0 0 0 0 0 0 0 0 0 0 0 0 0 0 0 0 0 0 0 0 0 0 0 0 0 0
0 0 0 0 0 0 0 0 0 0 0 0 0 0 0 0 0 0 0 0 0 0 0 0 0 0 0 0 0 0 0 0
0 0 0 0 0 0 0 0 0 0 0 0 0 0 0 0 0 0 0 0 0 0 0 0 0 0 0 0 0 0 0 0
0 0 0 0 0 0 0 0 0 0 0 0 0 0 0 0 0 0 0 0 0 0 0 0 0 0 0 0 0 0 0 0
0 0 0 0 0 0 0 0 0 0 0 0 0 0 0 0 0 0 0 0 0 0 0 0 0 0 0 0 0 0 0 0
0 0 0 0 0 0 0 0 0 0 0 0 0 0 0 0 0 0 0 0 0 0 0 0 0 0 0 0 0 0 0 0
0 0 0 0 0 0 0 0 0 0 0 0 0 0 0 0 0 0 0 0 0 0 0 0 0 0 0 0 0 0 0 0
0 0 0 0 0 0 0 0 0 0 0 0 0 0 0 0 0 0 0 0 0 0 0 0 0 0 0 0 0 0 0 0
0 0 0 0 0 0 0 0 0 0 0 0 0 0 0 0 0 0 0 0 0 0 0 0 0 0 0 0 0 0 0 0
0 0 0 0 0 0 0 0 0 0 0 0 0 0 0 0 0 0 0 0 0 0 0 0 0 0 0 0 0 0 0 0
0 0 0 0 0 0 0 0 0 0 0 0 0 0 0 0 0 0 0 0 0 0 0 0 0 0 0 0 0 0 0 0
0 0 0 0 0 0 0 0 0 0 0 0 0 0 0 0 0 0 0 0 0 0 0 0 0 0 0 0 0 0 0 0
0 0 0 0 0 0 0 0 0 0 0 0 0 0 0 0 0 0 0 0 0 0 0 0 0 0 0 0 0 0 0 0
0 0 0 0 0 0 0 0 0 0 0 0 0 0 0 0 0 0 0 0 0 0 0 0 0 0 0 0 0 0 0 0
0 0 0 0 0 0 0 0 0 0 0 0 0 0 0 0 0 0 0 0 0 0 0 0 0 0 0 0 0 0 0 0
0 0 0 0 0 0 0 0 0 0 0 0 0 0 0 0 0 0 0 0 0 0 0 0 0 0 0 0 0 0 0 0
0 0 0 0 0 0 0 0 0 0 0 0 0 0 0 0 0 0 0 0 0 0 0 0 0 0 0 0 0 0 0 0
0 0 0 0 0 0 0 0 0 0 0 0 0 0 0 0 0 0 0 0 0 0 0 0 0 0 0 0 0 0 0 0
0 0 0 0 0 0 0 0 0 0 0 0 0 0 0 0 0 0 0 0 0 0 0 0 0 0 0 0 0 0 0 0
0 0 0 0 0 0 0 0 0 0 0 0 0 0 0 0 0 0 0 0 0 0 0 0 0 0 0 0 0 0 0 0
0 0 0 0 0 0 0 0 0 0 0 0 0 0 0 0 0 0 0 0 0 0 0 0 0 0 0 0 0 0 0 0
0 0 0 0 0 0 0 0 0 0 0 0 0 0 0 0 0 0 0 0 0 0 0 0 0 0 0 0 0 0 0 0
0 0 0 0 0 0 0 0 0 0 0 0 0 0 0 0 0 0 0 0 0 0 0 0 0 0 0 0 0 0 0 0
0 0 0 0 0 0 0 0 0 0 0 0 0 0 0 0 0 0 0 0 0 0 0 0 0 0 0 0 0 0 0 0
0 0 0 0 0 0 0 0 0 0 0 0 0 0 0 0 0 0 0 0 0 0 0 0 0 0 0 0 0 0 0 0
0 0 0 0 0 0 0 0 0 0 0 0 0 0 0 0 0 0 0 0 0 0 0 0 0 0 0 0 0 0 0 0
0 0 0 0 0 0 0 0 0 0 0 0 0 0 0 0 0 0 0 0 0 0 0 0 0 0 0 0 0 0 0 0
0 0 0 0 0 0 0 0 0 0 0 0 0 0 0 0 0 0 0 0 0 0 0 0 0 0 0 0 0 0 0 0
0 0 0 0 0 0 0 0 0 0 0 0 0 0 0 0 0 0 0 0 0 0 0 0 0 0 0 0 0 0 0 0
0 0 0 0 0 0 0 0 0 0 0 0 0 0 0 0 0 0 0 0 0 0 0 0 0 0 0 0 0 0 0 0
0 0 0 0 0 0 0 0 0 0 0 0 0 0 0 0 0 0 0 0 0 0 0 0 0 0 0 0 0 0 0 0
0 0 0 0 0 0 0 0 0 0 0 0 0 0 0 0 0 0 0 0 0 0 0 0 0 0 0 0 0 0 0 0
0 0 0 0 0 0 0 0 0 0 0 0 0 0 0 0 0 0 0 0 0 0 0 0 0 0 0 0 0 0 0 0
0 0 0 0 0 0 0 0 0 0 0 0 0 0 0 0 0 0 0 0 0 0 0 0 0 0 0 0 0 0 0 0
0 0 0 0 0 0 0 0 0 0 0 0 0 0 0 0 0 0 0 0 0 0 0 0 0 0 0 0 0 0 0 0
0 0 0 0 0 0 0 0 0 0 0 0 0 0 0 0 0 0 0 0 0 0 0 0 0 0 0 0 0 0 0 0
0 0 0 0 0 0 0 0 0 0 0 0 0 0 0 0 0 0 0 0 0 0 0 0 0 0 0 0 0 0 0 0
0 0 0 0 0 0 0 0 0 0 0 0 0 0 0 0 0 0 0 0 0 0 0 0 0 0 0 0 0 0 0 0
0 0 0 0 0 0 0 0 0 0 0 0 0 0 0 0 0 0 0 0 0 0 0 0 0 0 0 0 0 0 0 0
0 0 0 0 0 0 0 0 0 0 0 0 0 0 0 0 0 0 0 0 0 0 0 0 0 0 0 0 0 0 0 0
0 0 0 0 0 0 0 0 0 0 0 0 0 0 0 0 0 0 0 0 0 0 0 0 0 0 0 0 0 0 0 0
0 0 0 0 0 0 0 0 0 0 0 0 0 0 0 0 0 0 0 0 0 0 0 0 0 0 0 0 0 0 0 0
0 0 0 0 0 0 0 0 0 0 0 0 0 0 0 0 0 0 0 0 0 0 0 0 0 0 0 0 0 0 0 0
0 0 0 0 0 0 0 0 0 0 0 0 0 0 0 0 0 0 0 0 0 0 0 0 0 0 0 0 0 0 0 0
0 0 0 0 0 0 0 0 0 0 0 0 0 0 0 0 0 0 0 0 0 0 0 0 0 0 0 0 0 0 0 0
0 0 0 0 0 0 0 0 0 0 0 0 0 0 0 0 0 0 0 0 0 0 0 0 0 0 0 0 0 0 0 0
0 0 0 0 0 0 0 0 0 0 0 0 0 0 0 0 0 0 0 0 0 0 0 0 0 0 0 0 0 0 0 0
0 0 0 0 0 0 0 0 0 0 0 0 0 0 0 0 0 0 0 0 0 0 0 0 0 0 0 0 0 0 0 0
0 0 0 0 0 0 0 0 0 0 0 0 0 0 0 0 0 0 0 0 0 0 0 0 0 0 0 0 0 0 0 0
0 0 0 0 0 0 0 0 0 0 0 0 0 0 0 0 0 0 0 0 0 0 0 0 0 0 0 0 0 0 0 0
0 0 0 0 0 0 0 0 0 0 0 0 0 0 0 0 0 0 0 0 0 0 0 0 0 0 0 0 0 0 0 0
0 0 0 0 0 0 0 0 0 0 0 0 0 0 0 0 0 0 0 0 0 0 0 0 0 0 0 0 0 0 0 0
0 0 0 0 0 0 0 0 0 0 0 0 0 0 0 0 0 0 0 0 0 0 0 0 0 0 0 0 0 0 0 0
0 0 0 0 0 0 0 0 0 0 0 0 0 0 0 0 0 0 0 0 0 0 0 0 0 0 0 0 0 0 0 0
0 0 0 0 0 0 0 0 0 0 0 0 0 0 0 0 0 0 0 0 0 0 0 0 0 0 0 0 0 0 0 0
0 0 0 0 0 0 0 0 0 0 0 0 0 0 0 0 0 0 0 0 0 0 0 0 0 0 0 0 0 0 0 0
0 0 0 0 0 0 0 0 0 0 0 0 0 0 0 0 0 0 0 0 0 0 0 0 0 0 0 0 0 0 0 0
0 0 0 0 0 0 0 0 0 0 0 0 0 0 0 0 0 0 0 0 0 0 0 0 0 0 0 0 0 0 0 0
0 0 0 0 0 0 0 0 0 0 0 0 0 0 0 0 0 0 0 0 0 0 0 0 0 0 0 0 0 0 0 0
0 0 0 0 0 0 0 0 0 0 0 0 0 0 0 0 0 0 0 0 0 0 0 0 0 0 0 0 0 0 0 0
0 0 0 0 0 0 0 0 0 0 0 0 0 0 0 0 0 0 0 0 0 0 0 0 0 0 0 0 0 0 0 0
0 0 0 0 0 0 0 0 0 0 0 0 0 0 0 0 0 0 0 0 0 0 0 0 0 0 0 0 0 0 0 0
5 -42 0 0 0 0 0 0 0 0 0 0 0 0 0 0 0 0 25 0 0 -25 0 0 25 0 0 -25 0 0 0 0
5 -42 0 0 0 0 50 0 0 90 0 0 60 0 0 70 0 0 25 0 0 -25 0 0 25 0 0 -25 0 0 0 0
5 -42 0 0 0 0 70 0 0 90 0 0 80 0 0 70 0 0 25 0 0 -25 0 0 25 0 0 -25 0 0 0 0
5 -42 0 0 0 0 90 0 0 90 0 0 100 0 0 70 0 0 25 0 0 -25 0 0 25 0 0 -25 0 0 0 0
5 -42 0 0 0 0 110 0 0 90 0 0 120 0 0 70 0 0 25 0 0 -25 0 0 25 0 0 -25 0 0 0 0
5 -42 0 0 0 0 80 0 0 90 0 0 85 0 0 70 0 0 25 0 0 -25 0 0 25 0 0 -25 0 0 0 0
5 -42 0 0 0 0 45 0 0 90 0 0 50 0 0 70 0 0 25 0 0 -25 0 0 25 0 0 -25 0 0 0 0
5 -42 0 0 0 0 5 0 0 90 0 0 10 0 0 70 0 0 25 0 0 -25 0 0 25 0 0 -25 0 0 0 0
5 -42 0 0 0 0 30 0 0 90 0 0 45 0 0 70 0 0 25 0 0 -25 0 0 25 0 0 -25 0 0 0 0
5 -42 0 0 0 0 75 0 0 90 0 0 85 0 0 70 0 0 25 0 0 -25 0 0 25 0 0 -25 0 0 0 0
5 -42 0 0 0 0 95 0 0 90 0 0 105 0 0 70 0 0 25 0 0 -25 0 0 25 0 0 -25 0 0 0 0
5 -42 0 0 0 0 30 0 0 90 0 0 40 0 0 70 0 0 25 0 0 -25 0 0 25 0 0 -25 0 0 0 0
5 -42 0 0 0 0 0 0 0 0 0 0 0 0 0 0 0 0 25 0 0 -25 0 0 25 0 0 -25 0 0 0 0
5 -42 0 0 0 0 50 0 0 90 0 0 60 0 0 70 0 0 25 0 0 -25 0 0 25 0 0 -25 0 0 0 0
5 -42 0 0 0 0 70 0 0 90 0 0 80 0 0 70 0 0 25 0 0 -25 0 0 25 0 0 -25 0 0 0 0
5 -42 0 0 0 0 90 0 0 90 0 0 100 0 0 70 0 0 25 0 0 -25 0 0 25 0 0 -25 0 0 0 0
5 -42 0 0 0 0 110 0 0 90 0 0 120 0 0 70 0 0 25 0 0 -25 0 0 25 0 0 -25 0 0 0 0
5 -42 0 0 0 0 80 0 0 90 0 0 85 0 0 70 0 0 25 0 0 -25 0 0 25 0 0 -25 0 0 0 0
5 -42 0 0 0 0 45 0 0 90 0 0 50 0 0 70 0 0 25 0 0 -25 0 0 25 0 0 -25 0 0 0 0
5 -42 0 0 0 0 5 0 0 90 0 0 10 0 0 70 0 0 25 0 0 -25 0 0 25 0 0 -25 0 0 0 0
5 -42 0 0 0 0 30 0 0 90 0 0 45 0 0 70 0 0 25 0 0 -25 0 0 25 0 0 -25 0 0 0 0
5 -42 0 0 0 0 75 0 0 90 0 0 85 0 0 70 0 0 25 0 0 -25 0 0 25 0 0 -25 0 0 0 0
5 -42 0 0 0 0 95 0 0 90 0 0 105 0 0 70 0 0 25 0 0 -25 0 0 25 0 0 -25 0 0 0 0
5 -42 0 0 0 0 30 0 0 90 0 0 40 0 0 70 0 0 25 0 0 -25 0 0 25 0 0 -25 0 0 0 0
5 -42 0 0 0 0 0 0 0 0 0 0 0 0 0 0 0 0 25 0 0 -25 0 0 25 0 0 -25 0 0 0 0
5 -42 0 0 0 0 50 0 0 90 0 0 60 0 0 70 0 0 25 0 0 -25 0 0 25 0 0 -25 0 0 0 0
5 -42 0 0 0 0 70 0 0 90 0 0 80 0 0 70 0 0 25 0 0 -25 0 0 25 0 0 -25 0 0 0 0
5 -42 0 0 0 0 90 0 0 90 0 0 100 0 0 70 0 0 25 0 0 -25 0 0 25 0 0 -25 0 0 0 0
5 -42 0 0 0 0 110 0 0 90 0 0 120 0 0 70 0 0 25 0 0 -25 0 0 25 0 0 -25 0 0 0 0
5 -42 0 0 0 0 80 0 0 90 0 0 85 0 0 70 0 0 25 0 0 -25 0 0 25 0 0 -25 0 0 0 0
5 -42 0 0 0 0 45 0 0 90 0 0 50 0 0 70 0 0 25 0 0 -25 0 0 25 0 0 -25 0 0 0 0
5 -42 0 0 0 0 5 0 0 90 0 0 10 0 0 70 0 0 25 0 0 -25 0 0 25 0 0 -25 0 0 0 0
5 -42 0 0 0 0 30 0 0 90 0 0 45 0 0 70 0 0 25 0 0 -25 0 0 25 0 0 -25 0 0 0 0
5 -42 0 0 0 0 75 0 0 90 0 0 85 0 0 70 0 0 25 0 0 -25 0 0 25 0 0 -25 0 0 0 0
5 -42 0 0 0 0 95 0 0 90 0 0 105 0 0 70 0 0 25 0 0 -25 0 0 25 0 0 -25 0 0 0 0
5 -42 0 0 0 0 30 0 0 90 0 0 40 0 0 70 0 0 25 0 0 -25 0 0 25 0 0 -25 0 0 0 0
5 -42 0 0 0 0 0 0 0 0 0 0 0 0 0 0 0 0 25 0 0 -25 0 0 25 0 0 -25 0 0 0 0
5 -42 0 0 0 0 50 0 0 90 0 0 60 0 0 70 0 0 25 0 0 -25 0 0 25 0 0 -25 0 0 0 0
5 -42 0 0 0 0 70 0 0 90 0 0 80 0 0 70 0 0 25 0 0 -25 0 0 25 0 0 -25 0 0 0 0
5 -42 0 0 0 0 90 0 0 90 0 0 100 0 0 70 0 0 25 0 0 -25 0 0 25 0 0 -25 0 0 0 0
5 -42 0 0 0 0 110 0 0 90 0 0 120 0 0 70 0 0 25 0 0 -25 0 0 25 0 0 -25 0 0 0 0
5 -42 0 0 0 0 80 0 0 90 0 0 85 0 0 70 0 0 25 0 0 -25 0 0 25 0 0 -25 0 0 0 0
5 -42 0 0 0 0 45 0 0 90 0 0 50 0 0 70 0 0 25 0 0 -25 0 0 25 0 0 -25 0 0 0 0
5 -42 0 0 0 0 5 0 0 90 0 0 10 0 0 70 0 0 25 0 0 -25 0 0 25 0 0 -25 0 0 0 0
5 -42 0 0 0 0 30 0 0 90 0 0 45 0 0 70 0 0 25 0 0 -25 0 0 25 0 0 -25 0 0 0 0
5 -42 0 0 0 0 75 0 0 90 0 0 85 0 0 70 0 0 25 0 0 -25 0 0 25 0 0 -25 0 0 0 0
5 -42 0 0 0 0 95 0 0 90 0 0 105 0 0 70 0 0 25 0 0 -25 0 0 25 0 0 -25 0 0 0 0
5 -42 0 0 0 0 30 0 0 90 0 0 40 0 0 70 0 0 25 0 0 -25 0 0 25 0 0 -25 0 0 0 0
5 -42 0 0 0 0 0 0 0 0 0 0 0 0 0 0 0 0 25 0 0 -25 0 0 25 0 0 -25 0 0 0 0
5 -42 0 0 0 0 50 0 0 90 0 0 60 0 0 70 0 0 25 0 0 -25 0 0 25 0 0 -25 0 0 0 0
5 -42 0 0 0 0 70 0 0 90 0 0 80 0 0 70 0 0 25 0 0 -25 0 0 25 0 0 -25 0 0 0 0
5 -42 0 0 0 0 90 0 0 90 0 0 100 0 0 70 0 0 25 0 0 -25 0 0 25 0 0 -25 0 0 0 0
5 -42 0 0 0 0 110 0 0 90 0 0 120 0 0 70 0 0 25 0 0 -25 0 0 25 0 0 -25 0 0 0 0
5 -42 0 0 0 0 80 0 0 90 0 0 85 0 0 70 0 0 25 0 0 -25 0 0 25 0 0 -25 0 0 0 0
5 -42 0 0 0 0 45 0 0 90 0 0 50 0 0 70 0 0 25 0 0 -25 0 0 25 0 0 -25 0 0 0 0
5 -42 0 0 0 0 5 0 0 90 0 0 10 0 0 70 0 0 25 0 0 -25 0 0 25 0 0 -25 0 0 0 0
5 -42 0 0 0 0 30 0 0 90 0 0 45 0 0 70 0 0 25 0 0 -25 0 0 25 0 0 -25 0 0 0 0
5 -42 0 0 0 0 75 0 0 90 0 0 85 0 0 70 0 0 25 0 0 -25 0 0 25 0 0 -25 0 0 0 0
5 -42 0 0 0 0 95 0 0 90 0 0 105 0 0 70 0 0 25 0 0 -25 0 0 25 0 0 -25 0 0 0 0
5 -42 0 0 0 0 30 0 0 90 0 0 40 0 0 70 0 0 25 0 0 -25 0 0 25 0 0 -25 0 0 0 0
5 -42 0 0 0 0 0 0 0 0 0 0 0 0 0 0 0 0 25 0 0 -25 0 0 25 0 0 -25 0 0 0 0
5 -42 0 0 0 0 50 0 0 90 0 0 60 0 0 70 0 0 25 0 0 -25 0 0 25 0 0 -25 0 0 0 0
5 -42 0 0 0 0 70 0 0 90 0 0 80 0 0 70 0 0 25 0 0 -25 0 0 25 0 0 -25 0 0 0 0
5 -42 0 0 0 0 90 0 0 90 0 0 100 0 0 70 0 0 25 0 0 -25 0 0 25 0 0 -25 0 0 0 0
5 -42 0 0 0 0 110 0 0 90 0 0 120 0 0 70 0 0 25 0 0 -25 0 0 25 0 0 -25 0 0 0 0
5 -42 0 0 0 0 80 0 0 90 0 0 85 0 0 70 0 0 25 0 0 -25 0 0 25 0 0 -25 0 0 0 0
5 -42 0 0 0 0 45 0 0 90 0 0 50 0 0 70 0 0 25 0 0 -25 0 0 25 0 0 -25 0 0 0 0
5 -42 0 0 0 0 5 0 0 90 0 0 10 0 0 70 0 0 25 0 0 -25 0 0 25 0 0 -25 0 0 0 0
5 -42 0 0 0 0 30 0 0 90 0 0 45 0 0 70 0 0 25 0 0 -25 0 0 25 0 0 -25 0 0 0 0
5 -42 0 0 0 0 75 0 0 90 0 0 85 0 0 70 0 0 25 0 0 -25 0 0 25 0 0 -25 0 0 0 0
5 -42 0 0 0 0 95 0 0 90 0 0 105 0 0 70 0 0 25 0 0 -25 0 0 25 0 0 -25 0 0 0 0
5 -42 0 0 0 0 30 0 0 90 0 0 40 0 0 70 0 0 25 0 0 -25 0 0 25 0 0 -25 0 0 0 0
5 -42 0 0 0 0 0 0 0 0 0 0 0 0 0 0 0 0 25 0 0 -25 0 0 25 0 0 -25 0 0 0 0
5 -42 0 0 0 0 50 0 0 90 0 0 60 0 0 70 0 0 25 0 0 -25 0 0 25 0 0 -25 0 0 0 0
5 -42 0 0 0 0 70 0 0 90 0 0 80 0 0 70 0 0 25 0 0 -25 0 0 25 0 0 -25 0 0 0 0
5 -42 0 0 0 0 90 0 0 90 0 0 100 0 0 70 0 0 25 0 0 -25 0 0 25 0 0 -25 0 0 0 0
5 -42 0 0 0 0 110 0 0 90 0 0 120 0 0 70 0 0 25 0 0 -25 0 0 25 0 0 -25 0 0 0 0
5 -42 0 0 0 0 80 0 0 90 0 0 85 0 0 70 0 0 25 0 0 -25 0 0 25 0 0 -25 0 0 0 0
5 -42 0 0 0 0 45 0 0 90 0 0 50 0 0 70 0 0 25 0 0 -25 0 0 25 0 0 -25 0 0 0 0
5 -42 0 0 0 0 5 0 0 90 0 0 10 0 0 70 0 0 25 0 0 -25 0 0 25 0 0 -25 0 0 0 0
5 -42 0 0 0 0 30 0 0 90 0 0 45 0 0 70 0 0 25 0 0 -25 0 0 25 0 0 -25 0 0 0 0
5 -42 0 0 0 0 75 0 0 90 0 0 85 0 0 70 0 0 25 0 0 -25 0 0 25 0 0 -25 0 0 0 0
5 -42 0 0 0 0 95 0 0 90 0 0 105 0 0 70 0 0 25 0 0 -25 0 0 25 0 0 -25 0 0 0 0
5 -42 0 0 0 0 30 0 0 90 0 0 40 0 0 70 0 0 25 0 0 -25 0 0 25 0 0 -25 0 0 0 0
5 -42 0 0 0 0 0 0 0 0 0 0 0 0 0 0 0 0 25 0 0 -25 0 0 25 0 0 -25 0 0 0 0
5 -42 0 0 0 0 50 0 0 90 0 0 60 0 0 70 0 0 25 0 0 -25 0 0 25 0 0 -25 0 0 0 0
5 -42 0 0 0 0 70 0 0 90 0 0 80 0 0 70 0 0 25 0 0 -25 0 0 25 0 0 -25 0 0 0 0
5 -42 0 0 0 0 90 0 0 90 0 0 100 0 0 70 0 0 25 0 0 -25 0 0 25 0 0 -25 0 0 0 0
5 -42 0 0 0 0 110 0 0 90 0 0 120 0 0 70 0 0 25 0 0 -25 0 0 25 0 0 -25 0 0 0 0
5 -42 0 0 0 0 80 0 0 90 0 0 85 0 0 70 0 0 25 0 0 -25 0 0 25 0 0 -25 0 0 0 0
5 -42 0 0 0 0 45 0 0 90 0 0 50 0 0 70 0 0 25 0 0 -25 0 0 25 0 0 -25 0 0 0 0
5 -42 0 0 0 0 5 0 0 90 0 0 10 0 0 70 0 0 25 0 0 -25 0 0 25 0 0 -25 0 0 0 0
5 -42 0 0 0 0 30 0 0 90 0 0 45 0 0 70 0 0 25 0 0 -25 0 0 25 0 0 -25 0 0 0 0
5 -42 0 0 0 0 75 0 0 90 0 0 85 0 0 70 0 0 25 0 0 -25 0 0 25 0 0 -25 0 0 0 0
5 -42 0 0 0 0 95 0 0 90 0 0 105 0 0 70 0 0 25 0 0 -25 0 0 25 0 0 -25 0 0 0 0
5 -42 0 0 0 0 30 0 0 90 0 0 40 0 0 70 0 0 25 0 0 -25 0 0 25 0 0 -25 0 0 0 0
5 -42 0 0 0 0 0 0 0 0 0 0 0 0 0 0 0 0 25 0 0 -25 0 0 25 0 0 -25 0 0 0 0
5 -42 0 0 0 0 50 0 0 90 0 0 60 0 0 70 0 0 25 0 0 -25 0 0 25 0 0 -25 0 0 0 0
5 -42 0 0 0 0 70 0 0 90 0 0 80 0 0 70 0 0 25 0 0 -25 0 0 25 0 0 -25 0 0 0 0
5 -42 0 0 0 0 90 0 0 90 0 0 100 0 0 70 0 0 25 0 0 -25 0 0 25 0 0 -25 0 0 0 0
5 -42 0 0 0 0 110 0 0 90 0 0 120 0 0 70 0 0 25 0 0 -25 0 0 25 0 0 -25 0 0 0 0
5 -42 0 0 0 0 80 0 0 90 0 0 85 0 0 70 0 0 25 0 0 -25 0 0 25 0 0 -25 0 0 0 0
5 -42 0 0 0 0 45 0 0 90 0 0 50 0 0 70 0 0 25 0 0 -25 0 0 25 0 0 -25 0 0 0 0
5 -42 0 0 0 0 5 0 0 90 0 0 10 0 0 70 0 0 25 0 0 -25 0 0 25 0 0 -25 0 0 0 0
5 -42 0 0 0 0 30 0 0 90 0 0 45 0 0 70 0 0 25 0 0 -25 0 0 25 0 0 -25 0 0 0 0
5 -42 0 0 0 0 75 0 0 90 0 0 85 0 0 70 0 0 25 0 0 -25 0 0 25 0 0 -25 0 0 0 0
5 -42 0 0 0 0 95 0 0 90 0 0 105 0 0 70 0 0 25 0 0 -25 0 0 25 0 0 -25 0 0 0 0
5 -42 0 0 0 0 30 0 0 90 0 0 40 0 0 70 0 0 25 0 0 -25 0 0 25 0 0 -25 0 0 0 0
5 -42 0 0 0 0 25 0 0 -5 0 0 -5 0 0 10 0 0 25 0 0 -25 0 0 25 0 0 -25 0 0 0 0
5 -42 0 0 0 0 25 0 0 -5 0 0 -5 0 0 10 0 0 25 0 0 -25 0 0 25 0 0 -25 0 0 0 0
5 -42 0 0 0 0 25 0 0 -5 0 0 -5 0 0 10 0 0 25 0 0 -25 0 0 25 0 0 -25 0 0 0 0
5 -42 0 0 0 0 25 0 0 -5 0 0 -5 0 0 10 0 0 25 0 0 -25 0 0 25 0 0 -25 0 0 0 0
5 -42 0 0 0 0 25 0 0 -5 0 0 -5 0 0 10 0 0 25 0 0 -25 0 0 25 0 0 -25 0 0 0 0
5 -42 0 0 0 0 25 0 0 -5 0 0 -5 0 0 10 0 0 25 0 0 -25 0 0 25 0 0 -25 0 0 0 0
5 -42 0 0 0 0 55 0 0 -5 0 0 25 0 0 10 0 0 25 0 0 -25 0 0 25 0 0 -25 0 0 0 0
5 -42 0 0 0 0 85 0 0 -5 0 0 55 0 0 10 0 0 25 0 0 -25 0 0 25 0 0 -25 0 0 0 0
5 -42 0 0 0 0 120 0 0 -5 0 0 90 0 0 10 0 0 25 0 0 -25 0 0 25 0 0 -25 0 0 0 0
5 -42 0 0 0 0 150 0 0 -5 0 0 120 0 0 10 0 0 25 0 0 -25 0 0 25 0 0 -25 0 0 0 0
5 -42 0 0 0 0 185 0 0 -5 0 0 155 0 0 10 0 0 25 0 0 -25 0 0 25 0 0 -25 0 0 0 0
5 -42 0 0 0 0 205 0 0 -5 0 0 175 0 0 10 0 0 25 0 0 -25 0 0 25 0 0 -25 0 0 0 0
5 -42 0 0 10 0 205 0 0 -5 0 0 175 0 0 10 0 0 25 0 0 -25 0 0 25 0 0 -25 0 0 0 0
5 -42 0 0 45 0 205 0 0 -5 0 0 175 0 0 10 0 0 25 0 0 -25 0 0 25 0 0 -25 0 0 0 0
5 -42 0 0 80 0 205 0 0 -5 0 0 175 0 0 10 0 0 25 0 0 -25 0 0 25 0 0 -25 0 0 0 0
5 -42 0 0 120 0 205 0 0 -5 0 0 175 0 0 10 0 0 25 0 0 -25 0 0 25 0 0 -25 0 0 0 0
5 -42 0 0 175 0 205 0 0 -5 0 0 175 0 0 10 0 0 25 0 0 -25 0 0 25 0 0 -25 0 0 0 0
5 -42 0 0 210 0 205 0 0 -5 0 0 175 0 0 10 0 0 25 0 0 -25 0 0 25 0 0 -25 0 0 0 0
5 -42 0 0 260 0 205 0 0 -5 0 0 175 0 0 10 0 0 25 0 0 -25 0 0 25 0 0 -25 0 0 0 0
5 -42 0 0 315 0 205 0 0 -5 0 0 175 0 0 10 0 0 25 0 0 -25 0 0 25 0 0 -25 0 0 0 0
5 -42 0 0 5 0 205 0 0 -5 0 0 175 0 0 10 0 0 25 0 0 -25 0 0 25 0 0 -25 0 0 0 0
5 -42 0 0 70 0 205 0 0 -5 0 0 175 0 0 10 0 0 25 0 0 -25 0 0 25 0 0 -25 0 0 0 0
5 -42 0 0 115 0 205 0 0 -5 0 0 175 0 0 10 0 0 25 0 0 -25 0 0 25 0 0 -25 0 0 0 0
5 -42 0 0 170 0 205 0 0 -5 0 0 175 0 0 10 0 0 25 0 0 -25 0 0 25 0 0 -25 0 0 0 0
5 -42 0 0 245 0 205 0 0 -5 0 0 175 0 0 10 0 0 25 0 0 -25 0 0 25 0 0 -25 0 0 0 0
5 -42 0 0 290 0 205 0 0 -5 0 0 175 0 0 10 0 0 25 0 0 -25 0 0 25 0 0 -25 0 0 0 0
5 -42 0 0 320 0 205 0 0 -5 0 0 175 0 0 10 0 0 25 0 0 -25 0 0 25 0 0 -25 0 0 0 0
5 -42 0 0 345 0 205 0 0 -5 0 0 175 0 0 10 0 0 25 0 0 -25 0 0 25 0 0 -25 0 0 0 0
5 -42 0 0 15 0 205 0 0 -5 0 0 175 0 0 10 0 0 25 0 0 -25 0 0 25 0 0 -25 0 0 0 0
5 -42 0 0 15 0 205 0 -35 -5 0 0 175 0 35 10 0 0 25 0 0 -25 0 0 25 0 0 -25 0 0 0 0
5 -42 0 0 15 0 205 0 -50 -5 0 0 175 0 50 10 0 0 25 0 0 -25 0 0 25 0 0 -25 0 0 0 0
5 -42 0 0 15 0 205 0 -50 -5 0 40 175 0 50 10 0 -40 25 0 0 -25 0 0 25 0 0 -25 0 0 0 0
5 -42 0 0 15 0 205 0 -50 -5 0 70 175 0 50 10 0 -70 25 0 0 -25 0 0 25 0 0 -25 0 0 0 0
5 -42 0 0 15 0 205 0 -50 -5 0 110 175 0 50 10 0 -110 25 0 0 -25 0 0 25 0 0 -25 0 0 0 0
5 -42 0 0 15 0 205 0 -50 -5 0 50 175 0 50 10 0 -50 25 0 0 -25 0 0 25 0 0 -25 0 0 0 0
5 -42 0 0 15 0 205 0 -50 -5 0 0 175 0 50 10 0 0 25 0 0 -25 0 0 25 0 0 -25 0 0 0 0
5 -42 0 0 15 0 205 0 -50 -5 0 75 175 0 50 10 0 -75 25 0 0 -25 0 0 25 0 0 -25 0 0 0 0
5 -42 0 0 15 0 205 0 -50 -5 0 110 175 0 50 10 0 -110 25 0 0 -25 0 0 25 0 0 -25 0 0 0 0
5 -42 0 0 15 0 -210 0 -50 -5 0 110 120 0 50 10 0 -110 25 0 0 -25 0 0 25 0 0 -25 0 0 0 0
5 -42 0 0 15 0 -250 0 -50 -5 0 110 80 0 50 10 0 -110 25 0 0 -25 0 0 25 0 0 -25 0 0 0 0
5 -42 0 0 15 0 -305 0 -50 -5 0 110 25 0 50 10 0 -110 25 0 0 -25 0 0 25 0 0 -25 0 0 0 0
5 -42 0 0 15 0 -325 0 -50 -5 0 110 5 0 50 10 0 -110 25 0 0 -25 0 0 25 0 0 -25 0 0 0 0
5 -42 0 0 15 0 -255 0 -50 -5 0 110 75 0 50 10 0 -110 25 0 0 -25 0 0 25 0 0 -25 0 0 0 0
5 -42 0 0 15 0 -190 0 -50 -5 0 110 140 0 50 10 0 -110 25 0 0 -25 0 0 25 0 0 -25 0 0 0 0
5 -42 0 0 15 0 -155 0 -50 -5 0 110 175 0 50 10 0 -110 25 0 0 -25 0 0 25 0 0 -25 0 0 0 0
5 -42 0 0 15 0 -155 35 -50 -5 0 110 175 -35 50 10 0 -110 25 0 0 -25 0 0 25 0 0 -25 0 0 0 0
5 -42 0 0 15 0 -155 80 -50 -5 0 110 175 -80 50 10 0 -110 25 0 0 -25 0 0 25 0 0 -25 0 0 0 0
5 -42 0 0 15 0 -155 95 -50 -5 0 110 175 -95 50 10 0 -110 25 0 0 -25 0 0 25 0 0 -25 0 0 0 0
5 -42 0 0 15 0 -155 40 -50 -5 0 110 175 -40 50 10 0 -110 25 0 0 -25 0 0 25 0 0 -25 0 0 0 0
5 -42 0 0 15 0 -155 10 -50 -5 0 110 175 -10 50 10 0 -110 25 0 0 -25 0 0 25 0 0 -25 0 0 0 0
5 -42 0 0 15 0 -155 10 -50 -5 -5 60 175 -10 50 10 5 -60 25 0 0 -25 0 0 25 0 0 -25 0 0 0 0
5 -42 0 0 15 0 -155 10 -50 -5 -5 25 175 -10 50 10 5 -25 25 0 0 -25 0 0 25 0 0 -25 0 0 0 0
5 -42 0 0 15 0 -155 10 -50 -5 -5 0 175 -10 50 10 5 0 25 0 0 -25 0 0 25 0 0 -25 0 0 0 0
5 -42 0 0 15 0 -155 50 -50 -5 -5 0 175 -50 50 10 5 0 25 0 0 -25 0 0 25 0 0 -25 0 0 0 0
5 -42 0 0 15 0 -155 70 -50 -5 -5 0 175 -70 50 10 5 0 25 0 0 -25 0 0 25 0 0 -25 0 0 0 0
5 -42 0 0 15 0 -155 90 -50 -5 -5 0 175 -90 50 10 5 0 25 0 0 -25 0 0 25 0 0 -25 0 0 0 0
5 -42 0 0 15 0 -155 90 0 -5 -5 0 175 -90 0 10 5 0 25 0 0 -25 0 0 25 0 0 -25 0 0 0 0
5 -42 0 0 85 0 -155 90 0 -5 -5 0 175 -90 0 10 5 0 25 0 0 -25 0 0 25 0 0 -25 0 0 0 0
5 -42 0 0 125 0 -155 90 0 -5 -5 0 175 -90 0 10 5 0 25 0 0 -25 0 0 25 0 0 -25 0 0 0 0
5 -42 0 0 180 0 -155 90 0 -5 -5 0 175 -90 0 10 5 0 25 0 0 -25 0 0 25 0 0 -25 0 0 0 0
5 -42 0 0 220 0 -155 90 0 -5 -5 0 175 -90 0 10 5 0 25 0 0 -25 0 0 25 0 0 -25 0 0 0 0
5 -42 0 0 270 0 -155 90 0 -5 -5 0 175 -90 0 10 5 0 25 0 0 -25 0 0 25 0 0 -25 0 0 0 0
5 -42 0 0 325 0 -155 90 0 -5 -5 0 175 -90 0 10 5 0 25 0 0 -25 0 0 25 0 0 -25 0 0 0 0
5 -42 0 0 35 0 -155 90 0 -5 -5 0 175 -90 0 10 5 0 25 0 0 -25 0 0 25 0 0 -25 0 0 0 0
5 -42 0 0 85 0 -155 90 0 -5 -5 0 175 -90 0 10 5 0 25 0 0 -25 0 0 25 0 0 -25 0 0 0 0
5 -42 0 0 145 0 -155 90 0 -5 -5 0 175 -90 0 10 5 0 25 0 0 -25 0 0 25 0 0 -25 0 0 0 0
5 -42 0 0 205 0 -155 90 0 -5 -5 0 175 -90 0 10 5 0 25 0 0 -25 0 0 25 0 0 -25 0 0 0 0
5 -42 0 0 245 0 -155 90 0 -5 -5 0 175 -90 0 10 5 0 25 0 0 -25 0 0 25 0 0 -25 0 0 0 0
5 -42 0 0 295 0 -155 90 0 -5 -5 0 175 -90 0 10 5 0 25 0 0 -25 0 0 25 0 0 -25 0 0 0 0
5 -42 0 0 350 0 -155 90 0 -5 -5 0 175 -90 0 10 5 0 25 0 0 -25 0 0 25 0 0 -25 0 0 0 0
5 -42 0 0 5 0 -155 90 0 -5 -5 0 175 -90 0 10 5 0 25 0 0 -25 0 0 25 0 0 -25 0 0 0 0
5 -42 0 0 15 0 205 0 0 -5 0 0 175 0 0 10 0 0 25 0 0 -25 0 0 25 0 0 -25 0 0 0 0
5 -42 0 0 15 0 205 0 -35 -5 0 0 175 0 35 10 0 0 25 0 0 -25 0 0 25 0 0 -25 0 0 0 0
5 -42 0 0 15 0 205 0 -50 -5 0 0 175 0 50 10 0 0 25 0 0 -25 0 0 25 0 0 -25 0 0 0 0
5 -42 0 0 15 0 205 0 -50 -5 0 40 175 0 50 10 0 -40 25 0 0 -25 0 0 25 0 0 -25 0 0 0 0
5 -42 0 0 15 0 205 0 -50 -5 0 70 175 0 50 10 0 -70 25 0 0 -25 0 0 25 0 0 -25 0 0 0 0
5 -42 0 0 15 0 205 0 -50 -5 0 110 175 0 50 10 0 -110 25 0 0 -25 0 0 25 0 0 -25 0 0 0 0
5 -42 0 0 15 0 205 0 -50 -5 0 50 175 0 50 10 0 -50 25 0 0 -25 0 0 25 0 0 -25 0 0 0 0
5 -42 0 0 15 0 205 0 -50 -5 0 0 175 0 50 10 0 0 25 0 0 -25 0 0 25 0 0 -25 0 0 0 0
5 -42 0 0 15 0 205 0 -50 -5 0 75 175 0 50 10 0 -75 25 0 0 -25 0 0 25 0 0 -25 0 0 0 0
5 -42 0 0 15 0 205 0 -50 -5 0 110 175 0 50 10 0 -110 25 0 0 -25 0 0 25 0 0 -25 0 0 0 0
5 -42 0 0 15 0 -210 0 -50 -5 0 110 120 0 50 10 0 -110 25 0 0 -25 0 0 25 0 0 -25 0 0 0 0
5 -42 0 0 15 0 -250 0 -50 -5 0 110 80 0 50 10 0 -110 25 0 0 -25 0 0 25 0 0 -25 0 0 0 0
5 -42 0 0 15 0 -305 0 -50 -5 0 110 25 0 50 10 0 -110 25 0 0 -25 0 0 25 0 0 -25 0 0 0 0
5 -42 0 0 15 0 -325 0 -50 -5 0 110 5 0 50 10 0 -110 25 0 0 -25 0 0 25 0 0 -25 0 0 0 0
5 -42 0 0 15 0 -255 0 -50 -5 0 110 75 0 50 10 0 -110 25 0 0 -25 0 0 25 0 0 -25 0 0 0 0
5 -42 0 0 15 0 -190 0 -50 -5 0 110 140 0 50 10 0 -110 25 0 0 -25 0 0 25 0 0 -25 0 0 0 0
5 -42 0 0 15 0 -155 0 -50 -5 0 110 175 0 50 10 0 -110 25 0 0 -25 0 0 25 0 0 -25 0 0 0 0
5 -42 0 0 15 0 -155 35 -50 -5 0 110 175 -35 50 10 0 -110 25 0 0 -25 0 0 25 0 0 -25 0 0 0 0
5 -42 0 0 15 0 -155 80 -50 -5 0 110 175 -80 50 10 0 -110 25 0 0 -25 0 0 25 0 0 -25 0 0 0 0
5 -42 0 0 15 0 -155 95 -50 -5 0 110 175 -95 50 10 0 -110 25 0 0 -25 0 0 25 0 0 -25 0 0 0 0
5 -42 0 0 15 0 -155 40 -50 -5 0 110 175 -40 50 10 0 -110 25 0 0 -25 0 0 25 0 0 -25 0 0 0 0
5 -42 0 0 15 0 -155 10 -50 -5 0 110 175 -10 50 10 0 -110 25 0 0 -25 0 0 25 0 0 -25 0 0 0 0
5 -42 0 0 15 0 -155 10 -50 -5 -5 60 175 -10 50 10 5 -60 25 0 0 -25 0 0 25 0 0 -25 0 0 0 0
5 -42 0 0 15 0 -155 10 -50 -5 -5 25 175 -10 50 10 5 -25 25 0 0 -25 0 0 25 0 0 -25 0 0 0 0
5 -42 0 0 15 0 -155 10 -50 -5 -5 0 175 -10 50 10 5 0 25 0 0 -25 0 0 25 0 0 -25 0 0 0 0
5 -42 0 0 15 0 -155 50 -50 -5 -5 0 175 -50 50 10 5 0 25 0 0 -25 0 0 25 0 0 -25 0 0 0 0
5 -42 0 0 15 0 -155 70 -50 -5 -5 0 175 -70 50 10 5 0 25 0 0 -25 0 0 25 0 0 -25 0 0 0 0
5 -42 0 0 15 0 -155 90 -50 -5 -5 0 175 -90 50 10 5 0 25 0 0 -25 0 0 25 0 0 -25 0 0 0 0
5 -42 0 0 15 0 -155 90 0 -5 -5 0 175 -90 0 10 5 0 25 0 0 -25 0 0 25 0 0 -25 0 0 0 0
5 -42 0 0 85 0 -155 90 0 -5 -5 0 175 -90 0 10 5 0 25 0 0 -25 0 0 25 0 0 -25 0 0 0 0
5 -42 0 0 125 0 -155 90 0 -5 -5 0 175 -90 0 10 5 0 25 0 0 -25 0 0 25 0 0 -25 0 0 0 0
5 -42 0 0 180 0 -155 90 0 -5 -5 0 175 -90 0 10 5 0 25 0 0 -25 0 0 25 0 0 -25 0 0 0 0
5 -42 0 0 220 0 -155 90 0 -5 -5 0 175 -90 0 10 5 0 25 0 0 -25 0 0 25 0 0 -25 0 0 0 0
5 -42 0 0 270 0 -155 90 0 -5 -5 0 175 -90 0 10 5 0 25 0 0 -25 0 0 25 0 0 -25 0 0 0 0
5 -42 0 0 325 0 -155 90 0 -5 -5 0 175 -90 0 10 5 0 25 0 0 -25 0 0 25 0 0 -25 0 0 0 0
5 -42 0 0 35 0 -155 90 0 -5 -5 0 175 -90 0 10 5 0 25 0 0 -25 0 0 25 0 0 -25 0 0 0 0
5 -42 0 0 85 0 -155 90 0 -5 -5 0 175 -90 0 10 5 0 25 0 0 -25 0 0 25 0 0 -25 0 0 0 0
5 -42 0 0 145 0 -155 90 0 -5 -5 0 175 -90 0 10 5 0 25 0 0 -25 0 0 25 0 0 -25 0 0 0 0
5 -42 0 0 205 0 -155 90 0 -5 -5 0 175 -90 0 10 5 0 25 0 0 -25 0 0 25 0 0 -25 0 0 0 0
5 -42 0 0 245 0 -155 90 0 -5 -5 0 175 -90 0 10 5 0 25 0 0 -25 0 0 25 0 0 -25 0 0 0 0
5 -42 0 0 295 0 -155 90 0 -5 -5 0 175 -90 0 10 5 0 25 0 0 -25 0 0 25 0 0 -25 0 0 0 0
5 -42 0 0 350 0 -155 90 0 -5 -5 0 175 -90 0 10 5 0 25 0 0 -25 0 0 25 0 0 -25 0 0 0 0
5 -42 0 0 5 0 -155 90 0 -5 -5 0 175 -90 0 10 5 0 25 0 0 -25 0 0 25 0 0 -25 0 0 0 0
5 -42 0 0 15 0 205 0 0 -5 0 0 175 0 0 10 0 0 25 0 0 -25 0 0 25 0 0 -25 0 0 0 0
5 -42 0 0 15 0 205 0 -35 -5 0 0 175 0 35 10 0 0 25 0 0 -25 0 0 25 0 0 -25 0 0 0 0
5 -42 0 0 15 0 205 0 -50 -5 0 0 175 0 50 10 0 0 25 0 0 -25 0 0 25 0 0 -25 0 0 0 0
5 -42 0 0 15 0 205 0 -50 -5 0 40 175 0 50 10 0 -40 25 0 0 -25 0 0 25 0 0 -25 0 0 0 0
5 -42 0 0 15 0 205 0 -50 -5 0 70 175 0 50 10 0 -70 25 0 0 -25 0 0 25 0 0 -25 0 0 0 0
5 -42 0 0 15 0 205 0 -50 -5 0 110 175 0 50 10 0 -110 25 0 0 -25 0 0 25 0 0 -25 0 0 0 0
5 -42 0 0 15 0 205 0 -50 -5 0 50 175 0 50 10 0 -50 25 0 0 -25 0 0 25 0 0 -25 0 0 0 0
5 -42 0 0 15 0 205 0 -50 -5 0 0 175 0 50 10 0 0 25 0 0 -25 0 0 25 0 0 -25 0 0 0 0
5 -42 0 0 15 0 205 0 -50 -5 0 75 175 0 50 10 0 -75 25 0 0 -25 0 0 25 0 0 -25 0 0 0 0
5 -42 0 0 15 0 205 0 -50 -5 0 110 175 0 50 10 0 -110 25 0 0 -25 0 0 25 0 0 -25 0 0 0 0
5 -42 0 0 15 0 -210 0 -50 -5 0 110 120 0 50 10 0 -110 25 0 0 -25 0 0 25 0 0 -25 0 0 0 0
5 -42 0 0 15 0 -250 0 -50 -5 0 110 80 0 50 10 0 -110 25 0 0 -25 0 0 25 0 0 -25 0 0 0 0
5 -42 0 0 15 0 -305 0 -50 -5 0 110 25 0 50 10 0 -110 25 0 0 -25 0 0 25 0 0 -25 0 0 0 0
5 -42 0 0 15 0 -325 0 -50 -5 0 110 5 0 50 10 0 -110 25 0 0 -25 0 0 25 0 0 -25 0 0 0 0
5 -42 0 0 15 0 -255 0 -50 -5 0 110 75 0 50 10 0 -110 25 0 0 -25 0 0 25 0 0 -25 0 0 0 0
5 -42 0 0 15 0 -190 0 -50 -5 0 110 140 0 50 10 0 -110 25 0 0 -25 0 0 25 0 0 -25 0 0 0 0
5 -42 0 0 15 0 -155 0 -50 -5 0 110 175 0 50 10 0 -110 25 0 0 -25 0 0 25 0 0 -25 0 0 0 0
5 -42 0 0 15 0 -155 35 -50 -5 0 110 175 -35 50 10 0 -110 25 0 0 -25 0 0 25 0 0 -25 0 0 0 0
5 -42 0 0 15 0 -155 80 -50 -5 0 110 175 -80 50 10 0 -110 25 0 0 -25 0 0 25 0 0 -25 0 0 0 0
5 -42 0 0 15 0 -155 95 -50 -5 0 110 175 -95 50 10 0 -110 25 0 0 -25 0 0 25 0 0 -25 0 0 0 0
5 -42 0 0 15 0 -155 40 -50 -5 0 110 175 -40 50 10 0 -110 25 0 0 -25 0 0 25 0 0 -25 0 0 0 0
5 -42 0 0 15 0 -155 10 -50 -5 0 110 175 -10 50 10 0 -110 25 0 0 -25 0 0 25 0 0 -25 0 0 0 0
5 -42 0 0 15 0 -155 10 -50 -5 -5 60 175 -10 50 10 5 -60 25 0 0 -25 0 0 25 0 0 -25 0 0 0 0
5 -42 0 0 15 0 -155 10 -50 -5 -5 25 175 -10 50 10 5 -25 25 0 0 -25 0 0 25 0 0 -25 0 0 0 0
5 -42 0 0 15 0 -155 10 -50 -5 -5 0 175 -10 50 10 5 0 25 0 0 -25 0 0 25 0 0 -25 0 0 0 0
5 -42 0 0 15 0 -155 50 -50 -5 -5 0 175 -50 50 10 5 0 25 0 0 -25 0 0 25 0 0 -25 0 0 0 0
5 -42 0 0 15 0 -155 70 -50 -5 -5 0 175 -70 50 10 5 0 25 0 0 -25 0 0 25 0 0 -25 0 0 0 0
5 -42 0 0 15 0 -155 90 -50 -5 -5 0 175 -90 50 10 5 0 25 0 0 -25 0 0 25 0 0 -25 0 0 0 0
5 -42 0 0 15 0 -155 90 0 -5 -5 0 175 -90 0 10 5 0 25 0 0 -25 0 0 25 0 0 -25 0 0 0 0
5 -42 0 0 85 0 -155 90 0 -5 -5 0 175 -90 0 10 5 0 25 0 0 -25 0 0 25 0 0 -25 0 0 0 0
5 -42 0 0 125 0 -155 90 0 -5 -5 0 175 -90 0 10 5 0 25 0 0 -25 0 0 25 0 0 -25 0 0 0 0
5 -42 0 0 180 0 -155 90 0 -5 -5 0 175 -90 0 10 5 0 25 0 0 -25 0 0 25 0 0 -25 0 0 0 0
5 -42 0 0 220 0 -155 90 0 -5 -5 0 175 -90 0 10 5 0 25 0 0 -25 0 0 25 0 0 -25 0 0 0 0
5 -42 0 0 270 0 -155 90 0 -5 -5 0 175 -90 0 10 5 0 25 0 0 -25 0 0 25 0 0 -25 0 0 0 0
5 -42 0 0 325 0 -155 90 0 -5 -5 0 175 -90 0 10 5 0 25 0 0 -25 0 0 25 0 0 -25 0 0 0 0
5 -42 0 0 35 0 -155 90 0 -5 -5 0 175 -90 0 10 5 0 25 0 0 -25 0 0 25 0 0 -25 0 0 0 0
5 -42 0 0 85 0 -155 90 0 -5 -5 0 175 -90 0 10 5 0 25 0 0 -25 0 0 25 0 0 -25 0 0 0 0
5 -42 0 0 145 0 -155 90 0 -5 -5 0 175 -90 0 10 5 0 25 0 0 -25 0 0 25 0 0 -25 0 0 0 0
5 -42 0 0 205 0 -155 90 0 -5 -5 0 175 -90 0 10 5 0 25 0 0 -25 0 0 25 0 0 -25 0 0 0 0
5 -42 0 0 245 0 -155 90 0 -5 -5 0 175 -90 0 10 5 0 25 0 0 -25 0 0 25 0 0 -25 0 0 0 0
5 -42 0 0 295 0 -155 90 0 -5 -5 0 175 -90 0 10 5 0 25 0 0 -25 0 0 25 0 0 -25 0 0 0 0
5 -42 0 0 350 0 -155 90 0 -5 -5 0 175 -90 0 10 5 0 25 0 0 -25 0 0 25 0 0 -25 0 0 0 0
5 -42 0 0 5 0 -155 90 0 -5 -5 0 175 -90 0 10 5 0 25 0 0 -25 0 0 25 0 0 -25 0 0 0 0
5 -42 0 0 5 5 -190 90 0 -5 -5 0 140 -90 0 10 5 0 25 0 0 -25 0 0 25 0 0 -25 0 0 0 0
5 -42 0 0 5 5 -225 90 0 -5 -5 0 105 -90 0 10 5 0 25 0 0 -25 0 0 25 0 0 -25 0 0 0 0
5 -42 0 0 5 5 -245 90 0 -5 -5 0 85 -90 0 10 5 0 25 0 0 -25 0 0 25 0 0 -25 0 0 0 0
5 -42 0 0 5 5 -225 90 0 -5 -5 0 65 -90 0 10 5 0 25 0 0 -25 0 0 25 0 0 -25 0 0 0 0
5 -42 0 0 5 5 -195 90 0 -5 -5 0 35 -90 0 10 5 0 25 0 0 -25 0 0 25 0 0 -25 0 0 0 0
5 -42 0 0 5 5 -165 90 0 -5 -5 0 5 -90 0 10 5 0 25 0 0 -25 0 0 25 0 0 -25 0 0 0 0
5 -42 0 0 5 5 -190 90 0 -5 -5 0 30 -90 0 10 5 0 25 0 0 -25 0 0 25 0 0 -25 0 0 0 0
5 -42 0 0 5 5 -215 90 0 -5 -5 0 55 -90 0 10 5 0 25 0 0 -25 0 0 25 0 0 -25 0 0 0 0
5 -42 0 0 5 5 -250 90 0 -5 -5 0 90 -90 0 10 5 0 25 0 0 -25 0 0 25 0 0 -25 0 0 0 0
5 -42 0 0 5 5 -280 90 0 -5 -5 0 120 -90 0 10 5 0 25 0 0 -25 0 0 25 0 0 -25 0 0 0 0
5 -42 0 0 5 5 -310 90 0 -5 -5 0 150 -90 0 10 5 0 25 0 0 -25 0 0 25 0 0 -25 0 0 0 0
5 -42 0 0 5 5 -335 90 0 -5 -5 0 175 -90 0 10 5 0 25 0 0 -25 0 0 25 0 0 -25 0 0 0 0
5 -42 0 0 5 5 -295 90 0 -5 -5 0 135 -90 0 10 5 0 25 0 0 -25 0 0 25 0 0 -25 0 0 0 0
5 -42 0 0 5 5 -260 90 0 -5 -5 0 100 -90 0 10 5 0 25 0 0 -25 0 0 25 0 0 -25 0 0 0 0
5 -42 0 0 5 5 -225 90 0 -5 -5 0 65 -90 0 10 5 0 25 0 0 -25 0 0 25 0 0 -25 0 0 0 0
5 -42 0 0 5 5 -190 90 0 -5 -5 0 30 -90 0 10 5 0 25 0 0 -25 0 0 25 0 0 -25 0 0 0 0
5 -42 0 0 5 5 -165 90 0 -5 -5 0 5 -90 0 10 5 0 25 0 0 -25 0 0 25 0 0 -25 0 0 0 0
5 -42 0 0 5 5 -195 90 0 -5 -5 0 35 -90 0 10 5 0 25 0 0 -25 0 0 25 0 0 -25 0 0 0 0
5 -42 0 0 5 5 -225 90 0 -5 -5 0 65 -90 0 10 5 0 25 0 0 -25 0 0 25 0 0 -25 0 0 0 0
5 -42 0 0 5 5 -255 90 0 -5 -5 0 95 -90 0 10 5 0 25 0 0 -25 0 0 25 0 0 -25 0 0 0 0
5 -42 0 0 5 5 -285 90 0 -5 -5 0 125 -90 0 10 5 0 25 0 0 -25 0 0 25 0 0 -25 0 0 0 0
5 -42 0 0 5 5 -320 90 0 -5 -5 0 160 -90 0 10 5 0 25 0 0 -25 0 0 25 0 0 -25 0 0 0 0
5 -42 0 0 5 5 -290 90 0 -5 -5 0 130 -90 0 10 5 0 25 0 0 -25 0 0 25 0 0 -25 0 0 0 0
5 -42 0 0 5 5 -260 90 0 -5 -5 0 100 -90 0 10 5 0 25 0 0 -25 0 0 25 0 0 -25 0 0 0 0
5 -42 0 0 5 5 -245 90 0 -5 -5 0 85 -90 0 10 5 0 25 0 0 -25 0 0 25 0 0 -25 0 0 0 0
5 -42 0 0 5 5 -245 90 0 -5 -5 0 85 -90 0 10 5 0 -10 0 0 -25 0 0 25 0 0 -25 0 0 0 0
5 -42 0 0 5 5 -245 90 0 -5 -5 0 85 -90 0 10 5 0 -25 0 0 -25 0 0 25 0 0 -25 0 0 0 0
5 -42 0 0 5 5 -245 90 0 -5 -5 0 85 -90 0 10 5 0 -25 0 0 -70 0 0 25 0 0 -25 0 0 0 0
5 -42 0 0 5 5 -245 90 0 -5 -5 0 85 -90 0 10 5 0 -25 0 0 -90 0 0 25 0 0 -25 0 0 0 0
5 -42 0 0 5 5 -245 90 0 -5 -5 0 85 -90 0 10 5 0 15 0 0 -70 0 0 25 0 0 -25 0 0 0 0
5 -42 0 0 5 5 -245 90 0 -5 -5 0 85 -90 0 10 5 0 70 0 0 -70 0 0 25 0 0 -25 0 0 0 0
5 -42 0 0 5 5 -245 90 0 -5 -5 0 85 -90 0 10 5 0 100 0 0 -100 0 0 25 0 0 -25 0 0 0 0
5 -42 0 0 5 5 -245 90 0 -5 -5 0 85 -90 0 10 5 0 120 0 0 -115 0 0 25 0 0 -25 0 0 0 0
5 -42 0 0 5 5 -245 90 0 -5 -5 0 85 -90 0 10 5 0 70 0 0 -115 0 0 25 0 0 -25 0 0 0 0
5 -42 0 0 5 5 -245 90 0 -5 -5 0 85 -90 0 10 5 0 40 0 0 -115 0 0 25 0 0 -25 0 0 0 0
5 -42 0 0 5 5 -245 90 0 -5 -5 0 85 -90 0 10 5 0 85 0 0 -115 0 0 25 0 0 -25 0 0 0 0
5 -42 0 0 5 5 -245 90 0 -5 -5 0 85 -90 0 10 5 0 125 0 0 -115 0 0 25 0 0 -25 0 0 0 0
5 -42 0 0 5 5 -245 90 0 -5 -5 0 85 -90 0 10 5 0 70 0 0 -115 0 0 25 0 0 -25 0 0 0 0
5 -42 0 0 5 5 -245 90 0 -5 -5 0 85 -90 0 10 5 0 30 0 0 -115 0 0 25 0 0 -25 0 0 0 0
5 -42 0 0 5 5 -245 90 0 -5 -5 0 85 -90 0 10 5 0 0 0 0 -115 0 0 25 0 0 -25 0 0 0 0
5 -42 0 0 5 5 -245 90 0 -5 -5 0 85 -90 0 10 5 0 0 0 0 -130 0 0 25 0 0 -25 0 0 0 0
5 -42 0 0 5 5 -245 90 0 -5 -5 0 85 -90 0 10 5 0 50 0 0 -130 0 0 25 0 0 -25 0 0 0 0
5 -42 0 0 5 5 -245 90 0 -5 -5 0 85 -90 0 10 5 0 80 0 0 -130 0 0 25 0 0 -25 0 0 0 0
5 -42 0 0 5 5 -245 90 0 -5 -5 0 85 -90 0 10 5 0 125 0 0 -130 0 0 25 0 0 -25 0 0 0 0
5 -42 0 0 5 5 -245 90 0 -5 -5 0 85 -90 0 10 5 0 70 0 0 -130 0 0 25 0 0 -25 0 0 0 0
5 -42 0 0 5 5 -245 90 0 -5 -5 0 85 -90 0 10 5 0 15 0 0 -130 0 0 25 0 0 -25 0 0 0 0
5 -42 0 0 5 5 -245 90 0 -5 -5 0 85 -90 0 10 5 0 80 0 0 -130 0 0 25 0 0 -25 0 0 0 0
5 -42 0 0 5 5 -245 90 0 -5 -5 0 85 -90 0 10 5 0 125 0 0 -130 0 0 25 0 0 -25 0 0 0 0
5 -42 0 0 5 5 -245 90 0 -5 -5 0 85 -90 0 10 5 0 55 0 0 -130 0 0 25 0 0 -25 0 0 0 0
5 -42 0 0 5 5 -245 90 0 -5 -5 0 85 -90 0 10 5 0 0 0 0 -130 0 0 25 0 0 -25 0 0 0 0
5 -42 0 0 5 5 -245 90 0 -5 -5 0 85 -90 0 10 5 0 0 0 0 -60 0 0 25 0 0 -25 0 0 0 0
5 -42 0 0 5 5 -245 90 0 -5 -5 0 85 -90 0 10 5 0 0 0 0 -25 0 0 25 0 0 -25 0 0 0 0
5 -42 0 0 5 5 -245 90 0 -5 -5 0 85 -90 0 10 5 0 0 0 0 -75 0 0 25 0 0 -25 0 0 0 0
5 -42 0 0 5 5 -245 90 0 -5 -5 0 85 -90 0 10 5 0 0 0 0 -100 0 0 25 0 0 -25 0 0 0 0
5 -42 0 0 5 5 -245 90 0 -5 -5 0 85 -90 0 10 5 0 0 0 0 -65 0 0 25 0 0 -25 0 0 0 0
5 -42 0 0 5 5 -245 90 0 -5 -5 0 85 -90 0 10 5 0 0 0 0 -30 0 0 25 0 0 -25 0 0 0 0
5 -42 0 0 5 5 -245 90 0 -5 -5 0 85 -90 0 10 5 0 0 0 0 -75 0 0 25 0 0 -25 0 0 0 0
5 -42 0 0 5 5 -245 90 0 -5 -5 0 85 -90 0 10 5 0 0 0 0 -95 0 0 25 0 0 -25 0 0 0 0
5 -42 0 0 5 5 -245 90 0 -5 -5 0 85 -90 0 10 5 0 0 0 0 -115 0 0 25 0 0 -25 0 0 0 0
5 -42 0 0 5 5 -245 90 0 -5 -5 0 85 -90 0 10 5 0 0 0 0 -130 0 0 25 0 0 -25 0 0 0 0
5 -42 0 0 5 5 -245 90 0 -5 -5 0 85 -90 0 10 5 0 50 0 0 -130 0 0 25 0 0 -25 0 0 0 0
5 -42 0 0 5 5 -245 90 0 -5 -5 0 85 -90 0 10 5 0 80 0 0 -130 0 0 25 0 0 -25 0 0 0 0
5 -42 0 0 5 5 -245 90 0 -5 -5 0 85 -90 0 10 5 0 125 0 0 -130 0 0 25 0 0 -25 0 0 0 0
5 -42 0 0 5 5 -245 90 0 -5 -5 0 85 -90 0 10 5 0 70 0 0 -130 0 0 25 0 0 -25 0 0 0 0
5 -42 0 0 5 5 -245 90 0 -5 -5 0 85 -90 0 10 5 0 15 0 0 -130 0 0 25 0 0 -25 0 0 0 0
5 -42 0 0 5 5 -245 90 0 -5 -5 0 85 -90 0 10 5 0 80 0 0 -130 0 0 25 0 0 -25 0 0 0 0
5 -42 0 0 5 5 -245 90 0 -5 -5 0 85 -90 0 10 5 0 125 0 0 -130 0 0 25 0 0 -25 0 0 0 0
5 -42 0 0 5 5 -245 90 0 -5 -5 0 85 -90 0 10 5 0 55 0 0 -130 0 0 25 0 0 -25 0 0 0 0
5 -42 0 0 5 5 -245 90 0 -5 -5 0 85 -90 0 10 5 0 0 0 0 -130 0 0 25 0 0 -25 0 0 0 0
5 -42 0 0 5 5 -245 90 0 -5 -5 0 85 -90 0 10 5 0 0 0 0 -60 0 0 25 0 0 -25 0 0 0 0
5 -42 0 0 5 5 -245 90 0 -5 -5 0 85 -90 0 10 5 0 0 0 0 -25 0 0 25 0 0 -25 0 0 0 0
5 -42 0 0 5 5 -245 90 0 -5 -5 0 85 -90 0 10 5 0 0 0 0 -75 0 0 25 0 0 -25 0 0 0 0
5 -42 0 0 5 5 -245 90 0 -5 -5 0 85 -90 0 10 5 0 0 0 0 -100 0 0 25 0 0 -25 0 0 0 0
5 -42 0 0 5 5 -245 90 0 -5 -5 0 85 -90 0 10 5 0 0 0 0 -65 0 0 25 0 0 -25 0 0 0 0
5 -42 0 0 5 5 -245 90 0 -5 -5 0 85 -90 0 10 5 0 0 0 0 -30 0 0 25 0 0 -25 0 0 0 0
5 -42 0 0 5 5 -245 90 0 -5 -5 0 85 -90 0 10 5 0 0 0 0 -75 0 0 25 0 0 -25 0 0 0 0
5 -42 0 0 5 5 -245 90 0 -5 -5 0 85 -90 0 10 5 0 0 0 0 -95 0 0 25 0 0 -25 0 0 0 0
5 -42 0 0 5 5 -245 90 0 -5 -5 0 85 -90 0 10 5 0 0 0 0 -115 0 0 25 0 0 -25 0 0 0 0
5 -42 0 0 5 5 -245 90 0 -5 -5 0 85 -90 0 10 5 0 0 0 0 -130 0 0 25 0 0 -25 0 0 0 0
5 -42 0 0 5 5 -245 90 0 -5 -5 0 85 -90 0 10 5 0 50 0 0 -130 0 0 25 0 0 -25 0 0 0 0
5 -42 0 0 5 5 -245 90 0 -5 -5 0 85 -90 0 10 5 0 80 0 0 -130 0 0 25 0 0 -25 0 0 0 0
5 -42 0 0 5 5 -245 90 0 -5 -5 0 85 -90 0 10 5 0 125 0 0 -130 0 0 25 0 0 -25 0 0 0 0
5 -42 0 0 5 5 -245 90 0 -5 -5 0 85 -90 0 10 5 0 70 0 0 -130 0 0 25 0 0 -25 0 0 0 0
5 -42 0 0 5 5 -245 90 0 -5 -5 0 85 -90 0 10 5 0 15 0 0 -130 0 0 25 0 0 -25 0 0 0 0
5 -42 0 0 5 5 -245 90 0 -5 -5 0 85 -90 0 10 5 0 80 0 0 -130 0 0 25 0 0 -25 0 0 0 0
5 -42 0 0 5 5 -245 90 0 -5 -5 0 85 -90 0 10 5 0 125 0 0 -130 0 0 25 0 0 -25 0 0 0 0
5 -42 0 0 5 5 -245 90 0 -5 -5 0 85 -90 0 10 5 0 55 0 0 -130 0 0 25 0 0 -25 0 0 0 0
5 -42 0 0 5 5 -245 90 0 -5 -5 0 85 -90 0 10 5 0 0 0 0 -130 0 0 25 0 0 -25 0 0 0 0
5 -42 0 0 5 5 -245 90 0 -5 -5 0 85 -90 0 10 5 0 0 0 0 -60 0 0 25 0 0 -25 0 0 0 0
5 -42 0 0 5 5 -245 90 0 -5 -5 0 85 -90 0 10 5 0 0 0 0 -25 0 0 25 0 0 -25 0 0 0 0
5 -42 0 0 5 5 -245 90 0 -5 -5 0 85 -90 0 10 5 0 0 0 0 -75 0 0 25 0 0 -25 0 0 0 0
5 -42 0 0 5 5 -245 90 0 -5 -5 0 85 -90 0 10 5 0 0 0 0 -100 0 0 25 0 0 -25 0 0 0 0
5 -42 0 0 5 5 -245 90 0 -5 -5 0 85 -90 0 10 5 0 0 0 0 -65 0 0 25 0 0 -25 0 0 0 0
5 -42 0 0 5 5 -245 90 0 -5 -5 0 85 -90 0 10 5 0 0 0 0 -30 0 0 25 0 0 -25 0 0 0 0
5 -42 0 0 5 5 -245 90 0 -5 -5 0 85 -90 0 10 5 0 0 0 0 -75 0 0 25 0 0 -25 0 0 0 0
5 -42 0 0 5 5 -245 90 0 -5 -5 0 85 -90 0 10 5 0 0 0 0 -95 0 0 25 0 0 -25 0 0 0 0
5 -42 0 0 5 5 -245 90 0 -5 -5 0 120 25 0 10 5 0 30 0 0 -95 0 0 25 0 0 -25 0 0 0 0
5 -42 0 0 5 5 -250 90 0 -5 -5 0 145 25 15 5 5 -35 30 0 0 -60 0 0 25 0 0 -25 0 0 0 0
5 -42 0 0 5 5 -275 90 0 -55 -5 0 170 25 0 5 5 -65 30 0 0 -60 0 0 25 0 0 -25 0 0 0 0
5 -42 0 0 5 5 -275 90 0 -55 0 0 170 25 -20 5 5 -65 30 0 0 -30 0 0 25 0 0 -25 0 0 0 0
5 -42 0 0 5 5 -275 90 0 -55 0 0 170 25 15 5 5 -65 30 0 0 -30 0 0 25 0 0 -25 0 0 0 0
5 -42 0 0 5 5 -275 90 0 -55 0 0 170 25 50 5 5 -65 30 0 0 -30 0 0 25 0 0 -25 0 0 0 0
5 -42 0 0 5 5 -275 90 0 -55 0 0 170 25 50 5 0 -35 30 0 0 -30 0 0 25 0 0 -25 0 0 0 0
5 -42 0 0 5 5 -275 90 0 -55 0 0 170 25 50 5 0 -5 30 0 0 -30 0 0 25 0 0 -25 0 0 0 0
5 -42 0 0 5 5 -275 90 0 -55 0 0 170 25 50 5 0 -50 30 0 0 -30 0 0 25 0 0 -25 0 0 0 0
5 -42 0 0 5 5 -275 90 0 -55 0 0 170 25 50 5 0 -75 30 0 0 -30 0 0 25 0 0 -25 0 0 0 0
5 -42 0 0 5 5 -275 90 0 -55 0 0 170 25 15 5 0 -75 30 0 0 -30 0 0 25 0 0 -25 0 0 0 0
5 -42 0 0 5 5 -275 90 0 -55 0 0 170 25 -15 5 0 -75 30 0 0 -30 0 0 25 0 0 -25 0 0 0 0
5 -42 0 0 5 5 -275 90 0 -55 0 0 170 25 -25 5 0 -75 30 0 0 -30 0 0 25 0 0 -25 0 0 0 0
5 -42 0 0 5 5 -275 90 0 -55 0 0 170 25 25 5 0 -75 30 0 0 -30 0 0 25 0 0 -25 0 0 0 0
5 -42 0 0 5 5 -275 90 0 -55 0 0 170 25 50 5 0 -75 30 0 0 -30 0 0 25 0 0 -25 0 0 0 0
5 -42 0 0 5 5 -275 90 0 -55 0 0 170 25 50 5 0 -40 30 0 0 -30 0 0 25 0 0 -25 0 0 0 0
5 -42 0 0 5 5 -275 90 0 -55 0 0 170 25 50 5 0 -5 30 0 0 -30 0 0 25 0 0 -25 0 0 0 0
5 -42 0 0 5 5 -275 90 0 -55 0 0 170 25 50 5 0 -50 30 0 0 -30 0 0 25 0 0 -25 0 0 0 0
5 -42 0 0 5 5 -275 90 0 -55 0 0 170 25 50 5 0 -75 30 0 0 -30 0 0 25 0 0 -25 0 0 0 0
5 -42 0 0 5 5 -275 90 0 -55 0 0 170 25 15 5 0 -75 30 0 0 -30 0 0 25 0 0 -25 0 0 0 0
5 -42 0 0 5 5 -275 90 0 -55 0 0 170 25 -15 5 0 -75 30 0 0 -30 0 0 25 0 0 -25 0 0 0 0
5 -42 0 0 5 5 -275 90 0 -55 0 0 170 25 -25 5 0 -75 30 0 0 -30 0 0 25 0 0 -25 0 0 0 0
5 -42 0 0 5 5 -275 90 0 -55 0 0 170 25 25 5 0 -75 30 0 0 -30 0 0 25 0 0 -25 0 0 0 0
5 -42 0 0 5 5 -275 90 0 -55 0 0 170 25 50 5 0 -75 30 0 0 -30 0 0 25 0 0 -25 0 0 0 0
5 -42 0 0 5 5 -275 90 0 -55 0 0 170 25 50 5 0 -40 30 0 0 -30 0 0 25 0 0 -25 0 0 0 0
5 -42 0 0 5 5 -275 90 0 -55 0 0 170 25 50 5 0 -5 30 0 0 -30 0 0 25 0 0 -25 0 0 0 0
5 -42 0 0 5 5 -275 90 0 -55 0 0 170 25 50 5 0 -50 30 0 0 -30 0 0 25 0 0 -25 0 0 0 0
5 -42 0 0 5 5 -275 90 0 -55 0 0 170 25 50 5 0 -75 30 0 0 -30 0 0 25 0 0 -25 0 0 0 0
5 -42 0 0 5 5 -275 90 0 -55 0 0 170 25 15 5 0 -75 30 0 0 -30 0 0 25 0 0 -25 0 0 0 0
5 -42 0 0 5 5 -275 90 0 -55 0 0 170 25 -15 5 0 -75 30 0 0 -30 0 0 25 0 0 -25 0 0 0 0
5 -42 0 0 5 5 -275 90 0 -55 0 0 170 25 -25 5 0 -75 30 0 0 -30 0 0 25 0 0 -25 0 0 0 0
5 -42 0 0 5 5 -275 90 0 -55 0 0 170 25 25 5 0 -75 30 0 0 -30 0 0 25 0 0 -25 0 0 0 0
5 -42 0 0 5 5 -275 90 0 -55 0 0 170 25 50 5 0 -75 30 0 0 -30 0 0 25 0 0 -25 0 0 0 0
5 -42 0 0 5 5 -275 90 0 -55 0 0 170 25 50 5 0 -40 30 0 0 -30 0 0 25 0 0 -25 0 0 0 0
5 -42 0 0 5 5 -275 90 0 -55 0 0 170 25 50 5 0 -5 30 0 0 -30 0 0 25 0 0 -25 0 0 0 0
5 -42 0 0 5 5 -275 90 0 -55 0 0 170 25 50 5 0 -50 30 0 0 -30 0 0 25 0 0 -25 0 0 0 0
5 -42 0 0 5 5 -275 90 0 -55 0 0 170 25 50 5 0 -75 30 0 0 -30 0 0 25 0 0 -25 0 0 0 0
5 -42 0 0 5 5 -275 90 0 -55 0 0 170 25 15 5 0 -75 30 0 0 -30 0 0 25 0 0 -25 0 0 0 0
5 -42 0 0 5 5 -275 90 0 -55 0 0 170 25 -15 5 0 -75 30 0 0 -30 0 0 25 0 0 -25 0 0 0 0
5 -42 0 0 5 5 -275 90 0 -55 0 0 170 25 -25 5 0 -75 30 0 0 -30 0 0 25 0 0 -25 0 0 0 0
5 -42 0 0 5 5 -275 90 0 -55 0 0 170 25 25 5 0 -75 30 0 0 -30 0 0 25 0 0 -25 0 0 0 0
5 -42 0 0 5 5 -275 90 0 -55 0 0 170 25 50 5 0 -75 30 0 0 -30 0 0 25 0 0 -25 0 0 0 0
5 -42 0 0 5 5 -275 90 0 -55 0 0 170 25 50 5 0 -40 30 0 0 -30 0 0 25 0 0 -25 0 0 0 0
5 -42 0 0 5 5 -275 90 0 -55 0 0 170 25 50 5 0 -5 30 0 0 -30 0 0 25 0 0 -25 0 0 0 0
5 -42 0 0 5 5 -275 90 0 -55 0 0 170 25 50 5 0 -50 30 0 0 -30 0 0 25 0 0 -25 0 0 0 0
5 -42 0 0 5 5 -275 90 0 -55 0 0 170 25 50 5 0 -75 30 0 0 -30 0 0 25 0 0 -25 0 0 0 0
5 -42 0 0 5 5 -275 90 0 -55 0 0 170 25 15 5 0 -75 30 0 0 -30 0 0 25 0 0 -25 0 0 0 0
5 -42 0 0 5 5 -275 90 0 -55 0 0 170 25 -15 5 0 -75 30 0 0 -30 0 0 25 0 0 -25 0 0 0 0
5 -42 0 0 5 5 -275 90 0 -55 0 0 170 25 -25 5 0 -75 30 0 0 -30 0 0 25 0 0 -25 0 0 0 0
5 -42 0 0 5 5 -275 90 0 -55 0 0 170 25 25 5 0 -75 30 0 0 -30 0 0 25 0 0 -25 0 0 0 0
5 -42 0 0 5 5 -275 90 0 -55 0 0 170 25 50 5 0 -75 30 0 0 -30 0 0 25 0 0 -25 0 0 0 0
5 -42 0 0 5 5 -275 90 0 -55 0 0 170 25 50 5 0 -40 30 0 0 -30 0 0 25 0 0 -25 0 0 0 0
5 -42 0 0 5 5 -275 90 0 -55 0 0 170 25 50 5 0 -5 30 0 0 -30 0 0 25 0 0 -25 0 0 0 0
5 -42 0 0 5 5 -275 90 0 -55 0 0 170 25 50 5 0 -50 30 0 0 -30 0 0 25 0 0 -25 0 0 0 0
5 -42 0 0 5 5 -275 90 0 -55 0 0 170 25 50 5 0 -75 30 0 0 -30 0 0 25 0 0 -25 0 0 0 0
5 -42 0 0 5 5 -275 90 0 -55 0 0 170 25 15 5 0 -75 30 0 0 -30 0 0 25 0 0 -25 0 0 0 0
5 -42 0 0 5 5 -275 90 0 -55 0 0 170 25 -15 5 0 -75 30 0 0 -30 0 0 25 0 0 -25 0 0 0 0
5 -42 0 0 5 5 -275 90 0 -55 0 0 170 25 -25 5 0 -75 30 0 0 -30 0 0 25 0 0 -25 0 0 0 0
5 -42 0 0 5 5 -275 90 0 -55 0 0 170 25 25 5 0 -75 30 0 0 -30 0 0 25 0 0 -25 0 0 0 0
5 -42 0 0 5 5 -275 90 0 -55 0 0 170 25 50 5 0 -75 30 0 0 -30 0 0 25 0 0 -25 0 0 0 0
5 -42 0 0 5 5 -275 90 0 -55 0 0 170 25 50 5 0 -40 30 0 0 -30 0 0 25 0 0 -25 0 0 0 0
5 -42 0 0 5 5 -275 90 0 -55 0 0 170 25 50 5 0 -5 30 0 0 -30 0 0 25 0 0 -25 0 0 0 0
5 -42 0 0 5 5 -240 90 0 -55 0 0 170 25 50 5 0 -5 30 0 0 -30 0 0 25 0 0 -25 0 0 0 0
5 -42 0 0 5 5 -265 115 80 -55 0 0 170 25 50 5 0 -5 30 0 0 -30 0 0 25 0 0 -25 0 0 0 0
5 -42 0 0 5 5 -240 130 80 -95 0 0 170 25 50 5 0 -5 30 0 0 -30 0 0 25 0 0 -25 0 0 0 0
5 -42 0 0 5 5 -240 135 80 -110 0 0 170 25 50 5 0 -5 30 0 0 -30 0 0 25 0 0 -25 0 0 0 0
5 -42 0 0 5 5 -240 135 50 -110 0 0 170 25 50 5 0 -5 30 0 0 -30 0 0 25 0 0 -25 0 0 0 0
5 -42 0 0 5 5 -240 135 20 -110 0 0 170 25 50 5 0 -5 30 0 0 -30 0 0 25 0 0 -25 0 0 0 0
5 -42 0 0 5 5 -240 135 5 -110 0 0 170 25 50 5 0 -5 30 0 0 -30 0 0 25 0 0 -25 0 0 0 0
5 -42 0 0 5 5 -240 135 35 -110 0 0 170 25 50 5 0 -5 30 0 0 -30 0 0 25 0 0 -25 0 0 0 0
5 -42 0 0 5 5 -240 135 65 -110 0 0 170 25 50 5 0 -5 30 0 0 -30 0 0 25 0 0 -25 0 0 0 0
5 -42 0 0 5 5 -240 135 85 -110 0 0 170 25 50 5 0 -5 30 0 0 -30 0 0 25 0 0 -25 0 0 0 0
5 -42 0 0 5 5 -240 135 50 -110 0 0 170 25 50 5 0 -5 30 0 0 -30 0 0 25 0 0 -25 0 0 0 0
5 -42 0 0 5 5 -240 135 20 -110 0 0 170 25 50 5 0 -5 30 0 0 -30 0 0 25 0 0 -25 0 0 0 0
5 -42 0 0 5 5 -240 135 5 -110 0 0 170 25 50 5 0 -5 30 0 0 -30 0 0 25 0 0 -25 0 0 0 0
5 -42 0 0 5 5 -240 135 35 -110 0 0 170 25 50 5 0 -5 30 0 0 -30 0 0 25 0 0 -25 0 0 0 0
5 -42 0 0 5 5 -240 135 65 -110 0 0 170 25 50 5 0 -5 30 0 0 -30 0 0 25 0 0 -25 0 0 0 0
5 -42 0 0 5 5 -240 135 85 -110 0 0 170 25 50 5 0 -5 30 0 0 -30 0 0 25 0 0 -25 0 0 0 0
5 -42 0 0 5 5 -240 135 50 -110 0 0 170 25 50 5 0 -5 30 0 0 -30 0 0 25 0 0 -25 0 0 0 0
5 -42 0 0 5 5 -240 135 20 -110 0 0 170 25 50 5 0 -5 30 0 0 -30 0 0 25 0 0 -25 0 0 0 0
5 -42 0 0 5 5 -240 135 5 -110 0 0 170 25 50 5 0 -5 30 0 0 -30 0 0 25 0 0 -25 0 0 0 0
5 -42 0 0 5 5 -240 135 35 -110 0 0 170 25 50 5 0 -5 30 0 0 -30 0 0 25 0 0 -25 0 0 0 0
5 -42 0 0 5 5 -240 135 65 -110 0 0 170 25 50 5 0 -5 30 0 0 -30 0 0 25 0 0 -25 0 0 0 0
5 -42 0 0 5 5 -240 135 85 -110 0 0 170 25 50 5 0 -5 30 0 0 -30 0 0 25 0 0 -25 0 0 0 0
5 -42 0 0 5 5 -240 135 50 -110 0 0 170 25 50 5 0 -5 30 0 0 -30 0 0 25 0 0 -25 0 0 0 0
5 -42 0 0 5 5 -240 135 20 -110 0 0 170 25 50 5 0 -5 30 0 0 -30 0 0 25 0 0 -25 0 0 0 0
5 -42 0 0 5 5 -240 135 5 -110 0 0 170 25 50 5 0 -5 30 0 0 -30 0 0 25 0 0 -25 0 0 0 0
5 -42 0 0 5 5 -240 135 35 -110 0 0 170 25 50 5 0 -5 30 0 0 -30 0 0 25 0 0 -25 0 0 0 0
5 -42 0 0 5 5 -240 135 65 -110 0 0 170 25 50 5 0 -5 30 0 0 -30 0 0 25 0 0 -25 0 0 0 0
5 -42 0 0 5 5 -240 135 85 -110 0 0 170 25 50 5 0 -5 30 0 0 -30 0 0 25 0 0 -25 0 0 0 0
5 -42 0 0 5 5 -240 135 50 -110 0 0 170 25 50 5 0 -5 30 0 0 -30 0 0 25 0 0 -25 0 0 0 0
5 -42 0 0 5 5 -240 135 20 -110 0 0 170 25 50 5 0 -5 30 0 0 -30 0 0 25 0 0 -25 0 0 0 0
5 -42 0 0 5 5 -240 135 5 -110 0 0 170 25 50 5 0 -5 30 0 0 -30 0 0 25 0 0 -25 0 0 0 0
5 -42 0 0 5 5 -240 135 35 -110 0 0 170 25 50 5 0 -5 30 0 0 -30 0 0 25 0 0 -25 0 0 0 0
5 -42 0 0 5 5 -240 135 65 -110 0 0 170 25 50 5 0 -5 30 0 0 -30 0 0 25 0 0 -25 0 0 0 0
5 -42 0 0 5 5 -240 135 85 -110 0 0 170 25 50 5 0 -5 30 0 0 -30 0 0 25 0 0 -25 0 0 0 0
5 -42 0 0 5 5 -240 135 50 -110 0 0 170 25 50 5 0 -5 30 0 0 -30 0 0 25 0 0 -25 0 0 0 0
5 -42 0 0 5 5 -240 135 20 -110 0 0 170 25 50 5 0 -5 30 0 0 -30 0 0 25 0 0 -25 0 0 0 0
5 -42 0 0 5 5 -240 135 5 -110 0 0 170 25 50 5 0 -5 30 0 0 -30 0 0 25 0 0 -25 0 0 0 0
5 -42 0 0 5 5 -240 135 35 -110 0 0 170 25 50 5 0 -5 30 0 0 -30 0 0 25 0 0 -25 0 0 0 0
5 -42 0 0 5 5 -240 135 65 -110 0 0 170 25 50 5 0 -5 30 0 0 -30 0 0 25 0 0 -25 0 0 0 0
5 -42 0 0 5 5 -240 135 85 -110 0 0 170 25 50 5 0 -5 30 0 0 -30 0 0 25 0 0 -25 0 0 0 0
5 -42 0 0 5 5 -240 135 50 -110 0 0 170 25 50 5 0 -5 30 0 0 -30 0 0 25 0 0 -25 0 0 0 0
5 -42 0 0 5 5 -240 135 20 -110 0 0 170 25 50 5 0 -5 30 0 0 -30 0 0 25 0 0 -25 0 0 0 0
5 -42 0 0 5 5 -240 135 5 -110 0 0 170 25 50 5 0 -5 30 0 0 -30 0 0 25 0 0 -25 0 0 0 0
5 -42 0 0 5 5 -240 135 35 -110 0 0 170 25 50 5 0 -5 30 0 0 -30 0 0 25 0 0 -25 0 0 0 0
5 -42 0 0 5 5 -240 135 65 -110 0 0 170 25 50 5 0 -5 30 0 0 -30 0 0 25 0 0 -25 0 0 0 0
5 -42 0 0 5 5 -240 135 85 -110 0 0 170 25 50 5 0 -5 30 0 0 -30 0 0 25 0 0 -25 0 0 0 0
5 -42 0 0 5 5 -240 135 50 -110 0 0 170 25 50 5 0 -5 30 0 0 -30 0 0 25 0 0 -25 0 0 0 0
5 -42 0 0 5 5 -240 135 20 -110 0 0 170 25 50 5 0 -5 30 0 0 -30 0 0 25 0 0 -25 0 0 0 0
5 -42 0 0 5 5 -240 135 5 -110 0 0 170 25 50 5 0 -5 30 0 0 -30 0 0 25 0 0 -25 0 0 0 0
5 -42 0 0 5 5 -240 135 35 -110 0 0 170 25 50 5 0 -5 30 0 0 -30 0 0 25 0 0 -25 0 0 0 0
5 -42 0 0 5 5 -240 135 65 -110 0 0 170 25 50 5 0 -5 30 0 0 -30 0 0 25 0 0 -25 0 0 0 0
5 -42 0 0 5 5 -240 135 85 -110 0 0 170 25 50 5 0 -5 30 0 0 -30 0 0 25 0 0 -25 0 0 0 0
5 -42 0 0 5 5 -240 135 50 -110 0 0 170 25 50 5 0 -5 30 0 0 -30 0 0 25 0 0 -25 0 0 0 0
5 -42 0 0 5 5 -240 135 20 -110 0 0 170 25 50 5 0 -5 30 0 0 -30 0 0 25 0 0 -25 0 0 0 0
5 -42 0 0 5 5 -240 135 5 -110 0 0 170 25 50 5 0 -5 30 0 0 -30 0 0 25 0 0 -25 0 0 0 0
5 -42 0 0 5 5 -240 135 35 -110 0 0 170 25 50 5 0 -5 30 0 0 -30 0 0 25 0 0 -25 0 0 0 0
5 -42 0 0 5 5 -240 135 65 -110 0 0 170 25 50 5 0 -5 30 0 0 -30 0 0 25 0 0 -25 0 0 0 0
5 -42 0 0 5 5 -240 135 85 -110 0 0 170 25 50 5 0 -5 30 0 0 -30 0 0 25 0 0 -25 0 0 0 0
5 -42 0 0 5 5 -240 135 15 -110 0 0 175 -5 65 5 0 -50 30 0 0 -30 0 0 25 0 0 -25 0 0 0 0
5 -42 0 0 5 5 -255 160 15 -110 0 0 175 -40 95 5 0 -75 30 0 0 -30 0 0 25 0 0 -25 0 0 0 0
5 -42 0 0 5 5 -275 180 0 -110 0 0 145 -70 95 5 5 -90 30 0 0 -30 0 0 25 0 0 -25 0 0 0 0
5 -42 0 0 5 5 -310 180 0 -110 0 0 145 -90 95 5 5 -60 30 0 0 -30 0 0 25 0 0 -25 0 0 0 0
5 -42 0 0 5 5 -330 180 0 -95 5 0 105 -90 95 5 5 -85 30 0 0 -30 0 0 25 0 0 -25 0 0 0 0
5 -42 0 0 5 5 -340 180 0 -105 5 0 80 -90 95 5 5 -95 30 0 0 -30 0 0 25 0 0 -25 0 0 0 0
5 -42 0 0 5 5 -340 180 0 -105 5 0 120 -90 95 5 5 -95 75 0 0 -75 0 0 25 0 0 -25 0 0 0 0
5 -42 0 0 5 5 -340 180 0 -105 5 0 150 -90 95 5 5 -95 105 0 0 -105 0 0 25 0 0 -25 0 0 0 0
5 -42 0 0 5 5 -340 180 0 -105 5 0 195 -90 95 5 5 -95 120 0 0 -130 0 0 25 0 0 -25 0 0 0 0
5 -42 0 0 5 5 -340 180 0 -105 5 0 125 -90 95 5 5 -95 80 0 0 -85 0 0 25 0 0 -25 0 0 0 0
5 -42 0 0 5 5 -340 180 0 -105 5 0 85 -90 95 5 5 -95 30 0 0 -30 0 0 25 0 0 -25 0 0 0 0
5 -42 0 0 5 5 -295 180 0 -105 5 0 85 -90 95 5 5 -95 30 0 0 -30 0 0 75 0 0 -70 0 0 0 0
5 -42 0 0 5 5 -265 180 0 -105 5 0 85 -90 95 5 5 -95 30 0 0 -30 0 0 110 0 0 -100 0 0 0 0
5 -42 0 0 5 5 -240 180 0 -105 5 0 85 -90 95 5 5 -95 30 0 0 -30 0 0 130 0 0 -130 0 0 0 0
5 -42 0 0 5 5 -290 180 0 -105 5 0 85 -90 95 5 5 -95 30 0 0 -30 0 0 75 0 0 -85 0 0 0 0
5 -42 0 0 5 5 -340 180 0 -105 5 0 85 -90 95 5 5 -95 30 0 0 -30 0 0 30 0 0 -30 0 0 0 0
5 -42 0 0 5 5 -340 180 0 -105 5 0 120 -90 95 5 5 -95 75 0 0 -75 0 0 25 0 0 -25 0 0 0 0
5 -42 0 0 5 5 -340 180 0 -105 5 0 150 -90 95 5 5 -95 105 0 0 -105 0 0 25 0 0 -25 0 0 0 0
5 -42 0 0 5 5 -340 180 0 -105 5 0 195 -90 95 5 5 -95 120 0 0 -130 0 0 25 0 0 -25 0 0 0 0
5 -42 0 0 5 5 -340 180 0 -105 5 0 125 -90 95 5 5 -95 80 0 0 -85 0 0 25 0 0 -25 0 0 0 0
5 -42 0 0 5 5 -340 180 0 -105 5 0 85 -90 95 5 5 -95 30 0 0 -30 0 0 25 0 0 -25 0 0 0 0
5 -42 0 0 5 5 -295 180 0 -105 5 0 85 -90 95 5 5 -95 30 0 0 -30 0 0 75 0 0 -70 0 0 0 0
5 -42 0 0 5 5 -265 180 0 -105 5 0 85 -90 95 5 5 -95 30 0 0 -30 0 0 110 0 0 -100 0 0 0 0
5 -42 0 0 5 5 -240 180 0 -105 5 0 85 -90 95 5 5 -95 30 0 0 -30 0 0 130 0 0 -130 0 0 0 0
5 -42 0 0 5 5 -290 180 0 -105 5 0 85 -90 95 5 5 -95 30 0 0 -30 0 0 75 0 0 -85 0 0 0 0
5 -42 0 0 5 5 -340 180 0 -105 5 0 85 -90 95 5 5 -95 30 0 0 -30 0 0 30 0 0 -30 0 0 0 0
5 -42 0 0 5 5 -340 180 0 -105 5 0 120 -90 95 5 5 -95 75 0 0 -75 0 0 25 0 0 -25 0 0 0 0
5 -42 0 0 5 5 -340 180 0 -105 5 0 150 -90 95 5 5 -95 105 0 0 -105 0 0 25 0 0 -25 0 0 0 0
5 -42 0 0 5 5 -340 180 0 -105 5 0 195 -90 95 5 5 -95 120 0 0 -130 0 0 25 0 0 -25 0 0 0 0
5 -42 0 0 5 5 -340 180 0 -105 5 0 125 -90 95 5 5 -95 80 0 0 -85 0 0 25 0 0 -25 0 0 0 0
5 -42 0 0 5 5 -340 180 0 -105 5 0 85 -90 95 5 5 -95 30 0 0 -30 0 0 25 0 0 -25 0 0 0 0
5 -42 0 0 5 5 -295 180 0 -105 5 0 85 -90 95 5 5 -95 30 0 0 -30 0 0 75 0 0 -70 0 0 0 0
5 -42 0 0 5 5 -265 180 0 -105 5 0 85 -90 95 5 5 -95 30 0 0 -30 0 0 110 0 0 -100 0 0 0 0
5 -42 0 0 5 5 -240 180 0 -105 5 0 85 -90 95 5 5 -95 30 0 0 -30 0 0 130 0 0 -130 0 0 0 0
5 -42 0 0 5 5 -290 180 0 -105 5 0 85 -90 95 5 5 -95 30 0 0 -30 0 0 75 0 0 -85 0 0 0 0
5 -42 0 0 5 5 -340 180 0 -105 5 0 85 -90 95 5 5 -95 30 0 0 -30 0 0 30 0 0 -30 0 0 0 0
5 -42 0 0 5 5 -340 180 0 -105 5 0 120 -90 95 5 5 -95 75 0 0 -75 0 0 25 0 0 -25 0 0 0 0
5 -42 0 0 5 5 -340 180 0 -105 5 0 150 -90 95 5 5 -95 105 0 0 -105 0 0 25 0 0 -25 0 0 0 0
5 -42 0 0 5 5 -340 180 0 -105 5 0 195 -90 95 5 5 -95 120 0 0 -130 0 0 25 0 0 -25 0 0 0 0
5 -42 0 0 5 5 -340 180 0 -105 5 0 125 -90 95 5 5 -95 80 0 0 -85 0 0 25 0 0 -25 0 0 0 0
5 -42 0 0 5 5 -340 180 0 -105 5 0 85 -90 95 5 5 -95 30 0 0 -30 0 0 25 0 0 -25 0 0 0 0
5 -42 0 0 5 5 -295 180 0 -105 5 0 85 -90 95 5 5 -95 30 0 0 -30 0 0 75 0 0 -70 0 0 0 0
5 -42 0 0 5 5 -265 180 0 -105 5 0 85 -90 95 5 5 -95 30 0 0 -30 0 0 110 0 0 -100 0 0 0 0
5 -42 0 0 5 5 -240 180 0 -105 5 0 85 -90 95 5 5 -95 30 0 0 -30 0 0 130 0 0 -130 0 0 0 0
5 -42 0 0 5 5 -290 180 0 -105 5 0 85 -90 95 5 5 -95 30 0 0 -30 0 0 75 0 0 -85 0 0 0 0
5 -42 0 0 5 5 -340 180 0 -105 5 0 85 -90 95 5 5 -95 30 0 0 -30 0 0 30 0 0 -30 0 0 0 0
5 -42 0 0 5 5 -340 180 0 -105 5 0 120 -90 95 5 5 -95 75 0 0 -75 0 0 25 0 0 -25 0 0 0 0
5 -42 0 0 5 5 -340 180 0 -105 5 0 150 -90 95 5 5 -95 105 0 0 -105 0 0 25 0 0 -25 0 0 0 0
5 -42 0 0 5 5 -340 180 0 -105 5 0 195 -90 95 5 5 -95 120 0 0 -130 0 0 25 0 0 -25 0 0 0 0
5 -42 0 0 5 5 -340 180 0 -105 5 0 125 -90 95 5 5 -95 80 0 0 -85 0 0 25 0 0 -25 0 0 0 0
5 -42 0 0 5 5 -340 180 0 -105 5 0 85 -90 95 5 5 -95 30 0 0 -30 0 0 25 0 0 -25 0 0 0 0
5 -42 0 0 5 5 -295 180 0 -105 5 0 85 -90 95 5 5 -95 30 0 0 -30 0 0 75 0 0 -70 0 0 0 0
5 -42 0 0 5 5 -265 180 0 -105 5 0 85 -90 95 5 5 -95 30 0 0 -30 0 0 110 0 0 -100 0 0 0 0
5 -42 0 0 5 5 -240 180 0 -105 5 0 85 -90 95 5 5 -95 30 0 0 -30 0 0 130 0 0 -130 0 0 0 0
5 -42 0 0 5 5 -290 180 0 -105 5 0 85 -90 95 5 5 -95 30 0 0 -30 0 0 75 0 0 -85 0 0 0 0
5 -42 0 0 5 5 -340 180 0 -105 5 0 85 -90 95 5 5 -95 30 0 0 -30 0 0 30 0 0 -30 0 0 0 0
5 -42 0 0 5 5 -340 180 0 -105 5 0 120 -90 95 5 5 -95 75 0 0 -75 0 0 25 0 0 -25 0 0 0 0
5 -42 0 0 5 5 -340 180 0 -105 5 0 150 -90 95 5 5 -95 105 0 0 -105 0 0 25 0 0 -25 0 0 0 0
5 -42 0 0 5 5 -340 180 0 -105 5 0 195 -90 95 5 5 -95 120 0 0 -130 0 0 25 0 0 -25 0 0 0 0
5 -42 0 0 5 5 -340 180 0 -105 5 0 125 -90 95 5 5 -95 80 0 0 -85 0 0 25 0 0 -25 0 0 0 0
5 -42 0 0 5 5 -340 180 0 -105 5 0 85 -90 95 5 5 -95 30 0 0 -30 0 0 25 0 0 -25 0 0 0 0
5 -42 0 0 5 5 -295 180 0 -105 5 0 85 -90 95 5 5 -95 30 0 0 -30 0 0 75 0 0 -70 0 0 0 0
5 -42 0 0 5 5 -265 180 0 -105 5 0 85 -90 95 5 5 -95 30 0 0 -30 0 0 110 0 0 -100 0 0 0 0
5 -42 0 0 5 5 -240 180 0 -105 5 0 85 -90 95 5 5 -95 30 0 0 -30 0 0 130 0 0 -130 0 0 0 0
5 -42 0 0 5 5 -290 180 0 -105 5 0 85 -90 95 5 5 -95 30 0 0 -30 0 0 75 0 0 -85 0 0 0 0
5 -42 0 0 5 5 -340 180 0 -105 5 0 85 -90 95 5 5 -95 30 0 0 -30 0 0 30 0 0 -30 0 0 0 0
5 -42 0 0 5 5 -340 180 0 -105 5 0 120 -90 95 5 5 -95 75 0 0 -75 0 0 25 0 0 -25 0 0 0 0
5 -42 0 0 5 5 -340 180 0 -105 5 0 150 -90 95 5 5 -95 105 0 0 -105 0 0 25 0 0 -25 0 0 0 0
5 -42 0 0 5 5 -340 180 0 -105 5 0 195 -90 95 5 5 -95 120 0 0 -130 0 0 25 0 0 -25 0 0 0 0
5 -42 0 0 5 5 -340 180 0 -105 5 0 125 -90 95 5 5 -95 80 0 0 -85 0 0 25 0 0 -25 0 0 0 0
5 -42 0 0 5 5 -340 180 0 -105 5 0 85 -90 95 5 5 -95 30 0 0 -30 0 0 25 0 0 -25 0 0 0 0
5 -42 0 0 5 5 -295 180 0 -105 5 0 85 -90 95 5 5 -95 30 0 0 -30 0 0 75 0 0 -70 0 0 0 0
5 -42 0 0 5 5 -265 180 0 -105 5 0 85 -90 95 5 5 -95 30 0 0 -30 0 0 110 0 0 -100 0 0 0 0
5 -42 0 0 5 5 -240 180 0 -105 5 0 85 -90 95 5 5 -95 30 0 0 -30 0 0 130 0 0 -130 0 0 0 0
5 -42 0 0 5 5 -290 180 0 -105 5 0 85 -90 95 5 5 -95 30 0 0 -30 0 0 75 0 0 -85 0 0 0 0
5 -42 0 0 5 5 -340 180 0 -105 5 0 85 -90 95 5 5 -95 30 0 0 -30 0 0 30 0 0 -30 0 0 0 0
5 -42 0 0 5 5 -340 180 0 -105 5 0 120 -90 95 5 5 -95 75 0 0 -75 0 0 25 0 0 -25 0 0 0 0
5 -42 0 0 5 5 -340 180 0 -105 5 0 150 -90 95 5 5 -95 105 0 0 -105 0 0 25 0 0 -25 0 0 0 0
5 -42 0 0 5 5 -340 180 0 -105 5 0 195 -90 95 5 5 -95 120 0 0 -130 0 0 25 0 0 -25 0 0 0 0
5 -42 0 0 5 5 -340 180 0 -105 5 0 125 -90 95 5 5 -95 80 0 0 -85 0 0 25 0 0 -25 0 0 0 0
5 -42 0 0 5 5 -340 180 0 -105 5 0 85 -90 95 5 5 -95 30 0 0 -30 0 0 25 0 0 -25 0 0 0 0
5 -42 0 0 5 5 -295 180 0 -105 5 0 85 -90 95 5 5 -95 30 0 0 -30 0 0 75 0 0 -70 0 0 0 0
5 -42 0 0 5 5 -265 180 0 -105 5 0 85 -90 95 5 5 -95 30 0 0 -30 0 0 110 0 0 -100 0 0 0 0
5 -42 0 0 5 5 -240 180 0 -105 5 0 85 -90 95 5 5 -95 30 0 0 -30 0 0 130 0 0 -130 0 0 0 0
5 -42 0 0 5 5 -290 180 0 -105 5 0 85 -90 95 5 5 -95 30 0 0 -30 0 0 75 0 0 -85 0 0 0 0
5 -42 0 0 5 5 -340 180 0 -105 5 0 85 -90 95 5 5 -95 30 0 0 -30 0 0 30 0 0 -30 0 0 0 0
5 -42 0 0 5 5 -340 180 0 -105 5 0 120 -90 95 5 5 -95 75 0 0 -75 0 0 25 0 0 -25 0 0 0 0
5 -42 0 0 5 5 -340 180 0 -105 5 0 150 -90 95 5 5 -95 105 0 0 -105 0 0 25 0 0 -25 0 0 0 0
5 -42 0 0 5 5 -340 180 0 -105 5 0 195 -90 95 5 5 -95 120 0 0 -130 0 0 25 0 0 -25 0 0 0 0
5 -42 0 0 5 5 -340 180 0 -105 5 0 125 -90 95 5 5 -95 80 0 0 -85 0 0 25 0 0 -25 0 0 0 0
5 -42 0 0 5 5 -340 180 0 -105 5 0 85 -90 95 5 5 -95 30 0 0 -30 0 0 25 0 0 -25 0 0 0 0
5 -42 0 0 5 5 -295 180 0 -105 5 0 85 -90 95 5 5 -95 30 0 0 -30 0 0 75 0 0 -70 0 0 0 0
5 -42 0 0 5 5 -265 180 0 -105 5 0 85 -90 95 5 5 -95 30 0 0 -30 0 0 110 0 0 -100 0 0 0 0
5 -42 0 0 5 5 -240 180 0 -105 5 0 85 -90 95 5 5 -95 30 0 0 -30 0 0 130 0 0 -130 0 0 0 0
5 -42 0 0 5 5 -290 180 0 -105 5 0 85 -90 95 5 5 -95 30 0 0 -30 0 0 75 0 0 -85 0 0 0 0
5 -42 0 0 5 5 -340 180 0 -105 5 0 85 -90 95 5 5 -95 30 0 0 -30 0 0 30 0 0 -30 0 0 0 0
5 -42 0 0 5 5 -340 180 0 -105 5 0 120 -90 95 5 5 -95 75 0 0 -75 0 0 25 0 0 -25 0 0 0 0
5 -42 0 0 5 5 -340 180 0 -105 5 0 150 -90 95 5 5 -95 105 0 0 -105 0 0 25 0 0 -25 0 0 0 0
5 -42 0 0 5 5 -340 180 0 -105 5 0 195 -90 95 5 5 -95 120 0 0 -130 0 0 25 0 0 -25 0 0 0 0
5 -42 0 0 5 5 -340 180 0 -105 5 0 125 -90 95 5 5 -95 80 0 0 -85 0 0 25 0 0 -25 0 0 0 0
5 -42 0 0 5 5 -340 180 0 -105 5 0 85 -90 95 5 5 -95 30 0 0 -30 0 0 25 0 0 -25 0 0 0 0
5 -42 0 0 5 5 -295 180 0 -105 5 0 85 -90 95 5 5 -95 30 0 0 -30 0 0 75 0 0 -70 0 0 0 0
5 -42 0 0 5 5 -265 180 0 -105 5 0 85 -90 95 5 5 -95 30 0 0 -30 0 0 110 0 0 -100 0 0 0 0
5 -42 0 0 5 5 -240 180 0 -105 5 0 85 -90 95 5 5 -95 30 0 0 -30 0 0 130 0 0 -130 0 0 0 0
5 -42 0 0 5 5 -290 180 0 -105 5 0 85 -90 95 5 5 -95 30 0 0 -30 0 0 75 0 0 -85 0 0 0 0
5 -42 0 0 5 5 -340 180 0 -105 5 0 85 -90 95 5 5 -95 30 0 0 -30 0 0 30 0 0 -30 0 0 0 0
5 -42 0 0 5 5 -340 180 0 -105 5 0 120 -90 95 5 5 -95 75 0 0 -75 0 0 25 0 0 -25 0 0 0 0
5 -42 0 0 5 5 -340 180 0 -105 5 0 150 -90 95 5 5 -95 105 0 0 -105 0 0 25 0 0 -25 0 0 0 0
5 -42 0 0 5 5 -340 180 0 -105 5 0 195 -90 95 5 5 -95 120 0 0 -130 0 0 25 0 0 -25 0 0 0 0
5 -42 0 0 5 5 -340 180 0 -105 5 0 125 -90 95 5 5 -95 80 0 0 -85 0 0 25 0 0 -25 0 0 0 0
5 -42 0 0 5 5 -340 180 0 -105 5 0 85 -90 95 5 5 -95 30 0 0 -30 0 0 25 0 0 -25 0 0 0 0
5 -42 0 0 5 5 -295 180 0 -105 5 0 85 -90 95 5 5 -95 30 0 0 -30 0 0 75 0 0 -70 0 0 0 0
5 -42 0 0 5 5 -265 180 0 -105 5 0 85 -90 95 5 5 -95 30 0 0 -30 0 0 110 0 0 -100 0 0 0 0
5 -42 0 0 5 5 -240 180 0 -105 5 0 85 -90 95 5 5 -95 30 0 0 -30 0 0 130 0 0 -130 0 0 0 0
5 -42 0 0 5 5 -290 180 0 -105 5 0 85 -90 95 5 5 -95 30 0 0 -30 0 0 75 0 0 -85 0 0 0 0
5 -42 0 0 5 5 -340 180 0 -105 5 0 85 -90 95 5 5 -95 30 0 0 -30 0 0 30 0 0 -30 0 0 0 0
5 -42 0 0 5 5 -340 180 0 -105 5 0 120 -90 95 5 5 -95 75 0 0 -75 0 0 25 0 0 -25 0 0 0 0
5 -42 0 0 5 5 -340 180 0 -105 5 0 150 -90 95 5 5 -95 105 0 0 -105 0 0 25 0 0 -25 0 0 0 0
5 -42 0 0 5 5 -340 180 0 -105 5 0 195 -90 95 5 5 -95 120 0 0 -130 0 0 25 0 0 -25 0 0 0 0
5 -42 0 0 5 5 -340 180 0 -105 5 0 125 -90 95 5 5 -95 80 0 0 -85 0 0 25 0 0 -25 0 0 0 0
5 -42 0 0 5 5 -340 180 0 -105 5 0 85 -90 95 5 5 -95 30 0 0 -30 0 0 25 0 0 -25 0 0 0 0
5 -42 0 0 5 5 -295 180 0 -105 5 0 85 -90 95 5 5 -95 30 0 0 -30 0 0 75 0 0 -70 0 0 0 0
5 -42 0 0 5 5 -265 180 0 -105 5 0 85 -90 95 5 5 -95 30 0 0 -30 0 0 110 0 0 -100 0 0 0 0
5 -42 0 0 5 5 -240 180 0 -105 5 0 85 -90 95 5 5 -95 30 0 0 -30 0 0 130 0 0 -130 0 0 0 0
5 -42 0 0 5 5 -290 180 0 -105 5 0 85 -90 95 5 5 -95 30 0 0 -30 0 0 75 0 0 -85 0 0 0 0
5 -42 0 0 5 5 -340 180 0 -105 5 0 85 -90 95 5 5 -95 30 0 0 -30 0 0 30 0 0 -30 0 0 0 0
5 -42 0 0 5 5 -340 180 0 -105 5 0 120 -90 95 5 5 -95 75 0 0 -75 0 0 25 0 0 -25 0 0 0 0
5 -42 0 0 5 5 -340 180 0 -105 5 0 150 -90 95 5 5 -95 105 0 0 -105 0 0 25 0 0 -25 0 0 0 0
5 -42 0 0 5 5 -340 180 0 -105 5 0 195 -90 95 5 5 -95 120 0 0 -130 0 0 25 0 0 -25 0 0 0 0
5 -42 0 0 5 5 -340 180 0 -105 5 0 125 -90 95 5 5 -95 80 0 0 -85 0 0 25 0 0 -25 0 0 0 0
5 -42 0 0 5 5 -340 180 0 -105 5 0 85 -90 95 5 5 -95 30 0 0 -30 0 0 25 0 0 -25 0 0 0 0
5 -42 0 0 5 5 -295 180 0 -105 5 0 85 -90 95 5 5 -95 30 0 0 -30 0 0 75 0 0 -70 0 0 0 0
5 -42 0 0 5 5 -265 180 0 -105 5 0 85 -90 95 5 5 -95 30 0 0 -30 0 0 110 0 0 -100 0 0 0 0
5 -42 0 0 5 5 -240 180 0 -105 5 0 85 -90 95 5 5 -95 30 0 0 -30 0 0 130 0 0 -130 0 0 0 0
5 -42 0 0 5 5 -290 180 0 -105 5 0 85 -90 95 5 5 -95 30 0 0 -30 0 0 75 0 0 -85 0 0 0 0
5 -42 0 0 5 5 -340 180 0 -105 5 0 85 -90 95 5 5 -95 30 0 0 -30 0 0 30 0 0 -30 0 0 0 0
5 -42 0 0 5 5 -290 180 0 -105 5 0 130 -90 95 5 5 -95 30 0 0 -30 0 0 30 0 0 -30 0 0 0 0
5 -42 0 0 5 5 -290 180 0 -140 5 0 155 -90 95 175 175 40 30 0 0 -30 0 0 30 0 0 -30 0 0 0 0
5 -42 0 0 5 5 -290 180 0 -140 5 0 190 -90 95 175 175 145 30 0 0 -30 0 0 30 0 0 -30 0 0 0 0
5 -42 0 0 5 5 -290 180 0 -140 5 0 140 -90 95 175 175 20 30 0 0 -30 0 0 30 0 0 -30 0 0 0 0
5 -42 0 0 5 5 -245 180 0 -30 5 0 140 -90 95 175 175 20 30 0 0 -30 0 0 30 0 0 -30 0 0 0 0
5 -42 0 0 5 5 -310 180 0 -170 5 0 140 -90 95 175 175 20 30 0 0 -30 0 0 30 0 0 -30 0 0 0 0
5 -42 0 0 5 5 -290 180 0 -140 5 0 190 -90 95 175 175 145 30 0 0 -30 0 0 30 0 0 -30 0 0 0 0
5 -42 0 0 5 5 -290 180 0 -140 5 0 140 -90 95 175 175 20 30 0 0 -30 0 0 30 0 0 -30 0 0 0 0
5 -42 0 0 5 5 -245 180 0 -30 5 0 140 -90 95 175 175 20 30 0 0 -30 0 0 30 0 0 -30 0 0 0 0
5 -42 0 0 5 5 -310 180 0 -170 5 0 140 -90 95 175 175 20 30 0 0 -30 0 0 30 0 0 -30 0 0 0 0
5 -42 0 0 5 5 -290 180 0 -140 5 0 190 -90 95 175 175 145 30 0 0 -30 0 0 30 0 0 -30 0 0 0 0
5 -42 0 0 5 5 -290 180 0 -140 5 0 140 -90 95 175 175 20 30 0 0 -30 0 0 30 0 0 -30 0 0 0 0
5 -42 0 0 5 5 -245 180 0 -30 5 0 140 -90 95 175 175 20 30 0 0 -30 0 0 30 0 0 -30 0 0 0 0
5 -42 0 0 5 5 -310 180 0 -170 5 0 140 -90 95 175 175 20 30 0 0 -30 0 0 30 0 0 -30 0 0 0 0
5 -42 0 0 5 5 -290 180 0 -140 5 0 190 -90 95 175 175 145 30 0 0 -30 0 0 30 0 0 -30 0 0 0 0
5 -42 0 0 5 5 -290 180 0 -140 5 0 140 -90 95 175 175 20 30 0 0 -30 0 0 30 0 0 -30 0 0 0 0
5 -42 0 0 5 5 -245 180 0 -30 5 0 140 -90 95 175 175 20 30 0 0 -30 0 0 30 0 0 -30 0 0 0 0
5 -42 0 0 5 5 -310 180 0 -170 5 0 140 -90 95 175 175 20 30 0 0 -30 0 0 30 0 0 -30 0 0 0 0
5 -42 0 0 5 5 -290 180 0 -140 5 0 190 -90 95 175 175 145 30 0 0 -30 0 0 30 0 0 -30 0 0 0 0
5 -42 0 0 5 5 -290 180 0 -140 5 0 140 -90 95 175 175 20 30 0 0 -30 0 0 30 0 0 -30 0 0 0 0
5 -42 0 0 5 5 -245 180 0 -30 5 0 140 -90 95 175 175 20 30 0 0 -30 0 0 30 0 0 -30 0 0 0 0
5 -42 0 0 5 5 -310 180 0 -170 5 0 140 -90 95 175 175 20 30 0 0 -30 0 0 30 0 0 -30 0 0 0 0
5 -42 0 0 5 5 -290 180 0 -140 5 0 190 -90 95 175 175 145 30 0 0 -30 0 0 30 0 0 -30 0 0 0 0
5 -42 0 0 5 5 -290 180 0 -140 5 0 140 -90 95 175 175 20 30 0 0 -30 0 0 30 0 0 -30 0 0 0 0
5 -42 0 0 5 5 -245 180 0 -30 5 0 140 -90 95 175 175 20 30 0 0 -30 0 0 30 0 0 -30 0 0 0 0
5 -42 0 0 5 5 -310 180 0 -170 5 0 140 -90 95 175 175 20 30 0 0 -30 0 0 30 0 0 -30 0 0 0 0
5 -42 0 0 5 5 -290 180 0 -140 5 0 190 -90 95 175 175 145 30 0 0 -30 0 0 30 0 0 -30 0 0 0 0
5 -42 0 0 5 5 -290 180 0 -140 5 0 140 -90 95 175 175 20 30 0 0 -30 0 0 30 0 0 -30 0 0 0 0
5 -42 0 0 5 5 -245 180 0 -30 5 0 140 -90 95 175 175 20 30 0 0 -30 0 0 30 0 0 -30 0 0 0 0
5 -42 0 0 5 5 -310 180 0 -170 5 0 140 -90 95 175 175 20 30 0 0 -30 0 0 30 0 0 -30 0 0 0 0
5 -42 0 0 5 5 -290 180 0 -140 5 0 190 -90 95 175 175 145 30 0 0 -30 0 0 30 0 0 -30 0 0 0 0
5 -42 0 0 5 5 -290 180 0 -140 5 0 140 -90 95 175 175 20 30 0 0 -30 0 0 30 0 0 -30 0 0 0 0
5 -42 0 0 5 5 -245 180 0 -30 5 0 140 -90 95 175 175 20 30 0 0 -30 0 0 30 0 0 -30 0 0 0 0
5 -42 0 0 5 5 -310 180 0 -170 5 0 140 -90 95 175 175 20 30 0 0 -30 0 0 30 0 0 -30 0 0 0 0
5 -42 0 0 5 5 -290 180 0 -140 5 0 190 -90 95 175 175 145 30 0 0 -30 0 0 30 0 0 -30 0 0 0 0
5 -42 0 0 5 5 -290 180 0 -140 5 0 140 -90 95 175 175 20 30 0 0 -30 0 0 30 0 0 -30 0 0 0 0
5 -42 0 0 5 5 -245 180 0 -30 5 0 140 -90 95 175 175 20 30 0 0 -30 0 0 30 0 0 -30 0 0 0 0
5 -42 0 0 5 5 -310 180 0 -170 5 0 140 -90 95 175 175 20 30 0 0 -30 0 0 30 0 0 -30 0 0 0 0
5 -42 0 0 5 5 -290 180 0 -140 5 0 190 -90 95 175 175 145 30 0 0 -30 0 0 30 0 0 -30 0 0 0 0
5 -42 0 0 5 5 -310 180 0 -170 5 0 140 -90 95 175 175 20 30 0 0 -30 0 0 95 0 0 -95 0 0 0 0
5 -42 0 0 5 5 -310 180 0 -170 5 0 140 -90 95 175 175 20 30 0 0 -30 0 0 115 0 0 -25 0 0 0 0
5 -42 0 0 5 5 -310 180 0 -170 5 0 140 -90 95 175 175 20 30 0 0 -30 0 0 60 0 0 -60 0 0 0 0
5 -42 0 0 5 5 -310 180 0 -170 5 0 140 -90 95 175 175 20 30 0 0 -30 0 0 30 0 0 -25 0 0 0 0
5 -42 0 0 5 5 -290 180 0 -140 5 0 140 -90 95 175 175 20 30 0 0 -30 0 0 30 0 0 -30 0 0 0 0
5 -42 0 0 5 5 -245 180 0 -30 5 0 140 -90 95 175 175 20 30 0 0 -30 0 0 30 0 0 -30 0 0 0 0
5 -42 0 0 5 5 -310 180 0 -170 5 0 140 -90 95 175 175 20 30 0 0 -30 0 0 30 0 0 -30 0 0 0 0
5 -42 0 0 5 5 -290 180 0 -140 5 0 190 -90 95 175 175 145 30 0 0 -30 0 0 30 0 0 -30 0 0 0 0
5 -42 0 0 5 5 -290 180 0 -140 5 0 140 -90 95 175 175 20 30 0 0 -30 0 0 30 0 0 -30 0 0 0 0
5 -42 0 0 5 5 -245 180 0 -30 5 0 140 -90 95 175 175 20 30 0 0 -30 0 0 30 0 0 -30 0 0 0 0
5 -42 0 0 5 5 -310 180 0 -170 5 0 140 -90 95 175 175 20 30 0 0 -30 0 0 30 0 0 -30 0 0 0 0
5 -42 0 0 5 5 -290 180 0 -140 5 0 190 -90 95 175 175 145 30 0 0 -30 0 0 30 0 0 -30 0 0 0 0
5 -42 0 0 5 5 -290 180 0 -140 5 0 140 -90 95 175 175 20 30 0 0 -30 0 0 30 0 0 -30 0 0 0 0
5 -42 0 0 5 5 -245 180 0 -30 5 0 140 -90 95 175 175 20 30 0 0 -30 0 0 30 0 0 -30 0 0 0 0
5 -42 0 0 5 5 -310 180 0 -170 5 0 140 -90 95 175 175 20 30 0 0 -30 0 0 30 0 0 -30 0 0 0 0
5 -42 0 0 5 5 -290 180 0 -140 5 0 190 -90 95 175 175 145 30 0 0 -30 0 0 30 0 0 -30 0 0 0 0
5 -42 0 0 5 5 -310 180 0 -170 5 0 140 -90 95 175 175 20 30 0 0 -30 0 0 95 0 0 -95 0 0 0 0
5 -42 0 0 5 5 -310 180 0 -170 5 0 140 -90 95 175 175 20 30 0 0 -30 0 0 115 0 0 -25 0 0 0 0
5 -42 0 0 5 5 -310 180 0 -170 5 0 140 -90 95 175 175 20 30 0 0 -30 0 0 60 0 0 -60 0 0 0 0
5 -42 0 0 5 5 -310 180 0 -170 5 0 140 -90 95 175 175 20 30 0 0 -30 0 0 30 0 0 -25 0 0 0 0
5 -42 0 0 5 5 -290 180 0 -140 5 0 190 -90 95 175 175 145 30 0 0 -30 0 0 30 0 0 -30 0 0 0 0
5 -42 0 0 5 5 -290 180 0 -140 5 0 140 -90 95 175 175 20 30 0 0 -30 0 0 30 0 0 -30 0 0 0 0
5 -42 0 0 5 5 -245 180 0 -30 5 0 140 -90 95 175 175 20 30 0 0 -30 0 0 30 0 0 -30 0 0 0 0
5 -42 0 0 5 5 -310 180 0 -170 5 0 140 -90 95 175 175 20 30 0 0 -30 0 0 30 0 0 -30 0 0 0 0
5 -42 0 0 5 5 -290 180 0 -140 5 0 190 -90 95 175 175 145 30 0 0 -30 0 0 30 0 0 -30 0 0 0 0
5 -42 0 0 5 5 -290 180 0 -140 5 0 140 -90 95 175 175 20 30 0 0 -30 0 0 30 0 0 -30 0 0 0 0
5 -42 0 0 5 5 -245 180 0 -30 5 0 140 -90 95 175 175 20 30 0 0 -30 0 0 30 0 0 -30 0 0 0 0
5 -42 0 0 5 5 -310 180 0 -170 5 0 140 -90 95 175 175 20 30 0 0 -30 0 0 30 0 0 -30 0 0 0 0
5 -42 0 0 5 5 -290 180 0 -140 5 0 190 -90 95 175 175 145 30 0 0 -30 0 0 30 0 0 -30 0 0 0 0
5 -42 0 0 5 5 -290 180 0 -140 5 0 140 -90 95 175 175 20 30 0 0 -30 0 0 30 0 0 -30 0 0 0 0
5 -42 0 0 5 5 -245 180 0 -30 5 0 140 -90 95 175 175 20 30 0 0 -30 0 0 30 0 0 -30 0 0 0 0
5 -42 0 0 5 5 -310 180 0 -170 5 0 140 -90 95 175 175 20 30 0 0 -30 0 0 30 0 0 -30 0 0 0 0
5 -42 0 0 5 5 -290 180 0 -140 5 0 190 -90 95 175 175 145 30 0 0 -30 0 0 30 0 0 -30 0 0 0 0
5 -42 0 0 5 5 -290 180 0 -140 5 0 140 -90 95 175 175 20 30 0 0 -30 0 0 30 0 0 -30 0 0 0 0
5 -42 0 0 5 5 -245 180 0 -30 5 0 140 -90 95 175 175 20 30 0 0 -30 0 0 30 0 0 -30 0 0 0 0
5 -42 0 0 5 5 -310 180 0 -170 5 0 140 -90 95 175 175 20 30 0 0 -30 0 0 30 0 0 -30 0 0 0 0
5 -42 0 0 5 5 -290 180 0 -140 5 0 190 -90 95 175 175 145 30 0 0 -30 0 0 30 0 0 -30 0 0 0 0
5 -42 0 0 5 5 -290 180 0 -140 5 0 140 -90 95 175 175 20 30 0 0 -30 0 0 30 0 0 -30 0 0 0 0
5 -42 0 0 5 5 -245 180 0 -30 5 0 140 -90 95 175 175 20 30 0 0 -30 0 0 30 0 0 -30 0 0 0 0
5 -42 0 0 5 5 -310 180 0 -170 5 0 140 -90 95 175 175 20 30 0 0 -30 0 0 30 0 0 -30 0 0 0 0
5 -42 0 0 5 5 -290 180 0 -140 5 0 190 -90 95 175 175 145 30 0 0 -30 0 0 30 0 0 -30 0 0 0 0
5 -42 0 0 5 5 -290 180 0 -140 5 0 140 -90 95 175 175 20 30 0 0 -30 0 0 30 0 0 -30 0 0 0 0
5 -42 0 0 5 5 -245 180 0 -30 5 0 140 -90 95 175 175 20 30 0 0 -30 0 0 30 0 0 -30 0 0 0 0
5 -42 0 0 5 5 -310 180 0 -170 5 0 140 -90 95 175 175 20 30 0 0 -30 0 0 30 0 0 -30 0 0 0 0
5 -42 0 0 5 5 -290 180 0 -140 5 0 190 -90 95 175 175 145 30 0 0 -30 0 0 30 0 0 -30 0 0 0 0
5 -42 0 0 5 5 -290 180 0 -140 5 0 140 -90 95 175 175 20 30 0 0 -30 0 0 30 0 0 -30 0 0 0 0
5 -42 0 0 5 5 -245 180 0 -30 5 0 140 -90 95 175 175 20 30 0 0 -30 0 0 30 0 0 -30 0 0 0 0
5 -42 0 0 5 5 -310 180 0 -170 5 0 140 -90 95 175 175 20 30 0 0 -30 0 0 30 0 0 -30 0 0 0 0
5 -42 0 0 5 5 -290 180 0 -140 5 0 190 -90 95 175 175 145 30 0 0 -30 0 0 30 0 0 -30 0 0 0 0
5 -42 0 0 5 5 -290 180 0 -140 5 0 140 -90 95 175 175 20 30 0 0 -30 0 0 30 0 0 -30 0 0 0 0
5 -42 0 0 5 5 -245 180 0 -30 5 0 140 -90 95 175 175 20 30 0 0 -30 0 0 30 0 0 -30 0 0 0 0
5 -42 0 0 5 5 -310 180 0 -170 5 0 140 -90 95 175 175 20 30 0 0 -30 0 0 30 0 0 -30 0 0 0 0
5 -42 0 0 5 5 -290 180 0 -140 5 0 190 -90 95 175 175 145 30 0 0 -30 0 0 30 0 0 -30 0 0 0 0
5 -42 0 0 5 5 -290 180 0 -140 5 0 140 -90 95 175 175 20 30 0 0 -30 0 0 30 0 0 -30 0 0 0 0
5 -42 0 0 5 5 -245 180 0 -30 5 0 140 -90 95 175 175 20 30 0 0 -30 0 0 30 0 0 -30 0 0 0 0
5 -42 0 0 5 5 -310 180 0 -170 5 0 140 -90 95 175 175 20 30 0 0 -30 0 0 30 0 0 -30 0 0 0 0
5 -42 0 0 5 5 -290 180 0 -140 5 0 190 -90 95 175 175 145 30 0 0 -30 0 0 30 0 0 -30 0 0 0 0
5 -42 0 0 5 5 -290 180 0 -140 5 0 140 -90 95 175 175 20 30 0 0 -30 0 0 30 0 0 -30 0 0 0 0
5 -42 0 0 5 5 -245 180 0 -30 5 0 140 -90 95 175 175 20 30 0 0 -30 0 0 30 0 0 -30 0 0 0 0
5 -42 0 0 5 5 -310 180 0 -170 5 0 140 -90 95 175 175 20 30 0 0 -30 0 0 30 0 0 -30 0 0 0 0
5 -42 0 0 5 5 -290 180 0 -140 5 0 190 -90 95 175 175 145 30 0 0 -30 0 0 30 0 0 -30 0 0 0 0
5 -42 0 0 5 5 -290 180 0 -140 5 0 140 -90 95 175 175 20 30 0 0 -30 0 0 30 0 0 -30 0 0 0 0
5 -42 0 0 5 5 -245 180 0 -30 5 0 140 -90 95 175 175 20 30 0 0 -30 0 0 30 0 0 -30 0 0 0 0
5 -42 0 0 5 5 -310 180 0 -170 5 0 140 -90 95 175 175 20 30 0 0 -30 0 0 30 0 0 -30 0 0 0 0
5 -42 0 0 5 5 -290 180 0 -140 5 0 190 -90 95 175 175 145 30 0 0 -30 0 0 30 0 0 -30 0 0 0 0
5 -42 0 0 5 5 -310 180 0 -170 5 0 140 -90 95 175 175 20 30 0 0 -30 0 0 95 0 0 -95 0 0 0 0
5 -42 0 0 5 5 -310 180 0 -170 5 0 140 -90 95 175 175 20 30 0 0 -30 0 0 115 0 0 -25 0 0 0 0
5 -42 0 0 5 5 -310 180 0 -170 5 0 140 -90 95 175 175 20 30 0 0 -30 0 0 60 0 0 -60 0 0 0 0
5 -42 0 0 5 5 -310 180 0 -170 5 0 140 -90 95 175 175 20 30 0 0 -30 0 0 30 0 0 -25 0 0 0 0
5 -42 0 0 5 5 -290 180 0 -140 5 0 140 -90 95 175 175 20 30 0 0 -30 0 0 30 0 0 -30 0 0 0 0
5 -42 0 0 5 5 -245 180 0 -30 5 0 140 -90 95 175 175 20 30 0 0 -30 0 0 30 0 0 -30 0 0 0 0
5 -42 0 0 5 5 -310 180 0 -170 5 0 140 -90 95 175 175 20 30 0 0 -30 0 0 30 0 0 -30 0 0 0 0
5 -42 0 0 5 5 -290 180 0 -140 5 0 190 -90 95 175 175 145 30 0 0 -30 0 0 30 0 0 -30 0 0 0 0
5 -42 0 0 5 5 -290 180 0 -140 5 0 140 -90 95 175 175 20 30 0 0 -30 0 0 30 0 0 -30 0 0 0 0
5 -42 0 0 5 5 -245 180 0 -30 5 0 140 -90 95 175 175 20 30 0 0 -30 0 0 30 0 0 -30 0 0 0 0
5 -42 0 0 5 5 -310 180 0 -170 5 0 140 -90 95 175 175 20 30 0 0 -30 0 0 30 0 0 -30 0 0 0 0
5 -42 0 0 5 5 -290 180 0 -140 5 0 190 -90 95 175 175 145 30 0 0 -30 0 0 30 0 0 -30 0 0 0 0
5 -42 0 0 5 5 -290 180 0 -140 5 0 140 -90 95 175 175 20 30 0 0 -30 0 0 30 0 0 -30 0 0 0 0
5 -42 0 0 5 5 -245 180 0 -30 5 0 140 -90 95 175 175 20 30 0 0 -30 0 0 30 0 0 -30 0 0 0 0
5 -42 0 0 5 5 -310 180 0 -170 5 0 140 -90 95 175 175 20 30 0 0 -30 0 0 30 0 0 -30 0 0 0 0
5 -42 0 0 5 5 -290 180 0 -140 5 0 190 -90 95 175 175 145 30 0 0 -30 0 0 30 0 0 -30 0 0 0 0
5 -42 0 0 5 5 -310 180 0 -170 5 0 140 -90 95 175 175 20 30 0 0 -30 0 0 95 0 0 -95 0 0 0 0
5 -42 0 0 5 5 -310 180 0 -170 5 0 140 -90 95 175 175 20 30 0 0 -30 0 0 115 0 0 -25 0 0 0 0
5 -42 0 0 5 5 -310 180 0 -170 5 0 140 -90 95 175 175 20 30 0 0 -30 0 0 60 0 0 -60 0 0 0 0
5 -42 0 0 5 5 -310 180 0 -170 5 0 140 -90 95 175 175 20 30 0 0 -30 0 0 30 0 0 -25 0 0 0 0
5 -42 0 0 5 5 -290 180 0 -140 5 0 140 -90 95 175 175 20 30 0 0 -30 0 0 30 0 0 -30 0 0 0 0
5 -42 0 0 5 5 -245 180 0 -30 5 0 140 -90 95 175 175 20 30 0 0 -30 0 0 30 0 0 -30 0 0 0 0
5 -42 0 0 5 5 -310 180 0 -170 5 0 140 -90 95 175 175 20 30 0 0 -30 0 0 30 0 0 -30 0 0 0 0
5 -42 0 0 5 5 -290 180 0 -140 5 0 190 -90 95 175 175 145 30 0 0 -30 0 0 30 0 0 -30 0 0 0 0
5 -42 0 0 5 5 -290 180 0 -140 5 0 140 -90 95 175 175 20 30 0 0 -30 0 0 30 0 0 -30 0 0 0 0
5 -42 0 0 5 5 -245 180 0 -30 5 0 140 -90 95 175 175 20 30 0 0 -30 0 0 30 0 0 -30 0 0 0 0
5 -42 0 0 5 5 -310 180 0 -170 5 0 140 -90 95 175 175 20 30 0 0 -30 0 0 30 0 0 -30 0 0 0 0
5 -42 0 0 5 5 -290 180 0 -140 5 0 190 -90 95 175 175 145 30 0 0 -30 0 0 30 0 0 -30 0 0 0 0
5 -42 0 0 5 5 -290 180 0 -140 5 0 140 -90 95 175 175 20 30 0 0 -30 0 0 30 0 0 -30 0 0 0 0
5 -42 0 0 5 5 -245 180 0 -30 5 0 140 -90 95 175 175 20 30 0 0 -30 0 0 30 0 0 -30 0 0 0 0
5 -42 0 0 5 5 -310 180 0 -170 5 0 140 -90 95 175 175 20 30 0 0 -30 0 0 30 0 0 -30 0 0 0 0
5 -42 0 0 5 5 -290 180 0 -140 5 0 190 -90 95 175 175 145 30 0 0 -30 0 0 30 0 0 -30 0 0 0 0
5 -42 0 0 5 5 -290 180 0 -140 5 0 140 -90 95 175 175 20 30 0 0 -30 0 0 30 0 0 -30 0 0 0 0
5 -42 0 0 5 5 -245 180 0 -30 5 0 140 -90 95 175 175 20 30 0 0 -30 0 0 30 0 0 -30 0 0 0 0
5 -42 0 0 5 5 -310 180 0 -170 5 0 140 -90 95 175 175 20 30 0 0 -30 0 0 30 0 0 -30 0 0 0 0
5 -42 0 0 5 5 -290 180 0 -140 5 0 190 -90 95 175 175 145 30 0 0 -30 0 0 30 0 0 -30 0 0 0 0
5 -42 0 0 5 5 -290 180 0 -140 5 0 140 -90 95 175 175 20 30 0 0 -30 0 0 30 0 0 -30 0 0 0 0
5 -42 0 0 5 5 -245 180 0 -30 5 0 140 -90 95 175 175 20 30 0 0 -30 0 0 30 0 0 -30 0 0 0 0
5 -42 0 0 5 5 -310 180 0 -170 5 0 140 -90 95 175 175 20 30 0 0 -30 0 0 30 0 0 -30 0 0 0 0
5 -42 0 0 5 5 -290 180 0 -140 5 0 190 -90 95 175 175 145 30 0 0 -30 0 0 30 0 0 -30 0 0 0 0
5 -42 0 0 5 5 -290 180 0 -140 5 0 140 -90 95 175 175 20 30 0 0 -30 0 0 30 0 0 -30 0 0 0 0
5 -42 0 0 5 5 -245 180 0 -30 5 0 140 -90 95 175 175 20 30 0 0 -30 0 0 30 0 0 -30 0 0 0 0
5 -42 0 0 5 5 -310 180 0 -170 5 0 140 -90 95 175 175 20 30 0 0 -30 0 0 30 0 0 -30 0 0 0 0
5 -42 0 0 5 5 -290 180 0 -140 5 0 190 -90 95 175 175 145 30 0 0 -30 0 0 30 0 0 -30 0 0 0 0
5 -42 0 0 5 5 -290 180 0 -140 5 0 140 -90 95 175 175 20 30 0 0 -30 0 0 30 0 0 -30 0 0 0 0
5 -42 0 0 5 5 -245 180 0 -30 5 0 140 -90 95 175 175 20 30 0 0 -30 0 0 30 0 0 -30 0 0 0 0
5 -42 0 0 5 5 -310 180 0 -170 5 0 140 -90 95 175 175 20 30 0 0 -30 0 0 30 0 0 -30 0 0 0 0
5 -42 0 0 5 5 -290 180 0 -140 5 0 190 -90 95 175 175 145 30 0 0 -30 0 0 30 0 0 -30 0 0 0 0
5 -42 0 0 5 5 -290 180 0 -140 5 0 140 -90 95 175 175 20 30 0 0 -30 0 0 30 0 0 -30 0 0 0 0
5 -42 0 0 5 5 -245 180 0 -30 5 0 140 -90 95 175 175 20 30 0 0 -30 0 0 30 0 0 -30 0 0 0 0
5 -42 0 0 5 5 -310 180 0 -170 5 0 140 -90 95 175 175 20 30 0 0 -30 0 0 30 0 0 -30 0 0 0 0
5 -42 0 0 5 5 -290 180 0 -140 5 0 190 -90 95 175 175 145 30 0 0 -30 0 0 30 0 0 -30 0 0 0 0
5 -42 0 0 5 5 -290 180 0 -140 5 0 140 -90 95 175 175 20 30 0 0 -30 0 0 30 0 0 -30 0 0 0 0
5 -42 0 0 5 5 -245 180 0 -30 5 0 140 -90 95 175 175 20 30 0 0 -30 0 0 30 0 0 -30 0 0 0 0
5 -42 0 0 5 5 -310 180 0 -170 5 0 140 -90 95 175 175 20 30 0 0 -30 0 0 30 0 0 -30 0 0 0 0
5 -42 0 0 5 5 -290 180 0 -140 5 0 190 -90 95 175 175 145 30 0 0 -30 0 0 30 0 0 -30 0 0 0 0
5 -42 0 0 5 5 -290 180 0 -140 5 0 140 -90 95 175 175 20 30 0 0 -30 0 0 30 0 0 -30 0 0 0 0
5 -42 0 0 5 5 -245 180 0 -30 5 0 140 -90 95 175 175 20 30 0 0 -30 0 0 30 0 0 -30 0 0 0 0
5 -42 0 0 5 5 -310 180 0 -170 5 0 140 -90 95 175 175 20 30 0 0 -30 0 0 30 0 0 -30 0 0 0 0
5 -42 0 0 5 5 -290 180 0 -140 5 0 190 -90 95 175 175 145 30 0 0 -30 0 0 30 0 0 -30 0 0 0 0
5 -42 0 0 5 5 -290 180 0 -140 5 0 140 -90 95 175 175 20 30 0 0 -30 0 0 30 0 0 -30 0 0 0 0
5 -42 0 0 5 5 -245 180 0 -30 5 0 140 -90 95 175 175 20 30 0 0 -30 0 0 30 0 0 -30 0 0 0 0
5 -42 0 0 5 5 -310 180 0 -170 5 0 140 -90 95 175 175 20 30 0 0 -30 0 0 30 0 0 -30 0 0 0 0
5 -42 0 0 5 5 -290 180 0 -140 5 0 190 -90 95 175 175 145 30 0 0 -30 0 0 30 0 0 -30 0 0 0 0
5 -42 0 0 5 5 -290 180 0 -140 5 0 140 -90 95 175 175 20 30 0 0 -30 0 0 30 0 0 -30 0 0 0 0
5 -42 0 0 5 5 -245 180 0 -30 5 0 140 -90 95 175 175 20 30 0 0 -30 0 0 30 0 0 -30 0 0 0 0
5 -42 0 0 5 5 -310 180 0 -170 5 0 140 -90 95 175 175 20 30 0 0 -30 0 0 30 0 0 -30 0 0 0 0
5 -42 0 0 5 5 -290 180 0 -140 5 0 190 -90 95 175 175 145 30 0 0 -30 0 0 30 0 0 -30 0 0 0 0
5 -42 0 0 5 5 -290 180 0 -140 5 0 140 -90 95 175 175 20 30 0 0 -30 0 0 30 0 0 -30 0 0 0 0
5 -42 0 0 5 5 -245 180 0 -30 5 0 140 -90 95 175 175 20 30 0 0 -30 0 0 30 0 0 -30 0 0 0 0
5 -42 0 0 5 5 -310 180 0 -170 5 0 140 -90 95 175 175 20 30 0 0 -30 0 0 30 0 0 -30 0 0 0 0
5 -42 0 0 5 5 -290 180 0 -140 5 0 190 -90 95 175 175 145 30 0 0 -30 0 0 30 0 0 -30 0 0 0 0
5 -42 0 0 5 5 -290 180 0 -140 5 0 140 -90 95 175 175 20 30 0 0 -30 0 0 30 0 0 -30 0 0 0 0
5 -42 0 0 5 5 -245 180 0 -30 5 0 140 -90 95 175 175 20 30 0 0 -30 0 0 30 0 0 -30 0 0 0 0
5 -42 0 0 5 5 -310 180 0 -170 5 0 140 -90 95 175 175 20 30 0 0 -30 0 0 30 0 0 -30 0 0 0 0
5 -42 0 0 5 5 -290 180 0 -140 5 0 190 -90 95 175 175 145 30 0 0 -30 0 0 30 0 0 -30 0 0 0 0
5 -42 0 0 5 5 -290 180 0 -140 5 0 140 -90 95 175 175 20 30 0 0 -30 0 0 30 0 0 -30 0 0 0 0
5 -42 0 0 5 5 -245 180 0 -30 5 0 140 -90 95 175 175 20 30 0 0 -30 0 0 30 0 0 -30 0 0 0 0
5 -42 0 0 5 5 -310 180 0 -170 5 0 140 -90 95 175 175 20 30 0 0 -30 0 0 30 0 0 -30 0 0 0 0
5 -42 0 0 5 5 -290 180 0 -140 5 0 190 -90 95 175 175 145 30 0 0 -30 0 0 30 0 0 -30 0 0 0 0
5 -42 0 0 0 0 0 0 0 0 0 0 0 0 0 0 0 0 25 0 0 -25 0 0 25 0 0 -25 0 0 0 0
5 -42 0 0 0 0 0 0 0 0 0 0 0 0 0 0 0 0 25 0 0 -25 0 0 25 0 0 -25 0 0 0 0
5 -42 0 0 0 0 0 0 0 0 0 0 0 0 0 0 0 0 25 0 0 -25 0 0 25 0 0 -25 0 0 0 0
5 -42 0 0 0 0 0 0 0 0 0 0 0 0 0 0 0 0 25 0 0 -25 0 0 25 0 0 -25 0 0 0 0
5 -42 0 0 0 0 0 0 0 0 0 0 0 0 0 0 0 0 25 0 0 -25 0 0 25 0 0 -25 0 0 0 0
5 -42 0 0 0 0 0 0 0 0 0 0 0 0 0 0 0 0 25 0 0 -25 0 0 25 0 0 -25 0 0 0 0
5 -42 0 0 0 0 0 0 0 0 0 0 0 0 0 0 0 0 25 0 0 -25 0 0 25 0 0 -25 0 0 0 0
5 -42 0 0 0 0 0 0 0 0 0 0 0 0 0 0 0 0 25 0 0 -25 0 0 25 0 0 -25 0 0 0 0
5 -42 0 0 0 0 0 0 0 0 0 0 0 0 0 0 0 0 25 0 0 -25 0 0 25 0 0 -25 0 0 0 0
5 -42 0 0 0 0 0 0 0 0 0 0 0 0 0 0 0 0 25 0 0 -25 0 0 25 0 0 -25 0 0 0 0
5 -42 0 0 0 0 0 0 0 0 0 0 0 0 0 0 0 0 25 0 0 -25 0 0 25 0 0 -25 0 0 0 0
5 -42 0 0 0 0 0 0 0 0 0 0 0 0 0 0 0 0 25 0 0 -25 0 0 25 0 0 -25 0 0 0 0
5 -42 0 0 0 0 0 0 0 0 0 0 0 0 0 0 0 0 25 0 0 -25 0 0 25 0 0 -25 0 0 0 0
5 -42 0 0 0 0 0 0 0 0 0 0 0 0 0 0 0 0 25 0 0 -25 0 0 25 0 0 -25 0 0 0 0
5 -42 0 0 0 0 0 0 0 0 0 0 0 0 0 0 0 0 25 0 0 -25 0 0 25 0 0 -25 0 0 0 0
5 -42 0 0 0 0 0 0 0 0 0 0 0 0 0 0 0 0 25 0 0 -25 0 0 25 0 0 -25 0 0 0 0
5 -42 0 0 0 0 0 0 0 0 0 0 0 0 0 0 0 0 25 0 0 -25 0 0 25 0 0 -25 0 0 0 0
5 -42 0 0 0 0 0 0 0 0 0 0 0 0 0 0 0 0 25 0 0 -25 0 0 25 0 0 -25 0 0 0 0
5 -42 0 0 0 0 0 0 0 0 0 0 0 0 0 0 0 0 25 0 0 -25 0 0 25 0 0 -25 0 0 0 0
5 -42 0 0 0 0 0 0 0 0 0 0 0 0 0 0 0 0 25 0 0 -25 0 0 25 0 0 -25 0 0 0 0
5 -42 0 0 0 0 0 0 0 0 0 0 0 0 0 0 0 0 25 0 0 -25 0 0 25 0 0 -25 0 0 0 0
5 -42 0 0 0 0 0 0 0 0 0 0 0 0 0 0 0 0 25 0 0 -25 0 0 25 0 0 -25 0 0 0 0
5 -42 0 0 0 0 0 0 0 0 0 0 0 0 0 0 0 0 25 0 0 -25 0 0 25 0 0 -25 0 0 0 0
5 -42 0 0 0 0 0 0 0 0 0 0 0 0 0 0 0 0 25 0 0 -25 0 0 25 0 0 -25 0 0 0 0
5 -42 0 0 0 0 0 0 0 0 0 0 0 0 0 0 0 0 25 0 0 -25 0 0 25 0 0 -25 0 0 0 0
5 -42 0 0 5 5 -290 180 15 -15 5 -30 155 -80 95 145 175 155 55 30 -20 -45 0 0 50 -35 15 -45 0 0 0 0
5 -42 0 0 5 5 -255 180 30 -15 5 -95 270 -80 95 165 175 160 130 60 -105 -40 0 0 50 -35 15 -40 0 0 0 0
5 -42 0 0 5 5 -255 180 30 -15 5 -95 270 -80 95 195 175 160 130 60 -105 -60 0 0 50 -35 15 -20 0 0 0 0
5 -42 0 0 5 5 -255 180 30 -15 5 -95 270 -80 95 150 175 160 130 60 -105 -40 0 0 50 -35 15 -45 0 0 0 0
5 -42 0 0 5 5 -255 180 30 -15 5 -95 270 -80 95 115 175 160 130 60 -105 -30 0 0 50 -35 15 -65 0 0 0 0
5 -42 0 0 5 5 -255 180 30 -15 5 -95 270 -80 95 150 175 160 130 60 -105 -60 0 0 50 -35 15 -55 0 0 0 0
5 -42 0 0 5 5 -255 180 30 -15 5 -95 270 -80 95 185 175 160 130 60 -105 -65 0 0 50 -35 15 -25 0 0 0 0
5 -42 0 0 5 5 -255 180 30 -15 5 -95 270 -80 95 165 175 160 130 60 -105 -40 0 0 50 -35 15 -40 0 0 0 0
5 -42 0 0 5 5 -255 180 30 -15 5 -95 270 -80 95 195 175 160 130 60 -105 -60 0 0 50 -35 15 -20 0 0 0 0
5 -42 0 0 5 5 -255 180 30 -15 5 -95 270 -80 95 150 175 160 130 60 -105 -40 0 0 50 -35 15 -45 0 0 0 0
5 -42 0 0 5 5 -255 180 30 -15 5 -95 270 -80 95 115 175 160 130 60 -105 -30 0 0 50 -35 15 -65 0 0 0 0
5 -42 0 0 5 5 -255 180 30 -15 5 -95 270 -80 95 150 175 160 130 60 -105 -60 0 0 50 -35 15 -55 0 0 0 0
5 -42 0 0 5 5 -255 180 30 -15 5 -95 270 -80 95 185 175 160 130 60 -105 -65 0 0 50 -35 15 -25 0 0 0 0
5 -42 0 0 5 5 -255 180 30 -15 5 -95 270 -80 95 165 175 160 130 60 -105 -40 0 0 50 -35 15 -40 0 0 0 0
5 -42 0 0 5 5 -255 180 30 -15 5 -95 270 -80 95 195 175 160 130 60 -105 -60 0 0 50 -35 15 -20 0 0 0 0
5 -42 0 0 5 5 -255 180 30 -15 5 -95 270 -80 95 150 175 160 130 60 -105 -40 0 0 50 -35 15 -45 0 0 0 0
5 -42 0 0 5 5 -255 180 30 -15 5 -95 270 -80 95 115 175 160 130 60 -105 -30 0 0 50 -35 15 -65 0 0 0 0
5 -42 0 0 5 5 -255 180 30 -15 5 -95 270 -80 95 150 175 160 130 60 -105 -60 0 0 50 -35 15 -55 0 0 0 0
5 -42 0 0 5 5 -255 180 30 -15 5 -95 270 -80 95 185 175 160 130 60 -105 -65 0 0 50 -35 15 -25 0 0 0 0
5 -42 0 0 5 5 -255 180 30 -15 5 -95 270 -80 95 165 175 160 130 60 -105 -40 0 0 50 -35 15 -40 0 0 0 0
5 -42 0 0 5 5 -255 180 30 -15 5 -95 270 -80 95 195 175 160 130 60 -105 -60 0 0 50 -35 15 -20 0 0 0 0
5 -42 0 0 5 5 -255 180 30 -15 5 -95 270 -80 95 150 175 160 130 60 -105 -40 0 0 50 -35 15 -45 0 0 0 0
5 -42 0 0 5 5 -255 180 30 -15 5 -95 270 -80 95 115 175 160 130 60 -105 -30 0 0 50 -35 15 -65 0 0 0 0
5 -42 0 0 5 5 -255 180 30 -15 5 -95 270 -80 95 150 175 160 130 60 -105 -60 0 0 50 -35 15 -55 0 0 0 0
5 -42 0 0 5 5 -255 180 30 -15 5 -95 270 -80 95 185 175 160 130 60 -105 -65 0 0 50 -35 15 -25 0 0 0 0
5 -42 0 0 5 5 -255 180 30 -15 5 -95 270 -80 95 165 175 160 130 60 -105 -40 0 0 50 -35 15 -40 0 0 0 0
5 -42 0 0 5 5 -255 180 30 -15 5 -95 270 -80 95 195 175 160 130 60 -105 -60 0 0 50 -35 15 -20 0 0 0 0
5 -42 0 0 5 5 -255 180 30 -15 5 -95 270 -80 95 150 175 160 130 60 -105 -40 0 0 50 -35 15 -45 0 0 0 0
5 -42 0 0 5 5 -255 180 30 -15 5 -95 270 -80 95 115 175 160 130 60 -105 -30 0 0 50 -35 15 -65 0 0 0 0
5 -42 0 0 5 5 -255 180 30 -15 5 -95 270 -80 95 150 175 160 130 60 -105 -60 0 0 50 -35 15 -55 0 0 0 0
5 -42 0 0 5 5 -255 180 30 -15 5 -95 270 -80 95 185 175 160 130 60 -105 -65 0 0 50 -35 15 -25 0 0 0 0
5 -42 0 0 5 5 -255 180 30 -15 5 -95 270 -80 95 165 175 160 130 60 -105 -40 0 0 50 -35 15 -40 0 0 0 0
5 -42 0 0 5 5 -255 180 30 -15 5 -95 270 -80 95 195 175 160 130 60 -105 -60 0 0 50 -35 15 -20 0 0 0 0
5 -42 0 0 5 5 -255 180 30 -15 5 -95 270 -80 95 150 175 160 130 60 -105 -40 0 0 50 -35 15 -45 0 0 0 0
5 -42 0 0 5 5 -255 180 30 -15 5 -95 270 -80 95 115 175 160 130 60 -105 -30 0 0 50 -35 15 -65 0 0 0 0
5 -42 0 0 5 5 -255 180 30 -15 5 -95 270 -80 95 150 175 160 130 60 -105 -60 0 0 50 -35 15 -55 0 0 0 0
5 -42 0 0 5 5 -255 180 30 -15 5 -95 270 -80 95 185 175 160 130 60 -105 -65 0 0 50 -35 15 -25 0 0 0 0
5 -42 0 0 5 5 -255 180 30 -15 5 -95 270 -80 95 165 175 160 130 60 -105 -40 0 0 50 -35 15 -40 0 0 0 0
5 -42 0 0 5 5 -255 180 30 -15 5 -95 270 -80 95 195 175 160 130 60 -105 -60 0 0 50 -35 15 -20 0 0 0 0
5 -42 0 0 5 5 -255 180 30 -15 5 -95 270 -80 95 150 175 160 130 60 -105 -40 0 0 50 -35 15 -45 0 0 0 0
5 -42 0 0 5 5 -255 180 30 -15 5 -95 270 -80 95 115 175 160 130 60 -105 -30 0 0 50 -35 15 -65 0 0 0 0
5 -42 0 0 5 5 -255 180 30 -15 5 -95 270 -80 95 150 175 160 130 60 -105 -60 0 0 50 -35 15 -55 0 0 0 0
5 -42 0 0 5 5 -255 180 30 -15 5 -95 270 -80 95 185 175 160 130 60 -105 -65 0 0 50 -35 15 -25 0 0 0 0
5 -42 0 0 5 5 -255 180 30 -15 5 -95 270 -80 95 165 175 160 130 60 -105 -40 0 0 50 -35 15 -40 0 0 0 0
5 -42 0 0 5 5 -255 180 30 -15 5 -95 270 -80 95 195 175 160 130 60 -105 -60 0 0 50 -35 15 -20 0 0 0 0
5 -42 0 0 5 5 -255 180 30 -15 5 -95 270 -80 95 150 175 160 130 60 -105 -40 0 0 50 -35 15 -45 0 0 0 0
5 -42 0 0 5 5 -255 180 30 -15 5 -95 270 -80 95 115 175 160 130 60 -105 -30 0 0 50 -35 15 -65 0 0 0 0
5 -42 0 0 5 5 -255 180 30 -15 5 -95 270 -80 95 150 175 160 130 60 -105 -60 0 0 50 -35 15 -55 0 0 0 0
5 -42 0 0 5 5 -255 180 30 -15 5 -95 270 -80 95 185 175 160 130 60 -105 -65 0 0 50 -35 15 -25 0 0 0 0
5 -42 0 0 5 5 -255 180 30 -15 5 -95 270 -80 95 165 175 160 130 60 -105 -40 0 0 50 -35 15 -40 0 0 0 0
5 -42 0 0 5 5 -255 180 30 -15 5 -95 270 -80 95 195 175 160 130 60 -105 -60 0 0 50 -35 15 -20 0 0 0 0
5 -42 0 0 5 5 -255 180 30 -15 5 -95 270 -80 95 150 175 160 130 60 -105 -40 0 0 50 -35 15 -45 0 0 0 0
5 -42 0 0 5 5 -255 180 30 -15 5 -95 270 -80 95 115 175 160 130 60 -105 -30 0 0 50 -35 15 -65 0 0 0 0
5 -42 0 0 5 5 -255 180 30 -15 5 -95 270 -80 95 150 175 160 130 60 -105 -60 0 0 50 -35 15 -55 0 0 0 0
5 -42 0 0 5 5 -255 180 30 -15 5 -95 270 -80 95 185 175 160 130 60 -105 -65 0 0 50 -35 15 -25 0 0 0 0
5 -42 0 0 5 5 -255 180 30 -15 5 -95 270 -80 95 165 175 160 130 60 -105 -40 0 0 50 -35 15 -40 0 0 0 0
5 -42 0 0 5 5 -255 180 30 -15 5 -95 270 -80 95 195 175 160 130 60 -105 -60 0 0 50 -35 15 -20 0 0 0 0
5 -42 0 0 5 5 -255 180 30 -15 5 -95 270 -80 95 150 175 160 130 60 -105 -40 0 0 50 -35 15 -45 0 0 0 0
5 -42 0 0 5 5 -255 180 30 -15 5 -95 270 -80 95 115 175 160 130 60 -105 -30 0 0 50 -35 15 -65 0 0 0 0
5 -42 0 0 5 5 -255 180 30 -15 5 -95 270 -80 95 150 175 160 130 60 -105 -60 0 0 50 -35 15 -55 0 0 0 0
5 -42 0 0 5 5 -255 180 30 -15 5 -95 270 -80 95 185 175 160 130 60 -105 -65 0 0 50 -35 15 -25 0 0 0 0
5 -42 0 0 5 5 -255 180 30 -15 5 -95 270 -80 95 165 175 160 130 60 -105 -40 0 0 50 -35 15 -40 0 0 0 0
5 -42 0 0 5 5 -255 180 30 -15 5 -95 270 -80 95 195 175 160 130 60 -105 -60 0 0 50 -35 15 -20 0 0 0 0
5 -42 0 0 5 5 -255 180 30 -15 5 -95 270 -80 95 150 175 160 130 60 -105 -40 0 0 50 -35 15 -45 0 0 0 0
5 -42 0 0 5 5 -255 180 30 -15 5 -95 270 -80 95 115 175 160 130 60 -105 -30 0 0 50 -35 15 -65 0 0 0 0
5 -42 0 0 5 5 -255 180 30 -15 5 -95 270 -80 95 150 175 160 130 60 -105 -60 0 0 50 -35 15 -55 0 0 0 0
5 -42 0 0 5 5 -255 180 30 -15 5 -95 270 -80 95 185 175 160 130 60 -105 -65 0 0 50 -35 15 -25 0 0 0 0
5 -42 0 0 5 5 -255 180 30 -15 5 -95 270 -80 95 165 175 160 130 60 -105 -40 0 0 50 -35 15 -40 0 0 0 0
5 -42 0 0 5 5 -255 180 30 -15 5 -95 270 -80 95 195 175 160 130 60 -105 -60 0 0 50 -35 15 -20 0 0 0 0
5 -42 0 0 5 5 -255 180 30 -15 5 -95 270 -80 95 150 175 160 130 60 -105 -40 0 0 50 -35 15 -45 0 0 0 0
5 -42 0 0 5 5 -255 180 30 -15 5 -95 270 -80 95 115 175 160 130 60 -105 -30 0 0 50 -35 15 -65 0 0 0 0
5 -42 0 0 5 5 -255 180 30 -15 5 -95 270 -80 95 150 175 160 130 60 -105 -60 0 0 50 -35 15 -55 0 0 0 0
5 -42 0 0 5 5 -255 180 30 -15 5 -95 270 -80 95 185 175 160 130 60 -105 -65 0 0 50 -35 15 -25 0 0 0 0
5 -42 0 0 5 5 -255 180 30 -15 5 -95 270 -80 95 165 175 160 130 60 -105 -40 0 0 50 -35 15 -40 0 0 0 0
5 -42 0 0 5 5 -255 180 30 -15 5 -95 270 -80 95 195 175 160 130 60 -105 -60 0 0 50 -35 15 -20 0 0 0 0
5 -42 0 0 5 5 -255 180 30 -15 5 -95 270 -80 95 150 175 160 130 60 -105 -40 0 0 50 -35 15 -45 0 0 0 0
5 -42 0 0 5 5 -255 180 30 -15 5 -95 270 -80 95 115 175 160 130 60 -105 -30 0 0 50 -35 15 -65 0 0 0 0
5 -42 0 0 5 5 -255 180 30 -15 5 -95 270 -80 95 150 175 160 130 60 -105 -60 0 0 50 -35 15 -55 0 0 0 0
5 -42 0 0 5 5 -255 180 30 -15 5 -95 270 -80 95 185 175 160 130 60 -105 -65 0 0 50 -35 15 -25 0 0 0 0
5 -42 0 0 5 5 -255 180 30 -15 5 -95 270 -80 95 165 175 160 130 60 -105 -40 0 0 50 -35 15 -40 0 0 0 0
5 -42 0 0 5 5 -255 180 30 -15 5 -95 270 -80 95 195 175 160 130 60 -105 -60 0 0 50 -35 15 -20 0 0 0 0
5 -42 0 0 5 5 -255 180 30 -15 5 -95 270 -80 95 150 175 160 130 60 -105 -40 0 0 50 -35 15 -45 0 0 0 0
5 -42 0 0 5 5 -255 180 30 -15 5 -95 270 -80 95 115 175 160 130 60 -105 -30 0 0 50 -35 15 -65 0 0 0 0
5 -42 0 0 5 5 -255 180 30 -15 5 -95 270 -80 95 150 175 160 130 60 -105 -60 0 0 50 -35 15 -55 0 0 0 0
5 -42 0 0 5 5 -255 180 30 -15 5 -95 270 -80 95 185 175 160 130 60 -105 -65 0 0 50 -35 15 -25 0 0 0 0
5 -42 0 0 5 5 -255 180 30 -15 5 -95 270 -80 95 165 175 160 130 60 -105 -40 0 0 50 -35 15 -40 0 0 0 0
5 -42 0 0 5 5 -255 180 30 -15 5 -95 270 -80 95 195 175 160 130 60 -105 -60 0 0 50 -35 15 -20 0 0 0 0
5 -42 0 0 5 5 -255 180 30 -15 5 -95 270 -80 95 150 175 160 130 60 -105 -40 0 0 50 -35 15 -45 0 0 0 0
5 -42 0 0 5 5 -255 180 30 -15 5 -95 270 -80 95 115 175 160 130 60 -105 -30 0 0 50 -35 15 -65 0 0 0 0
5 -42 0 0 5 5 -255 180 30 -15 5 -95 270 -80 95 150 175 160 130 60 -105 -60 0 0 50 -35 15 -55 0 0 0 0
5 -42 0 0 5 5 -255 180 30 -15 5 -95 270 -80 95 185 175 160 130 60 -105 -65 0 0 50 -35 15 -25 0 0 0 0
5 -42 0 0 5 5 -255 180 30 -15 5 -95 270 -80 95 165 175 160 130 60 -105 -40 0 0 50 -35 15 -40 0 0 0 0
5 -42 0 0 5 5 -255 180 30 -15 5 -95 270 -80 95 195 175 160 130 60 -105 -60 0 0 50 -35 15 -20 0 0 0 0
5 -42 0 0 5 5 -255 180 30 -15 5 -95 270 -80 95 150 175 160 130 60 -105 -40 0 0 50 -35 15 -45 0 0 0 0
5 -42 0 0 5 5 -255 180 30 -15 5 -95 270 -80 95 115 175 160 130 60 -105 -30 0 0 50 -35 15 -65 0 0 0 0
5 -42 0 0 5 5 -255 180 30 -15 5 -95 270 -80 95 150 175 160 130 60 -105 -60 0 0 50 -35 15 -55 0 0 0 0
5 -42 0 0 5 5 -255 180 30 -15 5 -95 270 -80 95 185 175 160 130 60 -105 -65 0 0 50 -35 15 -25 0 0 0 0
5 -42 0 0 5 5 -255 180 30 -15 5 -95 270 -80 95 165 175 160 130 60 -105 -40 0 0 50 -35 15 -40 0 0 0 0
5 -42 0 0 5 5 -255 180 30 -15 5 -95 270 -80 95 195 175 160 130 60 -105 -60 0 0 50 -35 15 -20 0 0 0 0
5 -42 0 0 5 5 -255 180 30 -15 5 -95 270 -80 95 150 175 160 130 60 -105 -40 0 0 50 -35 15 -45 0 0 0 0
5 -42 0 0 5 5 -255 180 30 -15 5 -95 270 -80 95 115 175 160 130 60 -105 -30 0 0 50 -35 15 -65 0 0 0 0
5 -42 0 0 5 5 -255 180 30 -15 5 -95 270 -80 95 150 175 160 130 60 -105 -60 0 0 50 -35 15 -55 0 0 0 0
5 -42 0 0 5 5 -255 180 30 -15 5 -95 270 -80 95 185 175 160 130 60 -105 -65 0 0 50 -35 15 -25 0 0 0 0
5 -42 0 0 5 5 -255 180 30 -15 5 -95 270 -80 95 165 175 160 130 60 -105 -40 0 0 50 -35 15 -40 0 0 0 0
5 -42 0 0 5 5 -255 180 30 -15 5 -95 270 -80 95 195 175 160 130 60 -105 -60 0 0 50 -35 15 -20 0 0 0 0
5 -42 0 0 5 5 -255 180 30 -15 5 -95 270 -80 95 150 175 160 130 60 -105 -40 0 0 50 -35 15 -45 0 0 0 0
5 -42 0 0 5 5 -255 180 30 -15 5 -95 270 -80 95 115 175 160 130 60 -105 -30 0 0 50 -35 15 -65 0 0 0 0
5 -42 0 0 5 5 -255 180 30 -15 5 -95 270 -80 95 150 175 160 130 60 -105 -60 0 0 50 -35 15 -55 0 0 0 0
5 -42 0 0 5 5 -255 180 30 -15 5 -95 270 -80 95 185 175 160 130 60 -105 -65 0 0 50 -35 15 -25 0 0 0 0
5 -42 0 0 5 5 -255 180 30 -15 5 -95 270 -80 95 165 175 160 130 60 -105 -40 0 0 50 -35 15 -40 0 0 0 0
5 -42 0 0 5 5 -255 180 30 -15 5 -95 270 -80 95 195 175 160 130 60 -105 -60 0 0 50 -35 15 -20 0 0 0 0
5 -42 0 0 5 5 -255 180 30 -15 5 -95 270 -80 95 150 175 160 130 60 -105 -40 0 0 50 -35 15 -45 0 0 0 0
5 -42 0 0 5 5 -255 180 30 -15 5 -95 270 -80 95 115 175 160 130 60 -105 -30 0 0 50 -35 15 -65 0 0 0 0
5 -42 0 0 5 5 -255 180 30 -15 5 -95 270 -80 95 150 175 160 130 60 -105 -60 0 0 50 -35 15 -55 0 0 0 0
5 -42 0 0 5 5 -255 180 30 -15 5 -95 270 -80 95 185 175 160 130 60 -105 -65 0 0 50 -35 15 -25 0 0 0 0
5 -42 0 0 5 5 -255 180 30 -15 5 -95 270 -80 95 165 175 160 130 60 -105 -40 0 0 50 -35 15 -40 0 0 0 0
5 -42 0 0 5 5 -255 180 30 -15 5 -95 270 -80 95 195 175 160 130 60 -105 -60 0 0 50 -35 15 -20 0 0 0 0
5 -42 0 0 5 5 -255 180 30 -15 5 -95 270 -80 95 150 175 160 130 60 -105 -40 0 0 50 -35 15 -45 0 0 0 0
5 -42 0 0 5 5 -255 180 30 -15 5 -95 270 -80 95 115 175 160 130 60 -105 -30 0 0 50 -35 15 -65 0 0 0 0
5 -42 0 0 5 5 -255 180 30 -15 5 -95 270 -80 95 150 175 160 130 60 -105 -60 0 0 50 -35 15 -55 0 0 0 0
5 -42 0 0 5 5 -255 180 30 -15 5 -95 270 -80 95 185 175 160 130 60 -105 -65 0 0 50 -35 15 -25 0 0 0 0
5 -42 0 0 5 5 -255 180 30 -15 5 -95 270 -80 95 165 175 160 130 60 -105 -40 0 0 50 -35 15 -40 0 0 0 0
5 -42 0 0 5 5 -255 180 30 -15 5 -95 270 -80 95 195 175 160 130 60 -105 -60 0 0 50 -35 15 -20 0 0 0 0
5 -42 0 0 5 5 -255 180 30 -15 5 -95 270 -80 95 150 175 160 130 60 -105 -40 0 0 50 -35 15 -45 0 0 0 0
5 -42 0 0 5 5 -255 180 30 -15 5 -95 270 -80 95 115 175 160 130 60 -105 -30 0 0 50 -35 15 -65 0 0 0 0
5 -42 0 0 5 5 -255 180 30 -15 5 -95 270 -80 95 150 175 160 130 60 -105 -60 0 0 50 -35 15 -55 0 0 0 0
5 -42 0 0 5 5 -255 180 30 -15 5 -95 270 -80 95 185 175 160 130 60 -105 -65 0 0 50 -35 15 -25 0 0 0 0
5 -42 0 0 5 5 -255 180 30 -15 5 -95 270 -80 95 165 175 160 130 60 -105 -40 0 0 50 -35 15 -40 0 0 0 0
5 -42 0 0 5 5 -255 180 30 -15 5 -95 270 -80 95 195 175 160 130 60 -105 -60 0 0 50 -35 15 -20 0 0 0 0
5 -42 0 0 5 5 -255 180 30 -15 5 -95 270 -80 95 150 175 160 130 60 -105 -40 0 0 50 -35 15 -45 0 0 0 0
5 -42 0 0 5 5 -255 180 30 -15 5 -95 270 -80 95 115 175 160 130 60 -105 -30 0 0 50 -35 15 -65 0 0 0 0
5 -42 0 0 5 5 -255 180 30 -15 5 -95 270 -80 95 150 175 160 130 60 -105 -60 0 0 50 -35 15 -55 0 0 0 0
5 -42 0 0 5 5 -255 180 30 -15 5 -95 270 -80 95 185 175 160 130 60 -105 -65 0 0 50 -35 15 -25 0 0 0 0
5 -42 0 0 5 5 -255 180 30 -15 5 -95 270 -80 95 165 175 160 130 60 -105 -40 0 0 50 -35 15 -40 0 0 0 0
5 -42 0 0 5 5 -255 180 30 -15 5 -95 270 -80 95 195 175 160 130 60 -105 -60 0 0 50 -35 15 -20 0 0 0 0
5 -42 0 0 5 5 -255 180 30 -15 5 -95 270 -80 95 150 175 160 130 60 -105 -40 0 0 50 -35 15 -45 0 0 0 0
5 -42 0 0 5 5 -255 180 30 -15 5 -95 270 -80 95 115 175 160 130 60 -105 -30 0 0 50 -35 15 -65 0 0 0 0
5 -42 0 0 5 5 -255 180 30 -15 5 -95 270 -80 95 150 175 160 130 60 -105 -60 0 0 50 -35 15 -55 0 0 0 0
5 -42 0 0 5 5 -255 180 30 -15 5 -95 270 -80 95 185 175 160 130 60 -105 -65 0 0 50 -35 15 -25 0 0 0 0
