0 0 0 0 0 0 0 0 0 0 0 0 0 0 0 0 0 0 0 0 0 0 0 0 0 0 0 0 0 0 0 0
0 0 0 0 0 0 0 0 0 0 0 0 0 0 0 0 0 0 0 0 0 0 0 0 0 0 0 0 0 0 0 0
0 0 0 0 0 0 0 0 0 0 0 0 0 0 0 0 0 0 0 0 0 0 0 0 0 0 0 0 0 0 0 0
0 0 0 0 0 0 0 0 0 0 0 0 0 0 0 0 0 0 0 0 0 0 0 0 0 0 0 0 0 0 0 0
0 0 0 0 0 0 0 0 0 0 0 0 0 0 0 0 0 0 0 0 0 0 0 0 0 0 0 0 0 0 0 0
0 0 0 0 0 0 0 0 0 0 0 0 0 0 0 0 0 0 0 0 0 0 0 0 0 0 0 0 0 0 0 0
0 0 0 0 0 0 0 0 0 0 0 0 0 0 0 0 0 0 0 0 0 0 0 0 0 0 0 0 0 0 0 0
0 0 0 0 0 0 0 0 0 0 0 0 0 0 0 0 0 0 0 0 0 0 0 0 0 0 0 0 0 0 0 0
0 0 0 0 0 0 0 0 0 0 0 0 0 0 0 0 0 0 0 0 0 0 0 0 0 0 0 0 0 0 0 0
0 0 0 0 0 0 0 0 0 0 0 0 0 0 0 0 0 0 0 0 0 0 0 0 0 0 0 0 0 0 0 0
0 0 0 0 0 0 0 0 0 0 0 0 0 0 0 0 0 0 0 0 0 0 0 0 0 0 0 0 0 0 0 0
0 0 0 0 0 0 0 0 0 0 0 0 0 0 0 0 0 0 0 0 0 0 0 0 0 0 0 0 0 0 0 0
0 0 0 0 0 0 0 0 0 0 0 0 0 0 0 0 0 0 0 0 0 0 0 0 0 0 0 0 0 0 0 0
0 0 0 0 0 0 0 0 0 0 0 0 0 0 0 0 0 0 0 0 0 0 0 0 0 0 0 0 0 0 0 0
0 0 0 0 0 0 0 0 0 0 0 0 0 0 0 0 0 0 0 0 0 0 0 0 0 0 0 0 0 0 0 0
0 0 0 0 0 0 0 0 0 0 0 0 0 0 0 0 0 0 0 0 0 0 0 0 0 0 0 0 0 0 0 0
0 0 0 0 0 0 0 0 0 0 0 0 0 0 0 0 0 0 0 0 0 0 0 0 0 0 0 0 0 0 0 0
0 0 0 0 0 0 0 0 0 0 0 0 0 0 0 0 0 0 0 0 0 0 0 0 0 0 0 0 0 0 0 0
0 0 0 0 0 0 0 0 0 0 0 0 0 0 0 0 0 0 0 0 0 0 0 0 0 0 0 0 0 0 0 0
0 0 0 0 0 0 0 0 0 0 0 0 0 0 0 0 0 0 0 0 0 0 0 0 0 0 0 0 0 0 0 0
0 0 0 0 0 0 0 0 0 0 0 0 0 0 0 0 0 0 0 0 0 0 0 0 0 0 0 0 0 0 0 0
0 0 0 0 0 0 0 0 0 0 0 0 0 0 0 0 0 0 0 0 0 0 0 0 0 0 0 0 0 0 0 0
0 0 0 0 0 0 0 0 0 0 0 0 0 0 0 0 0 0 0 0 0 0 0 0 0 0 0 0 0 0 0 0
0 0 0 0 0 0 0 0 0 0 0 0 0 0 0 0 0 0 0 0 0 0 0 0 0 0 0 0 0 0 0 0
0 0 0 0 0 0 0 0 0 0 0 0 0 0 0 0 0 0 0 0 0 0 0 0 0 0 0 0 0 0 0 0
0 0 0 0 0 0 0 0 0 0 0 0 0 0 0 0 0 0 0 0 0 0 0 0 0 0 0 0 0 0 0 0
0 0 0 0 0 0 0 0 0 0 0 0 0 0 0 0 0 0 0 0 0 0 0 0 0 0 0 0 0 0 0 0
0 0 0 0 0 0 0 0 0 0 0 0 0 0 0 0 0 0 0 0 0 0 0 0 0 0 0 0 0 0 0 0
0 0 0 0 0 0 0 0 0 0 0 0 0 0 0 0 0 0 0 0 0 0 0 0 0 0 0 0 0 0 0 0
0 0 0 0 0 0 0 0 0 0 0 0 0 0 0 0 0 0 0 0 0 0 0 0 0 0 0 0 0 0 0 0
0 0 0 0 0 0 0 0 0 0 0 0 0 0 0 0 0 0 0 0 0 0 0 0 0 0 0 0 0 0 0 0
0 0 0 0 0 0 0 0 0 0 0 0 0 0 0 0 0 0 0 0 0 0 0 0 0 0 0 0 0 0 0 0
0 0 0 0 0 0 0 0 0 0 0 0 0 0 0 0 0 0 0 0 0 0 0 0 0 0 0 0 0 0 0 0
0 0 0 0 0 0 0 0 0 0 0 0 0 0 0 0 0 0 0 0 0 0 0 0 0 0 0 0 0 0 0 0
0 0 0 0 0 0 0 0 0 0 0 0 0 0 0 0 0 0 0 0 0 0 0 0 0 0 0 0 0 0 0 0
0 0 0 0 0 0 0 0 0 0 0 0 0 0 0 0 0 0 0 0 0 0 0 0 0 0 0 0 0 0 0 0
0 0 0 0 0 0 0 0 0 0 0 0 0 0 0 0 0 0 0 0 0 0 0 0 0 0 0 0 0 0 0 0
0 0 0 0 0 0 0 0 0 0 0 0 0 0 0 0 0 0 0 0 0 0 0 0 0 0 0 0 0 0 0 0
0 0 0 0 0 0 0 0 0 0 0 0 0 0 0 0 0 0 0 0 0 0 0 0 0 0 0 0 0 0 0 0
0 0 0 0 0 0 0 0 0 0 0 0 0 0 0 0 0 0 0 0 0 0 0 0 0 0 0 0 0 0 0 0
0 0 0 0 0 0 0 0 0 0 0 0 0 0 0 0 0 0 0 0 0 0 0 0 0 0 0 0 0 0 0 0
0 0 0 0 0 0 0 0 0 0 0 0 0 0 0 0 0 0 0 0 0 0 0 0 0 0 0 0 0 0 0 0
0 0 0 0 0 0 0 0 0 0 0 0 0 0 0 0 0 0 0 0 0 0 0 0 0 0 0 0 0 0 0 0
0 0 0 0 0 0 0 0 0 0 0 0 0 0 0 0 0 0 0 0 0 0 0 0 0 0 0 0 0 0 0 0
0 0 0 0 0 0 0 0 0 0 0 0 0 0 0 0 0 0 0 0 0 0 0 0 0 0 0 0 0 0 0 0
0 0 0 0 0 0 0 0 0 0 0 0 0 0 0 0 0 0 0 0 0 0 0 0 0 0 0 0 0 0 0 0
0 0 0 0 0 0 0 0 0 0 0 0 0 0 0 0 0 0 0 0 0 0 0 0 0 0 0 0 0 0 0 0
0 0 0 0 0 0 0 0 0 0 0 0 0 0 0 0 0 0 0 0 0 0 0 0 0 0 0 0 0 0 0 0
0 0 0 0 0 0 0 0 0 0 0 0 0 0 0 0 0 0 0 0 0 0 0 0 0 0 0 0 0 0 0 0
0 0 0 0 0 0 0 0 0 0 0 0 0 0 0 0 0 0 0 0 0 0 0 0 0 0 0 0 0 0 0 0
0 0 0 0 0 0 0 0 0 0 0 0 0 0 0 0 0 0 0 0 0 0 0 0 0 0 0 0 0 0 0 0
0 0 0 0 0 0 0 0 0 0 0 0 0 0 0 0 0 0 0 0 0 0 0 0 0 0 0 0 0 0 0 0
0 0 0 0 0 0 0 0 0 0 0 0 0 0 0 0 0 0 0 0 0 0 0 0 0 0 0 0 0 0 0 0
0 0 0 0 0 0 0 0 0 0 0 0 0 0 0 0 0 0 0 0 0 0 0 0 0 0 0 0 0 0 0 0
0 0 0 0 0 0 0 0 0 0 0 0 0 0 0 0 0 0 0 0 0 0 0 0 0 0 0 0 0 0 0 0
0 0 0 0 0 0 0 0 0 0 0 0 0 0 0 0 0 0 0 0 0 0 0 0 0 0 0 0 0 0 0 0
0 0 0 0 0 0 0 0 0 0 0 0 0 0 0 0 0 0 0 0 0 0 0 0 0 0 0 0 0 0 0 0
0 0 0 0 0 0 0 0 0 0 0 0 0 0 0 0 0 0 0 0 0 0 0 0 0 0 0 0 0 0 0 0
0 0 0 0 0 0 0 0 0 0 0 0 0 0 0 0 0 0 0 0 0 0 0 0 0 0 0 0 0 0 0 0
0 0 0 0 0 0 0 0 0 0 0 0 0 0 0 0 0 0 0 0 0 0 0 0 0 0 0 0 0 0 0 0
0 0 0 0 0 0 0 0 0 0 0 0 0 0 0 0 0 0 0 0 0 0 0 0 0 0 0 0 0 0 0 0
0 0 0 0 0 0 0 0 0 0 0 0 0 0 0 0 0 0 0 0 0 0 0 0 0 0 0 0 0 0 0 0
0 0 0 0 0 0 0 0 0 0 0 0 0 0 0 0 0 0 0 0 0 0 0 0 0 0 0 0 0 0 0 0
0 0 0 0 0 0 0 0 0 0 0 0 0 0 0 0 0 0 0 0 0 0 0 0 0 0 0 0 0 0 0 0
0 0 0 0 0 0 0 0 0 0 0 0 0 0 0 0 0 0 0 0 0 0 0 0 0 0 0 0 0 0 0 0
0 0 0 0 0 0 0 0 0 0 0 0 0 0 0 0 0 0 0 0 0 0 0 0 0 0 0 0 0 0 0 0
0 0 0 0 0 0 0 0 0 0 0 0 0 0 0 0 0 0 0 0 0 0 0 0 0 0 0 0 0 0 0 0
0 0 0 0 0 0 0 0 0 0 0 0 0 0 0 0 0 0 0 0 0 0 0 0 0 0 0 0 0 0 0 0
0 0 0 0 0 0 0 0 0 0 0 0 0 0 0 0 0 0 0 0 0 0 0 0 0 0 0 0 0 0 0 0
0 0 0 0 0 0 0 0 0 0 0 0 0 0 0 0 0 0 0 0 0 0 0 0 0 0 0 0 0 0 0 0
0 0 0 0 0 0 0 0 0 0 0 0 0 0 0 0 0 0 0 0 0 0 0 0 0 0 0 0 0 0 0 0
0 0 0 0 0 0 0 0 0 0 0 0 0 0 0 0 0 0 0 0 0 0 0 0 0 0 0 0 0 0 0 0
0 0 0 0 0 0 0 0 0 0 0 0 0 0 0 0 0 0 0 0 0 0 0 0 0 0 0 0 0 0 0 0
0 0 0 0 0 0 0 0 0 0 0 0 0 0 0 0 0 0 0 0 0 0 0 0 0 0 0 0 0 0 0 0
0 0 0 0 0 0 0 0 0 0 0 0 0 0 0 0 0 0 0 0 0 0 0 0 0 0 0 0 0 0 0 0
0 0 0 0 0 0 0 0 0 0 0 0 0 0 0 0 0 0 0 0 0 0 0 0 0 0 0 0 0 0 0 0
0 0 0 0 0 0 0 0 0 0 0 0 0 0 0 0 0 0 0 0 0 0 0 0 0 0 0 0 0 0 0 0
0 0 0 0 0 0 0 0 0 0 0 0 0 0 0 0 0 0 0 0 0 0 0 0 0 0 0 0 0 0 0 0
0 0 0 0 0 0 0 0 0 0 0 0 0 0 0 0 0 0 0 0 0 0 0 0 0 0 0 0 0 0 0 0
0 0 0 0 0 0 0 0 0 0 0 0 0 0 0 0 0 0 0 0 0 0 0 0 0 0 0 0 0 0 0 0
0 0 0 0 0 0 0 0 0 0 0 0 0 0 0 0 0 0 0 0 0 0 0 0 0 0 0 0 0 0 0 0
0 0 0 0 0 0 0 0 0 0 0 0 0 0 0 0 0 0 0 0 0 0 0 0 0 0 0 0 0 0 0 0
0 0 0 0 0 0 0 0 0 0 0 0 0 0 0 0 0 0 0 0 0 0 0 0 0 0 0 0 0 0 0 0
0 0 0 0 0 0 0 0 0 0 0 0 0 0 0 0 0 0 0 0 0 0 0 0 0 0 0 0 0 0 0 0
0 0 0 0 0 0 0 0 0 0 0 0 0 0 0 0 0 0 0 0 0 0 0 0 0 0 0 0 0 0 0 0
0 0 0 0 0 0 0 0 0 0 0 0 0 0 0 0 0 0 0 0 0 0 0 0 0 0 0 0 0 0 0 0
0 0 0 0 0 0 0 0 0 0 0 0 0 0 0 0 0 0 0 0 0 0 0 0 0 0 0 0 0 0 0 0
0 0 0 0 0 0 0 0 0 0 0 0 0 0 0 0 0 0 0 0 0 0 0 0 0 0 0 0 0 0 0 0
0 0 0 0 0 0 0 0 0 0 0 0 0 0 0 0 0 0 0 0 0 0 0 0 0 0 0 0 0 0 0 0
0 0 0 0 0 0 0 0 0 0 0 0 0 0 0 0 0 0 0 0 0 0 0 0 0 0 0 0 0 0 0 0
0 0 0 0 0 0 0 0 0 0 0 0 0 0 0 0 0 0 0 0 0 0 0 0 0 0 0 0 0 0 0 0
0 0 0 0 0 0 0 0 0 0 0 0 0 0 0 0 0 0 0 0 0 0 0 0 0 0 0 0 0 0 0 0
0 0 0 0 0 0 0 0 0 0 0 0 0 0 0 0 0 0 0 0 0 0 0 0 0 0 0 0 0 0 0 0
0 0 0 0 0 0 0 0 0 0 0 0 0 0 0 0 0 0 0 0 0 0 0 0 0 0 0 0 0 0 0 0
0 0 0 0 0 0 0 0 0 0 0 0 0 0 0 0 0 0 0 0 0 0 0 0 0 0 0 0 0 0 0 0
0 0 0 0 0 0 0 0 0 0 0 0 0 0 0 0 0 0 0 0 0 0 0 0 0 0 0 0 0 0 0 0
0 0 0 0 0 0 0 0 0 0 0 0 0 0 0 0 0 0 0 0 0 0 0 0 0 0 0 0 0 0 0 0
0 0 0 0 0 0 0 0 0 0 0 0 0 0 0 0 0 0 0 0 0 0 0 0 0 0 0 0 0 0 0 0
0 0 0 0 0 0 0 0 0 0 0 0 0 0 0 0 0 0 0 0 0 0 0 0 0 0 0 0 0 0 0 0
0 0 0 0 0 0 0 0 0 0 0 0 0 0 0 0 0 0 0 0 0 0 0 0 0 0 0 0 0 0 0 0
0 0 0 0 0 0 0 0 0 0 0 0 0 0 0 0 0 0 0 0 0 0 0 0 0 0 0 0 0 0 0 0
0 0 0 0 0 0 0 0 0 0 0 0 0 0 0 0 0 0 0 0 0 0 0 0 0 0 0 0 0 0 0 0
0 0 0 0 0 0 0 0 0 0 0 0 0 0 0 0 0 0 0 0 0 0 0 0 0 0 0 0 0 0 0 0
0 0 0 0 0 0 0 0 0 0 0 0 0 0 0 0 0 0 0 0 0 0 0 0 0 0 0 0 0 0 0 0
0 0 0 0 0 0 0 0 0 0 0 0 0 0 0 0 0 0 0 0 0 0 0 0 0 0 0 0 0 0 0 0
0 0 0 0 0 0 0 0 0 0 0 0 0 0 0 0 0 0 0 0 0 0 0 0 0 0 0 0 0 0 0 0
0 0 0 0 0 0 0 0 0 0 0 0 0 0 0 0 0 0 0 0 0 0 0 0 0 0 0 0 0 0 0 0
0 0 0 0 0 0 0 0 0 0 0 0 0 0 0 0 0 0 0 0 0 0 0 0 0 0 0 0 0 0 0 0
0 0 0 0 0 0 0 0 0 0 0 0 0 0 0 0 0 0 0 0 0 0 0 0 0 0 0 0 0 0 0 0
0 0 0 0 0 0 0 0 0 0 0 0 0 0 0 0 0 0 0 0 0 0 0 0 0 0 0 0 0 0 0 0
0 0 0 0 0 0 0 0 0 0 0 0 0 0 0 0 0 0 0 0 0 0 0 0 0 0 0 0 0 0 0 0
0 0 0 0 0 0 0 0 0 0 0 0 0 0 0 0 0 0 0 0 0 0 0 0 0 0 0 0 0 0 0 0
0 0 0 0 0 0 0 0 0 0 0 0 0 0 0 0 0 0 0 0 0 0 0 0 0 0 0 0 0 0 0 0
0 0 0 0 0 0 0 0 0 0 0 0 0 0 0 0 0 0 0 0 0 0 0 0 0 0 0 0 0 0 0 0
0 0 0 0 0 0 0 0 0 0 0 0 0 0 0 0 0 0 0 0 0 0 0 0 0 0 0 0 0 0 0 0
0 0 0 0 0 0 0 0 0 0 0 0 0 0 0 0 0 0 0 0 0 0 0 0 0 0 0 0 0 0 0 0
0 0 0 0 0 0 0 0 0 0 0 0 0 0 0 0 0 0 0 0 0 0 0 0 0 0 0 0 0 0 0 0
0 0 0 0 0 0 0 0 0 0 0 0 0 0 0 0 0 0 0 0 0 0 0 0 0 0 0 0 0 0 0 0
0 0 0 0 0 0 0 0 0 0 0 0 0 0 0 0 0 0 0 0 0 0 0 0 0 0 0 0 0 0 0 0
0 0 0 0 0 0 0 0 0 0 0 0 0 0 0 0 0 0 0 0 0 0 0 0 0 0 0 0 0 0 0 0
0 0 0 0 0 0 0 0 0 0 0 0 0 0 0 0 0 0 0 0 0 0 0 0 0 0 0 0 0 0 0 0
0 0 0 0 0 0 0 0 0 0 0 0 0 0 0 0 0 0 0 0 0 0 0 0 0 0 0 0 0 0 0 0
0 0 0 0 0 0 0 0 0 0 0 0 0 0 0 0 0 0 0 0 0 0 0 0 0 0 0 0 0 0 0 0
0 0 0 0 0 0 0 0 0 0 0 0 0 0 0 0 0 0 0 0 0 0 0 0 0 0 0 0 0 0 0 0
0 0 0 0 0 0 0 0 0 0 0 0 0 0 0 0 0 0 0 0 0 0 0 0 0 0 0 0 0 0 0 0
0 0 0 0 0 0 0 0 0 0 0 0 0 0 0 0 0 0 0 0 0 0 0 0 0 0 0 0 0 0 0 0
0 0 0 0 0 0 0 0 0 0 0 0 0 0 0 0 0 0 0 0 0 0 0 0 0 0 0 0 0 0 0 0
0 0 0 0 0 0 0 0 0 0 0 0 0 0 0 0 0 0 0 0 0 0 0 0 0 0 0 0 0 0 0 0
0 0 0 0 0 0 0 0 0 0 0 0 0 0 0 0 0 0 0 0 0 0 0 0 0 0 0 0 0 0 0 0
0 0 0 0 0 0 0 0 0 0 0 0 0 0 0 0 0 0 0 0 0 0 0 0 0 0 0 0 0 0 0 0
0 0 0 0 0 0 0 0 0 0 0 0 0 0 0 0 0 0 0 0 0 0 0 0 0 0 0 0 0 0 0 0
0 0 0 0 0 0 0 0 0 0 0 0 0 0 0 0 0 0 0 0 0 0 0 0 0 0 0 0 0 0 0 0
0 0 0 0 0 0 0 0 0 0 0 0 0 0 0 0 0 0 0 0 0 0 0 0 0 0 0 0 0 0 0 0
0 0 0 0 0 0 0 0 0 0 0 0 0 0 0 0 0 0 0 0 0 0 0 0 0 0 0 0 0 0 0 0
0 0 0 0 0 0 0 0 0 0 0 0 0 0 0 0 0 0 0 0 0 0 0 0 0 0 0 0 0 0 0 0
0 0 0 0 0 0 0 0 0 0 0 0 0 0 0 0 0 0 0 0 0 0 0 0 0 0 0 0 0 0 0 0
18 -42 15 0 0 0 0 0 0 0 0 0 0 0 0 0 0 0 25 0 0 -25 0 0 25 0 0 -25 0 0 0 0
18 -42 15 0 30 0 0 0 -150 0 0 0 0 0 160 0 0 0 25 0 0 -25 0 0 25 0 0 -25 0 0 0 0
18 -42 15 0 60 0 0 0 -150 0 0 0 0 0 160 0 0 0 25 0 0 -25 0 0 25 0 0 -25 0 0 0 0
18 -42 15 0 95 0 0 0 -150 0 0 0 0 0 160 0 0 0 25 0 0 -25 0 0 25 0 0 -25 0 0 0 0
18 -42 15 0 120 0 0 0 -150 0 0 0 0 0 160 0 0 0 25 0 0 -25 0 0 25 0 0 -25 0 0 0 0
18 -42 15 0 150 0 0 0 -150 0 0 0 0 0 160 0 0 0 25 0 0 -25 0 0 25 0 0 -25 0 0 0 0
18 -42 15 0 175 0 0 0 -150 0 0 0 0 0 160 0 0 0 25 0 0 -25 0 0 25 0 0 -25 0 0 0 0
18 -42 15 0 225 0 0 0 -150 0 0 0 0 0 160 0 0 0 25 0 0 -25 0 0 25 0 0 -25 0 0 0 0
18 -42 15 0 265 0 0 0 -150 0 0 0 0 0 160 0 0 0 25 0 0 -25 0 0 25 0 0 -25 0 0 0 0
18 -42 15 0 305 0 0 0 -150 0 0 0 0 0 160 0 0 0 25 0 0 -25 0 0 25 0 0 -25 0 0 0 0
18 -42 15 0 335 0 0 0 -150 0 0 0 0 0 160 0 0 0 25 0 0 -25 0 0 25 0 0 -25 0 0 0 0
18 -42 15 0 0 0 0 0 -150 0 0 0 0 0 160 0 0 0 25 0 0 -25 0 0 25 0 0 -25 0 0 0 0
18 -42 15 0 0 0 0 0 0 0 0 0 0 0 0 0 0 0 25 0 0 -25 0 0 25 0 0 -25 0 0 0 0
18 -42 15 0 30 0 0 0 -150 0 0 0 0 0 160 0 0 0 25 0 0 -25 0 0 25 0 0 -25 0 0 0 0
18 -42 15 0 60 0 0 0 -150 0 0 0 0 0 160 0 0 0 25 0 0 -25 0 0 25 0 0 -25 0 0 0 0
18 -42 15 0 95 0 0 0 -150 0 0 0 0 0 160 0 0 0 25 0 0 -25 0 0 25 0 0 -25 0 0 0 0
18 -42 15 0 120 0 0 0 -150 0 0 0 0 0 160 0 0 0 25 0 0 -25 0 0 25 0 0 -25 0 0 0 0
18 -42 15 0 150 0 0 0 -150 0 0 0 0 0 160 0 0 0 25 0 0 -25 0 0 25 0 0 -25 0 0 0 0
18 -42 15 0 175 0 0 0 -150 0 0 0 0 0 160 0 0 0 25 0 0 -25 0 0 25 0 0 -25 0 0 0 0
18 -42 15 0 225 0 0 0 -150 0 0 0 0 0 160 0 0 0 25 0 0 -25 0 0 25 0 0 -25 0 0 0 0
18 -42 15 0 265 0 0 0 -150 0 0 0 0 0 160 0 0 0 25 0 0 -25 0 0 25 0 0 -25 0 0 0 0
18 -42 15 0 305 0 0 0 -150 0 0 0 0 0 160 0 0 0 25 0 0 -25 0 0 25 0 0 -25 0 0 0 0
18 -42 15 0 335 0 0 0 -150 0 0 0 0 0 160 0 0 0 25 0 0 -25 0 0 25 0 0 -25 0 0 0 0
18 -42 15 0 0 0 0 0 -150 0 0 0 0 0 160 0 0 0 25 0 0 -25 0 0 25 0 0 -25 0 0 0 0
18 -42 15 0 0 0 0 0 0 0 0 0 0 0 0 0 0 0 25 0 0 -25 0 0 25 0 0 -25 0 0 0 0
18 -42 15 0 30 0 0 0 -150 0 0 0 0 0 160 0 0 0 25 0 0 -25 0 0 25 0 0 -25 0 0 0 0
18 -42 15 0 60 0 0 0 -150 0 0 0 0 0 160 0 0 0 25 0 0 -25 0 0 25 0 0 -25 0 0 0 0
18 -42 15 0 95 0 0 0 -150 0 0 0 0 0 160 0 0 0 25 0 0 -25 0 0 25 0 0 -25 0 0 0 0
18 -42 15 0 120 0 0 0 -150 0 0 0 0 0 160 0 0 0 25 0 0 -25 0 0 25 0 0 -25 0 0 0 0
18 -42 15 0 150 0 0 0 -150 0 0 0 0 0 160 0 0 0 25 0 0 -25 0 0 25 0 0 -25 0 0 0 0
18 -42 15 0 175 0 0 0 -150 0 0 0 0 0 160 0 0 0 25 0 0 -25 0 0 25 0 0 -25 0 0 0 0
18 -42 15 0 225 0 0 0 -150 0 0 0 0 0 160 0 0 0 25 0 0 -25 0 0 25 0 0 -25 0 0 0 0
18 -42 15 0 265 0 0 0 -150 0 0 0 0 0 160 0 0 0 25 0 0 -25 0 0 25 0 0 -25 0 0 0 0
18 -42 15 0 305 0 0 0 -150 0 0 0 0 0 160 0 0 0 25 0 0 -25 0 0 25 0 0 -25 0 0 0 0
18 -42 15 0 335 0 0 0 -150 0 0 0 0 0 160 0 0 0 25 0 0 -25 0 0 25 0 0 -25 0 0 0 0
18 -42 15 0 0 0 0 0 -150 0 0 0 0 0 160 0 0 0 25 0 0 -25 0 0 25 0 0 -25 0 0 0 0
18 -42 15 0 0 0 0 0 0 0 0 0 0 0 0 0 0 0 25 0 0 -25 0 0 25 0 0 -25 0 0 0 0
18 -42 15 0 30 0 0 0 -150 0 0 0 0 0 160 0 0 0 25 0 0 -25 0 0 25 0 0 -25 0 0 0 0
18 -42 15 0 60 0 0 0 -150 0 0 0 0 0 160 0 0 0 25 0 0 -25 0 0 25 0 0 -25 0 0 0 0
18 -42 15 0 95 0 0 0 -150 0 0 0 0 0 160 0 0 0 25 0 0 -25 0 0 25 0 0 -25 0 0 0 0
18 -42 15 0 120 0 0 0 -150 0 0 0 0 0 160 0 0 0 25 0 0 -25 0 0 25 0 0 -25 0 0 0 0
18 -42 15 0 150 0 0 0 -150 0 0 0 0 0 160 0 0 0 25 0 0 -25 0 0 25 0 0 -25 0 0 0 0
18 -42 15 0 175 0 0 0 -150 0 0 0 0 0 160 0 0 0 25 0 0 -25 0 0 25 0 0 -25 0 0 0 0
18 -42 15 0 225 0 0 0 -150 0 0 0 0 0 160 0 0 0 25 0 0 -25 0 0 25 0 0 -25 0 0 0 0
18 -42 15 0 265 0 0 0 -150 0 0 0 0 0 160 0 0 0 25 0 0 -25 0 0 25 0 0 -25 0 0 0 0
18 -42 15 0 305 0 0 0 -150 0 0 0 0 0 160 0 0 0 25 0 0 -25 0 0 25 0 0 -25 0 0 0 0
18 -42 15 0 335 0 0 0 -150 0 0 0 0 0 160 0 0 0 25 0 0 -25 0 0 25 0 0 -25 0 0 0 0
18 -42 15 0 0 0 0 0 -150 0 0 0 0 0 160 0 0 0 25 0 0 -25 0 0 25 0 0 -25 0 0 0 0
18 -42 15 0 0 0 0 0 0 0 0 0 0 0 0 0 0 0 25 0 0 -25 0 0 25 0 0 -25 0 0 0 0
18 -42 15 0 30 0 0 0 -150 0 0 0 0 0 160 0 0 0 25 0 0 -25 0 0 25 0 0 -25 0 0 0 0
18 -42 15 0 60 0 0 0 -150 0 0 0 0 0 160 0 0 0 25 0 0 -25 0 0 25 0 0 -25 0 0 0 0
18 -42 15 0 95 0 0 0 -150 0 0 0 0 0 160 0 0 0 25 0 0 -25 0 0 25 0 0 -25 0 0 0 0
18 -42 15 0 120 0 0 0 -150 0 0 0 0 0 160 0 0 0 25 0 0 -25 0 0 25 0 0 -25 0 0 0 0
18 -42 15 0 150 0 0 0 -150 0 0 0 0 0 160 0 0 0 25 0 0 -25 0 0 25 0 0 -25 0 0 0 0
18 -42 15 0 175 0 0 0 -150 0 0 0 0 0 160 0 0 0 25 0 0 -25 0 0 25 0 0 -25 0 0 0 0
18 -42 15 0 225 0 0 0 -150 0 0 0 0 0 160 0 0 0 25 0 0 -25 0 0 25 0 0 -25 0 0 0 0
18 -42 15 0 265 0 0 0 -150 0 0 0 0 0 160 0 0 0 25 0 0 -25 0 0 25 0 0 -25 0 0 0 0
18 -42 15 0 305 0 0 0 -150 0 0 0 0 0 160 0 0 0 25 0 0 -25 0 0 25 0 0 -25 0 0 0 0
18 -42 15 0 335 0 0 0 -150 0 0 0 0 0 160 0 0 0 25 0 0 -25 0 0 25 0 0 -25 0 0 0 0
18 -42 15 0 0 0 0 0 -150 0 0 0 0 0 160 0 0 0 25 0 0 -25 0 0 25 0 0 -25 0 0 0 0
18 -42 15 0 0 0 0 0 0 0 0 0 0 0 0 0 0 0 25 0 0 -25 0 0 25 0 0 -25 0 0 0 0
18 -42 15 0 30 0 0 0 -150 0 0 0 0 0 160 0 0 0 25 0 0 -25 0 0 25 0 0 -25 0 0 0 0
18 -42 15 0 60 0 0 0 -150 0 0 0 0 0 160 0 0 0 25 0 0 -25 0 0 25 0 0 -25 0 0 0 0
18 -42 15 0 95 0 0 0 -150 0 0 0 0 0 160 0 0 0 25 0 0 -25 0 0 25 0 0 -25 0 0 0 0
18 -42 15 0 120 0 0 0 -150 0 0 0 0 0 160 0 0 0 25 0 0 -25 0 0 25 0 0 -25 0 0 0 0
18 -42 15 0 150 0 0 0 -150 0 0 0 0 0 160 0 0 0 25 0 0 -25 0 0 25 0 0 -25 0 0 0 0
18 -42 15 0 175 0 0 0 -150 0 0 0 0 0 160 0 0 0 25 0 0 -25 0 0 25 0 0 -25 0 0 0 0
18 -42 15 0 225 0 0 0 -150 0 0 0 0 0 160 0 0 0 25 0 0 -25 0 0 25 0 0 -25 0 0 0 0
18 -42 15 0 265 0 0 0 -150 0 0 0 0 0 160 0 0 0 25 0 0 -25 0 0 25 0 0 -25 0 0 0 0
18 -42 15 0 305 0 0 0 -150 0 0 0 0 0 160 0 0 0 25 0 0 -25 0 0 25 0 0 -25 0 0 0 0
18 -42 15 0 335 0 0 0 -150 0 0 0 0 0 160 0 0 0 25 0 0 -25 0 0 25 0 0 -25 0 0 0 0
18 -42 15 0 0 0 0 0 -150 0 0 0 0 0 160 0 0 0 25 0 0 -25 0 0 25 0 0 -25 0 0 0 0
18 -42 15 0 0 0 0 0 0 0 0 0 0 0 0 0 0 0 25 0 0 -25 0 0 25 0 0 -25 0 0 0 0
18 -42 15 0 30 0 0 0 -150 0 0 0 0 0 160 0 0 0 25 0 0 -25 0 0 25 0 0 -25 0 0 0 0
18 -42 15 0 60 0 0 0 -150 0 0 0 0 0 160 0 0 0 25 0 0 -25 0 0 25 0 0 -25 0 0 0 0
18 -42 15 0 95 0 0 0 -150 0 0 0 0 0 160 0 0 0 25 0 0 -25 0 0 25 0 0 -25 0 0 0 0
18 -42 15 0 120 0 0 0 -150 0 0 0 0 0 160 0 0 0 25 0 0 -25 0 0 25 0 0 -25 0 0 0 0
18 -42 15 0 150 0 0 0 -150 0 0 0 0 0 160 0 0 0 25 0 0 -25 0 0 25 0 0 -25 0 0 0 0
18 -42 15 0 175 0 0 0 -150 0 0 0 0 0 160 0 0 0 25 0 0 -25 0 0 25 0 0 -25 0 0 0 0
18 -42 15 0 225 0 0 0 -150 0 0 0 0 0 160 0 0 0 25 0 0 -25 0 0 25 0 0 -25 0 0 0 0
18 -42 15 0 265 0 0 0 -150 0 0 0 0 0 160 0 0 0 25 0 0 -25 0 0 25 0 0 -25 0 0 0 0
18 -42 15 0 305 0 0 0 -150 0 0 0 0 0 160 0 0 0 25 0 0 -25 0 0 25 0 0 -25 0 0 0 0
18 -42 15 0 335 0 0 0 -150 0 0 0 0 0 160 0 0 0 25 0 0 -25 0 0 25 0 0 -25 0 0 0 0
18 -42 15 0 0 0 0 0 -150 0 0 0 0 0 160 0 0 0 25 0 0 -25 0 0 25 0 0 -25 0 0 0 0
18 -42 15 0 0 0 0 0 0 0 0 0 0 0 0 0 0 0 25 0 0 -25 0 0 25 0 0 -25 0 0 0 0
18 -42 15 0 30 0 0 0 -150 0 0 0 0 0 160 0 0 0 25 0 0 -25 0 0 25 0 0 -25 0 0 0 0
18 -42 15 0 60 0 0 0 -150 0 0 0 0 0 160 0 0 0 25 0 0 -25 0 0 25 0 0 -25 0 0 0 0
18 -42 15 0 95 0 0 0 -150 0 0 0 0 0 160 0 0 0 25 0 0 -25 0 0 25 0 0 -25 0 0 0 0
18 -42 15 0 120 0 0 0 -150 0 0 0 0 0 160 0 0 0 25 0 0 -25 0 0 25 0 0 -25 0 0 0 0
18 -42 15 0 150 0 0 0 -150 0 0 0 0 0 160 0 0 0 25 0 0 -25 0 0 25 0 0 -25 0 0 0 0
18 -42 15 0 175 0 0 0 -150 0 0 0 0 0 160 0 0 0 25 0 0 -25 0 0 25 0 0 -25 0 0 0 0
18 -42 15 0 225 0 0 0 -150 0 0 0 0 0 160 0 0 0 25 0 0 -25 0 0 25 0 0 -25 0 0 0 0
18 -42 15 0 265 0 0 0 -150 0 0 0 0 0 160 0 0 0 25 0 0 -25 0 0 25 0 0 -25 0 0 0 0
18 -42 15 0 305 0 0 0 -150 0 0 0 0 0 160 0 0 0 25 0 0 -25 0 0 25 0 0 -25 0 0 0 0
18 -42 15 0 335 0 0 0 -150 0 0 0 0 0 160 0 0 0 25 0 0 -25 0 0 25 0 0 -25 0 0 0 0
18 -42 15 0 0 0 0 0 -150 0 0 0 0 0 160 0 0 0 25 0 0 -25 0 0 25 0 0 -25 0 0 0 0
18 -42 15 0 0 0 0 0 0 0 0 0 0 0 0 0 0 0 25 0 0 -25 0 0 25 0 0 -25 0 0 0 0
18 -42 15 0 30 0 0 0 -150 0 0 0 0 0 160 0 0 0 25 0 0 -25 0 0 25 0 0 -25 0 0 0 0
18 -42 15 0 60 0 0 0 -150 0 0 0 0 0 160 0 0 0 25 0 0 -25 0 0 25 0 0 -25 0 0 0 0
18 -42 15 0 95 0 0 0 -150 0 0 0 0 0 160 0 0 0 25 0 0 -25 0 0 25 0 0 -25 0 0 0 0
18 -42 15 0 120 0 0 0 -150 0 0 0 0 0 160 0 0 0 25 0 0 -25 0 0 25 0 0 -25 0 0 0 0
18 -42 15 0 150 0 0 0 -150 0 0 0 0 0 160 0 0 0 25 0 0 -25 0 0 25 0 0 -25 0 0 0 0
18 -42 15 0 175 0 0 0 -150 0 0 0 0 0 160 0 0 0 25 0 0 -25 0 0 25 0 0 -25 0 0 0 0
18 -42 15 0 225 0 0 0 -150 0 0 0 0 0 160 0 0 0 25 0 0 -25 0 0 25 0 0 -25 0 0 0 0
18 -42 15 0 265 0 0 0 -150 0 0 0 0 0 160 0 0 0 25 0 0 -25 0 0 25 0 0 -25 0 0 0 0
18 -42 15 0 305 0 0 0 -150 0 0 0 0 0 160 0 0 0 25 0 0 -25 0 0 25 0 0 -25 0 0 0 0
18 -42 15 0 335 0 0 0 -150 0 0 0 0 0 160 0 0 0 25 0 0 -25 0 0 25 0 0 -25 0 0 0 0
18 -42 15 0 0 0 0 0 -150 0 0 0 0 0 160 0 0 0 25 0 0 -25 0 0 25 0 0 -25 0 0 0 0
18 -42 15 0 0 0 0 5 0 0 -5 0 0 10 5 0 0 0 25 35 0 -25 0 0 25 0 0 -25 0 0 0 0
18 -42 15 0 0 0 0 5 0 0 -5 0 0 10 5 0 0 0 25 35 0 -25 0 0 25 0 0 -25 0 0 0 0
18 -42 15 0 0 0 0 5 0 0 -5 0 0 10 5 0 0 0 25 35 0 -25 0 0 25 0 0 -25 0 0 0 0
18 -42 15 0 0 0 0 5 0 0 -5 0 0 10 5 0 0 0 25 35 0 -25 0 0 25 0 0 -25 0 0 0 0
18 -42 15 0 0 0 0 5 0 0 -5 0 0 10 5 0 0 0 25 35 0 -25 0 0 25 0 0 -25 0 0 0 0
18 -42 15 0 0 0 0 5 0 0 -5 0 0 10 5 0 0 0 25 35 0 -25 0 0 25 0 0 -25 0 0 0 0
18 -42 15 0 0 0 30 5 0 0 -5 0 30 10 5 0 0 0 25 35 0 -25 0 0 25 0 0 -25 0 0 0 0
18 -42 15 0 0 0 60 5 0 0 -5 0 60 10 5 0 0 0 25 35 0 -25 0 0 25 0 0 -25 0 0 0 0
18 -42 15 0 0 0 95 5 0 0 -5 0 95 10 5 0 0 0 25 35 0 -25 0 0 25 0 0 -25 0 0 0 0
18 -42 15 0 0 0 125 5 0 0 -5 0 125 10 5 0 0 0 25 35 0 -25 0 0 25 0 0 -25 0 0 0 0
18 -42 15 0 0 0 160 5 0 0 -5 0 160 10 5 0 0 0 25 35 0 -25 0 0 25 0 0 -25 0 0 0 0
18 -42 15 0 0 0 180 5 0 0 -5 0 180 10 5 0 0 0 25 35 0 -25 0 0 25 0 0 -25 0 0 0 0
18 -42 15 0 10 0 180 5 0 0 -5 0 180 10 5 0 0 0 25 35 0 -25 0 0 25 0 0 -25 0 0 0 0
18 -42 15 0 45 0 180 5 0 0 -5 0 180 10 5 0 0 0 25 35 0 -25 0 0 25 0 0 -25 0 0 0 0
18 -42 15 0 80 0 180 5 0 0 -5 0 180 10 5 0 0 0 25 35 0 -25 0 0 25 0 0 -25 0 0 0 0
18 -42 15 0 120 0 180 5 0 0 -5 0 180 10 5 0 0 0 25 35 0 -25 0 0 25 0 0 -25 0 0 0 0
18 -42 15 0 175 0 180 5 0 0 -5 0 180 10 5 0 0 0 25 35 0 -25 0 0 25 0 0 -25 0 0 0 0
18 -42 15 0 210 0 180 5 0 0 -5 0 180 10 5 0 0 0 25 35 0 -25 0 0 25 0 0 -25 0 0 0 0
18 -42 15 0 260 0 180 5 0 0 -5 0 180 10 5 0 0 0 25 35 0 -25 0 0 25 0 0 -25 0 0 0 0
18 -42 15 0 315 0 180 5 0 0 -5 0 180 10 5 0 0 0 25 35 0 -25 0 0 25 0 0 -25 0 0 0 0
18 -42 15 0 5 0 180 5 0 0 -5 0 180 10 5 0 0 0 25 35 0 -25 0 0 25 0 0 -25 0 0 0 0
18 -42 15 0 70 0 180 5 0 0 -5 0 180 10 5 0 0 0 25 35 0 -25 0 0 25 0 0 -25 0 0 0 0
18 -42 15 0 115 0 180 5 0 0 -5 0 180 10 5 0 0 0 25 35 0 -25 0 0 25 0 0 -25 0 0 0 0
18 -42 15 0 170 0 180 5 0 0 -5 0 180 10 5 0 0 0 25 35 0 -25 0 0 25 0 0 -25 0 0 0 0
18 -42 15 0 245 0 180 5 0 0 -5 0 180 10 5 0 0 0 25 35 0 -25 0 0 25 0 0 -25 0 0 0 0
18 -42 15 0 290 0 180 5 0 0 -5 0 180 10 5 0 0 0 25 35 0 -25 0 0 25 0 0 -25 0 0 0 0
18 -42 15 0 320 0 180 5 0 0 -5 0 180 10 5 0 0 0 25 35 0 -25 0 0 25 0 0 -25 0 0 0 0
18 -42 15 0 345 0 180 5 0 0 -5 0 180 10 5 0 0 0 25 35 0 -25 0 0 25 0 0 -25 0 0 0 0
18 -42 15 0 15 0 180 5 0 0 -5 0 180 10 5 0 0 0 25 35 0 -25 0 0 25 0 0 -25 0 0 0 0
18 -42 15 0 15 0 180 5 -35 0 -5 0 180 10 40 0 0 0 25 35 0 -25 0 0 25 0 0 -25 0 0 0 0
18 -42 15 0 15 0 180 5 -50 0 -5 0 180 10 55 0 0 0 25 35 0 -25 0 0 25 0 0 -25 0 0 0 0
18 -42 15 0 15 0 180 5 -50 0 -5 40 180 10 55 0 0 -40 25 35 0 -25 0 0 25 0 0 -25 0 0 0 0
18 -42 15 0 15 0 180 5 -50 0 -5 70 180 10 55 0 0 -70 25 35 0 -25 0 0 25 0 0 -25 0 0 0 0
18 -42 15 0 15 0 180 5 -50 0 -5 110 180 10 55 0 0 -110 25 35 0 -25 0 0 25 0 0 -25 0 0 0 0
18 -42 15 0 15 0 180 5 -50 0 -5 50 180 10 55 0 0 -50 25 35 0 -25 0 0 25 0 0 -25 0 0 0 0
18 -42 15 0 15 0 180 5 -50 0 -5 0 180 10 55 0 0 0 25 35 0 -25 0 0 25 0 0 -25 0 0 0 0
18 -42 15 0 15 0 180 5 -50 0 -5 75 180 10 55 0 0 -75 25 35 0 -25 0 0 25 0 0 -25 0 0 0 0
18 -42 15 0 15 0 180 5 -50 0 -5 110 180 10 55 0 0 -110 25 35 0 -25 0 0 25 0 0 -25 0 0 0 0
18 -42 15 0 15 0 125 5 -50 0 -5 110 125 10 55 0 0 -110 25 35 0 -25 0 0 25 0 0 -25 0 0 0 0
18 -42 15 0 15 0 85 5 -50 0 -5 110 85 10 55 0 0 -110 25 35 0 -25 0 0 25 0 0 -25 0 0 0 0
18 -42 15 0 15 0 30 5 -50 0 -5 110 30 10 55 0 0 -110 25 35 0 -25 0 0 25 0 0 -25 0 0 0 0
18 -42 15 0 15 0 10 5 -50 0 -5 110 10 10 55 0 0 -110 25 35 0 -25 0 0 25 0 0 -25 0 0 0 0
18 -42 15 0 15 0 80 5 -50 0 -5 110 80 10 55 0 0 -110 25 35 0 -25 0 0 25 0 0 -25 0 0 0 0
18 -42 15 0 15 0 145 5 -50 0 -5 110 145 10 55 0 0 -110 25 35 0 -25 0 0 25 0 0 -25 0 0 0 0
18 -42 15 0 15 0 180 5 -50 0 -5 110 180 10 55 0 0 -110 25 35 0 -25 0 0 25 0 0 -25 0 0 0 0
18 -42 15 0 15 0 180 40 -50 0 -5 110 180 -25 55 0 0 -110 25 35 0 -25 0 0 25 0 0 -25 0 0 0 0
18 -42 15 0 15 0 180 85 -50 0 -5 110 180 -70 55 0 0 -110 25 35 0 -25 0 0 25 0 0 -25 0 0 0 0
18 -42 15 0 15 0 180 100 -50 0 -5 110 180 -85 55 0 0 -110 25 35 0 -25 0 0 25 0 0 -25 0 0 0 0
18 -42 15 0 15 0 180 45 -50 0 -5 110 180 -30 55 0 0 -110 25 35 0 -25 0 0 25 0 0 -25 0 0 0 0
18 -42 15 0 15 0 180 15 -50 0 -5 110 180 0 55 0 0 -110 25 35 0 -25 0 0 25 0 0 -25 0 0 0 0
18 -42 15 0 15 0 180 15 -50 0 -10 60 180 0 55 0 5 -60 25 35 0 -25 0 0 25 0 0 -25 0 0 0 0
18 -42 15 0 15 0 180 15 -50 0 -10 25 180 0 55 0 5 -25 25 35 0 -25 0 0 25 0 0 -25 0 0 0 0
18 -42 15 0 15 0 180 15 -50 0 -10 0 180 0 55 0 5 0 25 35 0 -25 0 0 25 0 0 -25 0 0 0 0
18 -42 15 0 15 0 180 55 -50 0 -10 0 180 -40 55 0 5 0 25 35 0 -25 0 0 25 0 0 -25 0 0 0 0
18 -42 15 0 15 0 180 75 -50 0 -10 0 180 -60 55 0 5 0 25 35 0 -25 0 0 25 0 0 -25 0 0 0 0
18 -42 15 0 15 0 180 95 -50 0 -10 0 180 -80 55 0 5 0 25 35 0 -25 0 0 25 0 0 -25 0 0 0 0
18 -42 15 0 15 0 180 95 0 0 -10 0 180 -80 5 0 5 0 25 35 0 -25 0 0 25 0 0 -25 0 0 0 0
18 -42 15 0 85 0 180 95 0 0 -10 0 180 -80 5 0 5 0 25 35 0 -25 0 0 25 0 0 -25 0 0 0 0
18 -42 15 0 125 0 180 95 0 0 -10 0 180 -80 5 0 5 0 25 35 0 -25 0 0 25 0 0 -25 0 0 0 0
18 -42 15 0 180 0 180 95 0 0 -10 0 180 -80 5 0 5 0 25 35 0 -25 0 0 25 0 0 -25 0 0 0 0
18 -42 15 0 220 0 180 95 0 0 -10 0 180 -80 5 0 5 0 25 35 0 -25 0 0 25 0 0 -25 0 0 0 0
18 -42 15 0 270 0 180 95 0 0 -10 0 180 -80 5 0 5 0 25 35 0 -25 0 0 25 0 0 -25 0 0 0 0
18 -42 15 0 325 0 180 95 0 0 -10 0 180 -80 5 0 5 0 25 35 0 -25 0 0 25 0 0 -25 0 0 0 0
18 -42 15 0 35 0 180 95 0 0 -10 0 180 -80 5 0 5 0 25 35 0 -25 0 0 25 0 0 -25 0 0 0 0
18 -42 15 0 85 0 180 95 0 0 -10 0 180 -80 5 0 5 0 25 35 0 -25 0 0 25 0 0 -25 0 0 0 0
18 -42 15 0 145 0 180 95 0 0 -10 0 180 -80 5 0 5 0 25 35 0 -25 0 0 25 0 0 -25 0 0 0 0
18 -42 15 0 205 0 180 95 0 0 -10 0 180 -80 5 0 5 0 25 35 0 -25 0 0 25 0 0 -25 0 0 0 0
18 -42 15 0 245 0 180 95 0 0 -10 0 180 -80 5 0 5 0 25 35 0 -25 0 0 25 0 0 -25 0 0 0 0
18 -42 15 0 295 0 180 95 0 0 -10 0 180 -80 5 0 5 0 25 35 0 -25 0 0 25 0 0 -25 0 0 0 0
18 -42 15 0 350 0 180 95 0 0 -10 0 180 -80 5 0 5 0 25 35 0 -25 0 0 25 0 0 -25 0 0 0 0
18 -42 15 0 5 0 180 95 0 0 -10 0 180 -80 5 0 5 0 25 35 0 -25 0 0 25 0 0 -25 0 0 0 0
18 -42 15 0 15 0 180 5 0 0 -5 0 180 10 5 0 0 0 25 35 0 -25 0 0 25 0 0 -25 0 0 0 0
18 -42 15 0 15 0 180 5 -35 0 -5 0 180 10 40 0 0 0 25 35 0 -25 0 0 25 0 0 -25 0 0 0 0
18 -42 15 0 15 0 180 5 -50 0 -5 0 180 10 55 0 0 0 25 35 0 -25 0 0 25 0 0 -25 0 0 0 0
18 -42 15 0 15 0 180 5 -50 0 -5 40 180 10 55 0 0 -40 25 35 0 -25 0 0 25 0 0 -25 0 0 0 0
18 -42 15 0 15 0 180 5 -50 0 -5 70 180 10 55 0 0 -70 25 35 0 -25 0 0 25 0 0 -25 0 0 0 0
18 -42 15 0 15 0 180 5 -50 0 -5 110 180 10 55 0 0 -110 25 35 0 -25 0 0 25 0 0 -25 0 0 0 0
18 -42 15 0 15 0 180 5 -50 0 -5 50 180 10 55 0 0 -50 25 35 0 -25 0 0 25 0 0 -25 0 0 0 0
18 -42 15 0 15 0 180 5 -50 0 -5 0 180 10 55 0 0 0 25 35 0 -25 0 0 25 0 0 -25 0 0 0 0
18 -42 15 0 15 0 180 5 -50 0 -5 75 180 10 55 0 0 -75 25 35 0 -25 0 0 25 0 0 -25 0 0 0 0
18 -42 15 0 15 0 180 5 -50 0 -5 110 180 10 55 0 0 -110 25 35 0 -25 0 0 25 0 0 -25 0 0 0 0
18 -42 15 0 15 0 125 5 -50 0 -5 110 125 10 55 0 0 -110 25 35 0 -25 0 0 25 0 0 -25 0 0 0 0
18 -42 15 0 15 0 85 5 -50 0 -5 110 85 10 55 0 0 -110 25 35 0 -25 0 0 25 0 0 -25 0 0 0 0
18 -42 15 0 15 0 30 5 -50 0 -5 110 30 10 55 0 0 -110 25 35 0 -25 0 0 25 0 0 -25 0 0 0 0
18 -42 15 0 15 0 10 5 -50 0 -5 110 10 10 55 0 0 -110 25 35 0 -25 0 0 25 0 0 -25 0 0 0 0
18 -42 15 0 15 0 80 5 -50 0 -5 110 80 10 55 0 0 -110 25 35 0 -25 0 0 25 0 0 -25 0 0 0 0
18 -42 15 0 15 0 145 5 -50 0 -5 110 145 10 55 0 0 -110 25 35 0 -25 0 0 25 0 0 -25 0 0 0 0
18 -42 15 0 15 0 180 5 -50 0 -5 110 180 10 55 0 0 -110 25 35 0 -25 0 0 25 0 0 -25 0 0 0 0
18 -42 15 0 15 0 180 40 -50 0 -5 110 180 -25 55 0 0 -110 25 35 0 -25 0 0 25 0 0 -25 0 0 0 0
18 -42 15 0 15 0 180 85 -50 0 -5 110 180 -70 55 0 0 -110 25 35 0 -25 0 0 25 0 0 -25 0 0 0 0
18 -42 15 0 15 0 180 100 -50 0 -5 110 180 -85 55 0 0 -110 25 35 0 -25 0 0 25 0 0 -25 0 0 0 0
18 -42 15 0 15 0 180 45 -50 0 -5 110 180 -30 55 0 0 -110 25 35 0 -25 0 0 25 0 0 -25 0 0 0 0
18 -42 15 0 15 0 180 15 -50 0 -5 110 180 0 55 0 0 -110 25 35 0 -25 0 0 25 0 0 -25 0 0 0 0
18 -42 15 0 15 0 180 15 -50 0 -10 60 180 0 55 0 5 -60 25 35 0 -25 0 0 25 0 0 -25 0 0 0 0
18 -42 15 0 15 0 180 15 -50 0 -10 25 180 0 55 0 5 -25 25 35 0 -25 0 0 25 0 0 -25 0 0 0 0
18 -42 15 0 15 0 180 15 -50 0 -10 0 180 0 55 0 5 0 25 35 0 -25 0 0 25 0 0 -25 0 0 0 0
18 -42 15 0 15 0 180 55 -50 0 -10 0 180 -40 55 0 5 0 25 35 0 -25 0 0 25 0 0 -25 0 0 0 0
18 -42 15 0 15 0 180 75 -50 0 -10 0 180 -60 55 0 5 0 25 35 0 -25 0 0 25 0 0 -25 0 0 0 0
18 -42 15 0 15 0 180 95 -50 0 -10 0 180 -80 55 0 5 0 25 35 0 -25 0 0 25 0 0 -25 0 0 0 0
18 -42 15 0 15 0 180 95 0 0 -10 0 180 -80 5 0 5 0 25 35 0 -25 0 0 25 0 0 -25 0 0 0 0
18 -42 15 0 85 0 180 95 0 0 -10 0 180 -80 5 0 5 0 25 35 0 -25 0 0 25 0 0 -25 0 0 0 0
18 -42 15 0 125 0 180 95 0 0 -10 0 180 -80 5 0 5 0 25 35 0 -25 0 0 25 0 0 -25 0 0 0 0
18 -42 15 0 180 0 180 95 0 0 -10 0 180 -80 5 0 5 0 25 35 0 -25 0 0 25 0 0 -25 0 0 0 0
18 -42 15 0 220 0 180 95 0 0 -10 0 180 -80 5 0 5 0 25 35 0 -25 0 0 25 0 0 -25 0 0 0 0
18 -42 15 0 270 0 180 95 0 0 -10 0 180 -80 5 0 5 0 25 35 0 -25 0 0 25 0 0 -25 0 0 0 0
18 -42 15 0 325 0 180 95 0 0 -10 0 180 -80 5 0 5 0 25 35 0 -25 0 0 25 0 0 -25 0 0 0 0
18 -42 15 0 35 0 180 95 0 0 -10 0 180 -80 5 0 5 0 25 35 0 -25 0 0 25 0 0 -25 0 0 0 0
18 -42 15 0 85 0 180 95 0 0 -10 0 180 -80 5 0 5 0 25 35 0 -25 0 0 25 0 0 -25 0 0 0 0
18 -42 15 0 145 0 180 95 0 0 -10 0 180 -80 5 0 5 0 25 35 0 -25 0 0 25 0 0 -25 0 0 0 0
18 -42 15 0 205 0 180 95 0 0 -10 0 180 -80 5 0 5 0 25 35 0 -25 0 0 25 0 0 -25 0 0 0 0
18 -42 15 0 245 0 180 95 0 0 -10 0 180 -80 5 0 5 0 25 35 0 -25 0 0 25 0 0 -25 0 0 0 0
18 -42 15 0 295 0 180 95 0 0 -10 0 180 -80 5 0 5 0 25 35 0 -25 0 0 25 0 0 -25 0 0 0 0
18 -42 15 0 350 0 180 95 0 0 -10 0 180 -80 5 0 5 0 25 35 0 -25 0 0 25 0 0 -25 0 0 0 0
18 -42 15 0 5 0 180 95 0 0 -10 0 180 -80 5 0 5 0 25 35 0 -25 0 0 25 0 0 -25 0 0 0 0
18 -42 15 0 15 0 180 5 0 0 -5 0 180 10 5 0 0 0 25 35 0 -25 0 0 25 0 0 -25 0 0 0 0
18 -42 15 0 15 0 180 5 -35 0 -5 0 180 10 40 0 0 0 25 35 0 -25 0 0 25 0 0 -25 0 0 0 0
18 -42 15 0 15 0 180 5 -50 0 -5 0 180 10 55 0 0 0 25 35 0 -25 0 0 25 0 0 -25 0 0 0 0
18 -42 15 0 15 0 180 5 -50 0 -5 40 180 10 55 0 0 -40 25 35 0 -25 0 0 25 0 0 -25 0 0 0 0
18 -42 15 0 15 0 180 5 -50 0 -5 70 180 10 55 0 0 -70 25 35 0 -25 0 0 25 0 0 -25 0 0 0 0
18 -42 15 0 15 0 180 5 -50 0 -5 110 180 10 55 0 0 -110 25 35 0 -25 0 0 25 0 0 -25 0 0 0 0
18 -42 15 0 15 0 180 5 -50 0 -5 50 180 10 55 0 0 -50 25 35 0 -25 0 0 25 0 0 -25 0 0 0 0
18 -42 15 0 15 0 180 5 -50 0 -5 0 180 10 55 0 0 0 25 35 0 -25 0 0 25 0 0 -25 0 0 0 0
18 -42 15 0 15 0 180 5 -50 0 -5 75 180 10 55 0 0 -75 25 35 0 -25 0 0 25 0 0 -25 0 0 0 0
18 -42 15 0 15 0 180 5 -50 0 -5 110 180 10 55 0 0 -110 25 35 0 -25 0 0 25 0 0 -25 0 0 0 0
18 -42 15 0 15 0 125 5 -50 0 -5 110 125 10 55 0 0 -110 25 35 0 -25 0 0 25 0 0 -25 0 0 0 0
18 -42 15 0 15 0 85 5 -50 0 -5 110 85 10 55 0 0 -110 25 35 0 -25 0 0 25 0 0 -25 0 0 0 0
18 -42 15 0 15 0 30 5 -50 0 -5 110 30 10 55 0 0 -110 25 35 0 -25 0 0 25 0 0 -25 0 0 0 0
18 -42 15 0 15 0 10 5 -50 0 -5 110 10 10 55 0 0 -110 25 35 0 -25 0 0 25 0 0 -25 0 0 0 0
18 -42 15 0 15 0 80 5 -50 0 -5 110 80 10 55 0 0 -110 25 35 0 -25 0 0 25 0 0 -25 0 0 0 0
18 -42 15 0 15 0 145 5 -50 0 -5 110 145 10 55 0 0 -110 25 35 0 -25 0 0 25 0 0 -25 0 0 0 0
18 -42 15 0 15 0 180 5 -50 0 -5 110 180 10 55 0 0 -110 25 35 0 -25 0 0 25 0 0 -25 0 0 0 0
18 -42 15 0 15 0 180 40 -50 0 -5 110 180 -25 55 0 0 -110 25 35 0 -25 0 0 25 0 0 -25 0 0 0 0
18 -42 15 0 15 0 180 85 -50 0 -5 110 180 -70 55 0 0 -110 25 35 0 -25 0 0 25 0 0 -25 0 0 0 0
18 -42 15 0 15 0 180 100 -50 0 -5 110 180 -85 55 0 0 -110 25 35 0 -25 0 0 25 0 0 -25 0 0 0 0
18 -42 15 0 15 0 180 45 -50 0 -5 110 180 -30 55 0 0 -110 25 35 0 -25 0 0 25 0 0 -25 0 0 0 0
18 -42 15 0 15 0 180 15 -50 0 -5 110 180 0 55 0 0 -110 25 35 0 -25 0 0 25 0 0 -25 0 0 0 0
18 -42 15 0 15 0 180 15 -50 0 -10 60 180 0 55 0 5 -60 25 35 0 -25 0 0 25 0 0 -25 0 0 0 0
18 -42 15 0 15 0 180 15 -50 0 -10 25 180 0 55 0 5 -25 25 35 0 -25 0 0 25 0 0 -25 0 0 0 0
18 -42 15 0 15 0 180 15 -50 0 -10 0 180 0 55 0 5 0 25 35 0 -25 0 0 25 0 0 -25 0 0 0 0
18 -42 15 0 15 0 180 55 -50 0 -10 0 180 -40 55 0 5 0 25 35 0 -25 0 0 25 0 0 -25 0 0 0 0
18 -42 15 0 15 0 180 75 -50 0 -10 0 180 -60 55 0 5 0 25 35 0 -25 0 0 25 0 0 -25 0 0 0 0
18 -42 15 0 15 0 180 95 -50 0 -10 0 180 -80 55 0 5 0 25 35 0 -25 0 0 25 0 0 -25 0 0 0 0
18 -42 15 0 15 0 180 95 0 0 -10 0 180 -80 5 0 5 0 25 35 0 -25 0 0 25 0 0 -25 0 0 0 0
18 -42 15 0 85 0 180 95 0 0 -10 0 180 -80 5 0 5 0 25 35 0 -25 0 0 25 0 0 -25 0 0 0 0
18 -42 15 0 125 0 180 95 0 0 -10 0 180 -80 5 0 5 0 25 35 0 -25 0 0 25 0 0 -25 0 0 0 0
18 -42 15 0 180 0 180 95 0 0 -10 0 180 -80 5 0 5 0 25 35 0 -25 0 0 25 0 0 -25 0 0 0 0
18 -42 15 0 220 0 180 95 0 0 -10 0 180 -80 5 0 5 0 25 35 0 -25 0 0 25 0 0 -25 0 0 0 0
18 -42 15 0 270 0 180 95 0 0 -10 0 180 -80 5 0 5 0 25 35 0 -25 0 0 25 0 0 -25 0 0 0 0
18 -42 15 0 325 0 180 95 0 0 -10 0 180 -80 5 0 5 0 25 35 0 -25 0 0 25 0 0 -25 0 0 0 0
18 -42 15 0 35 0 180 95 0 0 -10 0 180 -80 5 0 5 0 25 35 0 -25 0 0 25 0 0 -25 0 0 0 0
18 -42 15 0 85 0 180 95 0 0 -10 0 180 -80 5 0 5 0 25 35 0 -25 0 0 25 0 0 -25 0 0 0 0
18 -42 15 0 145 0 180 95 0 0 -10 0 180 -80 5 0 5 0 25 35 0 -25 0 0 25 0 0 -25 0 0 0 0
18 -42 15 0 205 0 180 95 0 0 -10 0 180 -80 5 0 5 0 25 35 0 -25 0 0 25 0 0 -25 0 0 0 0
18 -42 15 0 245 0 180 95 0 0 -10 0 180 -80 5 0 5 0 25 35 0 -25 0 0 25 0 0 -25 0 0 0 0
18 -42 15 0 295 0 180 95 0 0 -10 0 180 -80 5 0 5 0 25 35 0 -25 0 0 25 0 0 -25 0 0 0 0
18 -42 15 0 350 0 180 95 0 0 -10 0 180 -80 5 0 5 0 25 35 0 -25 0 0 25 0 0 -25 0 0 0 0
18 -42 15 0 5 0 180 95 0 0 -10 0 180 -80 5 0 5 0 25 35 0 -25 0 0 25 0 0 -25 0 0 0 0
18 -42 15 0 5 5 145 95 0 0 -10 0 145 -80 5 0 5 0 25 35 0 -25 0 0 25 0 0 -25 0 0 0 0
18 -42 15 0 5 5 110 95 0 0 -10 0 110 -80 5 0 5 0 25 35 0 -25 0 0 25 0 0 -25 0 0 0 0
18 -42 15 0 5 5 90 95 0 0 -10 0 90 -80 5 0 5 0 25 35 0 -25 0 0 25 0 0 -25 0 0 0 0
18 -42 15 0 5 5 110 95 0 0 -10 0 70 -80 5 0 5 0 25 35 0 -25 0 0 25 0 0 -25 0 0 0 0
18 -42 15 0 5 5 140 95 0 0 -10 0 40 -80 5 0 5 0 25 35 0 -25 0 0 25 0 0 -25 0 0 0 0
18 -42 15 0 5 5 170 95 0 0 -10 0 10 -80 5 0 5 0 25 35 0 -25 0 0 25 0 0 -25 0 0 0 0
18 -42 15 0 5 5 145 95 0 0 -10 0 35 -80 5 0 5 0 25 35 0 -25 0 0 25 0 0 -25 0 0 0 0
18 -42 15 0 5 5 120 95 0 0 -10 0 60 -80 5 0 5 0 25 35 0 -25 0 0 25 0 0 -25 0 0 0 0
18 -42 15 0 5 5 85 95 0 0 -10 0 95 -80 5 0 5 0 25 35 0 -25 0 0 25 0 0 -25 0 0 0 0
18 -42 15 0 5 5 55 95 0 0 -10 0 125 -80 5 0 5 0 25 35 0 -25 0 0 25 0 0 -25 0 0 0 0
18 -42 15 0 5 5 25 95 0 0 -10 0 155 -80 5 0 5 0 25 35 0 -25 0 0 25 0 0 -25 0 0 0 0
18 -42 15 0 5 5 0 95 0 0 -10 0 180 -80 5 0 5 0 25 35 0 -25 0 0 25 0 0 -25 0 0 0 0
18 -42 15 0 5 5 40 95 0 0 -10 0 140 -80 5 0 5 0 25 35 0 -25 0 0 25 0 0 -25 0 0 0 0
18 -42 15 0 5 5 75 95 0 0 -10 0 105 -80 5 0 5 0 25 35 0 -25 0 0 25 0 0 -25 0 0 0 0
18 -42 15 0 5 5 110 95 0 0 -10 0 70 -80 5 0 5 0 25 35 0 -25 0 0 25 0 0 -25 0 0 0 0
18 -42 15 0 5 5 145 95 0 0 -10 0 35 -80 5 0 5 0 25 35 0 -25 0 0 25 0 0 -25 0 0 0 0
18 -42 15 0 5 5 170 95 0 0 -10 0 10 -80 5 0 5 0 25 35 0 -25 0 0 25 0 0 -25 0 0 0 0
18 -42 15 0 5 5 140 95 0 0 -10 0 40 -80 5 0 5 0 25 35 0 -25 0 0 25 0 0 -25 0 0 0 0
18 -42 15 0 5 5 110 95 0 0 -10 0 70 -80 5 0 5 0 25 35 0 -25 0 0 25 0 0 -25 0 0 0 0
18 -42 15 0 5 5 80 95 0 0 -10 0 100 -80 5 0 5 0 25 35 0 -25 0 0 25 0 0 -25 0 0 0 0
18 -42 15 0 5 5 50 95 0 0 -10 0 130 -80 5 0 5 0 25 35 0 -25 0 0 25 0 0 -25 0 0 0 0
18 -42 15 0 5 5 15 95 0 0 -10 0 165 -80 5 0 5 0 25 35 0 -25 0 0 25 0 0 -25 0 0 0 0
18 -42 15 0 5 5 45 95 0 0 -10 0 135 -80 5 0 5 0 25 35 0 -25 0 0 25 0 0 -25 0 0 0 0
18 -42 15 0 5 5 75 95 0 0 -10 0 105 -80 5 0 5 0 25 35 0 -25 0 0 25 0 0 -25 0 0 0 0
18 -42 15 0 5 5 90 95 0 0 -10 0 90 -80 5 0 5 0 25 35 0 -25 0 0 25 0 0 -25 0 0 0 0
18 -42 15 0 5 5 90 95 0 0 -10 0 90 -80 5 0 5 0 -10 35 0 -25 0 0 25 0 0 -25 0 0 0 0
18 -42 15 0 5 5 90 95 0 0 -10 0 90 -80 5 0 5 0 -25 35 0 -25 0 0 25 0 0 -25 0 0 0 0
18 -42 15 0 5 5 90 95 0 0 -10 0 90 -80 5 0 5 0 -25 35 0 -70 0 0 25 0 0 -25 0 0 0 0
18 -42 15 0 5 5 90 95 0 0 -10 0 90 -80 5 0 5 0 -25 35 0 -90 0 0 25 0 0 -25 0 0 0 0
18 -42 15 0 5 5 90 95 0 0 -10 0 90 -80 5 0 5 0 15 35 0 -70 0 0 25 0 0 -25 0 0 0 0
18 -42 15 0 5 5 90 95 0 0 -10 0 90 -80 5 0 5 0 70 35 0 -70 0 0 25 0 0 -25 0 0 0 0
18 -42 15 0 5 5 90 95 0 0 -10 0 90 -80 5 0 5 0 100 35 0 -100 0 0 25 0 0 -25 0 0 0 0
18 -42 15 0 5 5 90 95 0 0 -10 0 90 -80 5 0 5 0 120 35 0 -115 0 0 25 0 0 -25 0 0 0 0
18 -42 15 0 5 5 90 95 0 0 -10 0 90 -80 5 0 5 0 70 35 0 -115 0 0 25 0 0 -25 0 0 0 0
18 -42 15 0 5 5 90 95 0 0 -10 0 90 -80 5 0 5 0 40 35 0 -115 0 0 25 0 0 -25 0 0 0 0
18 -42 15 0 5 5 90 95 0 0 -10 0 90 -80 5 0 5 0 85 35 0 -115 0 0 25 0 0 -25 0 0 0 0
18 -42 15 0 5 5 90 95 0 0 -10 0 90 -80 5 0 5 0 125 35 0 -115 0 0 25 0 0 -25 0 0 0 0
18 -42 15 0 5 5 90 95 0 0 -10 0 90 -80 5 0 5 0 70 35 0 -115 0 0 25 0 0 -25 0 0 0 0
18 -42 15 0 5 5 90 95 0 0 -10 0 90 -80 5 0 5 0 30 35 0 -115 0 0 25 0 0 -25 0 0 0 0
18 -42 15 0 5 5 90 95 0 0 -10 0 90 -80 5 0 5 0 0 35 0 -115 0 0 25 0 0 -25 0 0 0 0
18 -42 15 0 5 5 90 95 0 0 -10 0 90 -80 5 0 5 0 0 35 0 -130 0 0 25 0 0 -25 0 0 0 0
18 -42 15 0 5 5 90 95 0 0 -10 0 90 -80 5 0 5 0 50 35 0 -130 0 0 25 0 0 -25 0 0 0 0
18 -42 15 0 5 5 90 95 0 0 -10 0 90 -80 5 0 5 0 80 35 0 -130 0 0 25 0 0 -25 0 0 0 0
18 -42 15 0 5 5 90 95 0 0 -10 0 90 -80 5 0 5 0 125 35 0 -130 0 0 25 0 0 -25 0 0 0 0
18 -42 15 0 5 5 90 95 0 0 -10 0 90 -80 5 0 5 0 70 35 0 -130 0 0 25 0 0 -25 0 0 0 0
18 -42 15 0 5 5 90 95 0 0 -10 0 90 -80 5 0 5 0 15 35 0 -130 0 0 25 0 0 -25 0 0 0 0
18 -42 15 0 5 5 90 95 0 0 -10 0 90 -80 5 0 5 0 80 35 0 -130 0 0 25 0 0 -25 0 0 0 0
18 -42 15 0 5 5 90 95 0 0 -10 0 90 -80 5 0 5 0 125 35 0 -130 0 0 25 0 0 -25 0 0 0 0
18 -42 15 0 5 5 90 95 0 0 -10 0 90 -80 5 0 5 0 55 35 0 -130 0 0 25 0 0 -25 0 0 0 0
18 -42 15 0 5 5 90 95 0 0 -10 0 90 -80 5 0 5 0 0 35 0 -130 0 0 25 0 0 -25 0 0 0 0
18 -42 15 0 5 5 90 95 0 0 -10 0 90 -80 5 0 5 0 0 35 0 -60 0 0 25 0 0 -25 0 0 0 0
18 -42 15 0 5 5 90 95 0 0 -10 0 90 -80 5 0 5 0 0 35 0 -25 0 0 25 0 0 -25 0 0 0 0
18 -42 15 0 5 5 90 95 0 0 -10 0 90 -80 5 0 5 0 0 35 0 -75 0 0 25 0 0 -25 0 0 0 0
18 -42 15 0 5 5 90 95 0 0 -10 0 90 -80 5 0 5 0 0 35 0 -100 0 0 25 0 0 -25 0 0 0 0
18 -42 15 0 5 5 90 95 0 0 -10 0 90 -80 5 0 5 0 0 35 0 -65 0 0 25 0 0 -25 0 0 0 0
18 -42 15 0 5 5 90 95 0 0 -10 0 90 -80 5 0 5 0 0 35 0 -30 0 0 25 0 0 -25 0 0 0 0
18 -42 15 0 5 5 90 95 0 0 -10 0 90 -80 5 0 5 0 0 35 0 -75 0 0 25 0 0 -25 0 0 0 0
18 -42 15 0 5 5 90 95 0 0 -10 0 90 -80 5 0 5 0 0 35 0 -95 0 0 25 0 0 -25 0 0 0 0
18 -42 15 0 5 5 90 95 0 0 -10 0 90 -80 5 0 5 0 0 35 0 -115 0 0 25 0 0 -25 0 0 0 0
18 -42 15 0 5 5 90 95 0 0 -10 0 90 -80 5 0 5 0 0 35 0 -130 0 0 25 0 0 -25 0 0 0 0
18 -42 15 0 5 5 90 95 0 0 -10 0 90 -80 5 0 5 0 50 35 0 -130 0 0 25 0 0 -25 0 0 0 0
18 -42 15 0 5 5 90 95 0 0 -10 0 90 -80 5 0 5 0 80 35 0 -130 0 0 25 0 0 -25 0 0 0 0
18 -42 15 0 5 5 90 95 0 0 -10 0 90 -80 5 0 5 0 125 35 0 -130 0 0 25 0 0 -25 0 0 0 0
18 -42 15 0 5 5 90 95 0 0 -10 0 90 -80 5 0 5 0 70 35 0 -130 0 0 25 0 0 -25 0 0 0 0
18 -42 15 0 5 5 90 95 0 0 -10 0 90 -80 5 0 5 0 15 35 0 -130 0 0 25 0 0 -25 0 0 0 0
18 -42 15 0 5 5 90 95 0 0 -10 0 90 -80 5 0 5 0 80 35 0 -130 0 0 25 0 0 -25 0 0 0 0
18 -42 15 0 5 5 90 95 0 0 -10 0 90 -80 5 0 5 0 125 35 0 -130 0 0 25 0 0 -25 0 0 0 0
18 -42 15 0 5 5 90 95 0 0 -10 0 90 -80 5 0 5 0 55 35 0 -130 0 0 25 0 0 -25 0 0 0 0
18 -42 15 0 5 5 90 95 0 0 -10 0 90 -80 5 0 5 0 0 35 0 -130 0 0 25 0 0 -25 0 0 0 0
18 -42 15 0 5 5 90 95 0 0 -10 0 90 -80 5 0 5 0 0 35 0 -60 0 0 25 0 0 -25 0 0 0 0
18 -42 15 0 5 5 90 95 0 0 -10 0 90 -80 5 0 5 0 0 35 0 -25 0 0 25 0 0 -25 0 0 0 0
18 -42 15 0 5 5 90 95 0 0 -10 0 90 -80 5 0 5 0 0 35 0 -75 0 0 25 0 0 -25 0 0 0 0
18 -42 15 0 5 5 90 95 0 0 -10 0 90 -80 5 0 5 0 0 35 0 -100 0 0 25 0 0 -25 0 0 0 0
18 -42 15 0 5 5 90 95 0 0 -10 0 90 -80 5 0 5 0 0 35 0 -65 0 0 25 0 0 -25 0 0 0 0
18 -42 15 0 5 5 90 95 0 0 -10 0 90 -80 5 0 5 0 0 35 0 -30 0 0 25 0 0 -25 0 0 0 0
18 -42 15 0 5 5 90 95 0 0 -10 0 90 -80 5 0 5 0 0 35 0 -75 0 0 25 0 0 -25 0 0 0 0
18 -42 15 0 5 5 90 95 0 0 -10 0 90 -80 5 0 5 0 0 35 0 -95 0 0 25 0 0 -25 0 0 0 0
18 -42 15 0 5 5 90 95 0 0 -10 0 90 -80 5 0 5 0 0 35 0 -115 0 0 25 0 0 -25 0 0 0 0
18 -42 15 0 5 5 90 95 0 0 -10 0 90 -80 5 0 5 0 0 35 0 -130 0 0 25 0 0 -25 0 0 0 0
18 -42 15 0 5 5 90 95 0 0 -10 0 90 -80 5 0 5 0 50 35 0 -130 0 0 25 0 0 -25 0 0 0 0
18 -42 15 0 5 5 90 95 0 0 -10 0 90 -80 5 0 5 0 80 35 0 -130 0 0 25 0 0 -25 0 0 0 0
18 -42 15 0 5 5 90 95 0 0 -10 0 90 -80 5 0 5 0 125 35 0 -130 0 0 25 0 0 -25 0 0 0 0
18 -42 15 0 5 5 90 95 0 0 -10 0 90 -80 5 0 5 0 70 35 0 -130 0 0 25 0 0 -25 0 0 0 0
18 -42 15 0 5 5 90 95 0 0 -10 0 90 -80 5 0 5 0 15 35 0 -130 0 0 25 0 0 -25 0 0 0 0
18 -42 15 0 5 5 90 95 0 0 -10 0 90 -80 5 0 5 0 80 35 0 -130 0 0 25 0 0 -25 0 0 0 0
18 -42 15 0 5 5 90 95 0 0 -10 0 90 -80 5 0 5 0 125 35 0 -130 0 0 25 0 0 -25 0 0 0 0
18 -42 15 0 5 5 90 95 0 0 -10 0 90 -80 5 0 5 0 55 35 0 -130 0 0 25 0 0 -25 0 0 0 0
18 -42 15 0 5 5 90 95 0 0 -10 0 90 -80 5 0 5 0 0 35 0 -130 0 0 25 0 0 -25 0 0 0 0
18 -42 15 0 5 5 90 95 0 0 -10 0 90 -80 5 0 5 0 0 35 0 -60 0 0 25 0 0 -25 0 0 0 0
18 -42 15 0 5 5 90 95 0 0 -10 0 90 -80 5 0 5 0 0 35 0 -25 0 0 25 0 0 -25 0 0 0 0
18 -42 15 0 5 5 90 95 0 0 -10 0 90 -80 5 0 5 0 0 35 0 -75 0 0 25 0 0 -25 0 0 0 0
18 -42 15 0 5 5 90 95 0 0 -10 0 90 -80 5 0 5 0 0 35 0 -100 0 0 25 0 0 -25 0 0 0 0
18 -42 15 0 5 5 90 95 0 0 -10 0 90 -80 5 0 5 0 0 35 0 -65 0 0 25 0 0 -25 0 0 0 0
18 -42 15 0 5 5 90 95 0 0 -10 0 90 -80 5 0 5 0 0 35 0 -30 0 0 25 0 0 -25 0 0 0 0
18 -42 15 0 5 5 90 95 0 0 -10 0 90 -80 5 0 5 0 0 35 0 -75 0 0 25 0 0 -25 0 0 0 0
18 -42 15 0 5 5 90 95 0 0 -10 0 90 -80 5 0 5 0 0 35 0 -95 0 0 25 0 0 -25 0 0 0 0
18 -42 15 0 5 5 90 95 0 0 -10 0 125 35 5 0 5 0 30 35 0 -95 0 0 25 0 0 -25 0 0 0 0
18 -42 15 0 5 5 85 95 0 0 -10 0 150 35 20 -5 5 -35 30 35 0 -60 0 0 25 0 0 -25 0 0 0 0
18 -42 15 0 5 5 60 95 0 -50 -10 0 175 35 5 -5 5 -65 30 35 0 -60 0 0 25 0 0 -25 0 0 0 0
18 -42 15 0 5 5 60 95 0 -50 -5 0 175 35 -15 -5 5 -65 30 35 0 -30 0 0 25 0 0 -25 0 0 0 0
18 -42 15 0 5 5 60 95 0 -50 -5 0 175 35 20 -5 5 -65 30 35 0 -30 0 0 25 0 0 -25 0 0 0 0
18 -42 15 0 5 5 60 95 0 -50 -5 0 175 35 55 -5 5 -65 30 35 0 -30 0 0 25 0 0 -25 0 0 0 0
18 -42 15 0 5 5 60 95 0 -50 -5 0 175 35 55 -5 0 -35 30 35 0 -30 0 0 25 0 0 -25 0 0 0 0
18 -42 15 0 5 5 60 95 0 -50 -5 0 175 35 55 -5 0 -5 30 35 0 -30 0 0 25 0 0 -25 0 0 0 0
18 -42 15 0 5 5 60 95 0 -50 -5 0 175 35 55 -5 0 -50 30 35 0 -30 0 0 25 0 0 -25 0 0 0 0
18 -42 15 0 5 5 60 95 0 -50 -5 0 175 35 55 -5 0 -75 30 35 0 -30 0 0 25 0 0 -25 0 0 0 0
18 -42 15 0 5 5 60 95 0 -50 -5 0 175 35 20 -5 0 -75 30 35 0 -30 0 0 25 0 0 -25 0 0 0 0
18 -42 15 0 5 5 60 95 0 -50 -5 0 175 35 -10 -5 0 -75 30 35 0 -30 0 0 25 0 0 -25 0 0 0 0
18 -42 15 0 5 5 60 95 0 -50 -5 0 175 35 -20 -5 0 -75 30 35 0 -30 0 0 25 0 0 -25 0 0 0 0
18 -42 15 0 5 5 60 95 0 -50 -5 0 175 35 30 -5 0 -75 30 35 0 -30 0 0 25 0 0 -25 0 0 0 0
18 -42 15 0 5 5 60 95 0 -50 -5 0 175 35 55 -5 0 -75 30 35 0 -30 0 0 25 0 0 -25 0 0 0 0
18 -42 15 0 5 5 60 95 0 -50 -5 0 175 35 55 -5 0 -40 30 35 0 -30 0 0 25 0 0 -25 0 0 0 0
18 -42 15 0 5 5 60 95 0 -50 -5 0 175 35 55 -5 0 -5 30 35 0 -30 0 0 25 0 0 -25 0 0 0 0
18 -42 15 0 5 5 60 95 0 -50 -5 0 175 35 55 -5 0 -50 30 35 0 -30 0 0 25 0 0 -25 0 0 0 0
18 -42 15 0 5 5 60 95 0 -50 -5 0 175 35 55 -5 0 -75 30 35 0 -30 0 0 25 0 0 -25 0 0 0 0
18 -42 15 0 5 5 60 95 0 -50 -5 0 175 35 20 -5 0 -75 30 35 0 -30 0 0 25 0 0 -25 0 0 0 0
18 -42 15 0 5 5 60 95 0 -50 -5 0 175 35 -10 -5 0 -75 30 35 0 -30 0 0 25 0 0 -25 0 0 0 0
18 -42 15 0 5 5 60 95 0 -50 -5 0 175 35 -20 -5 0 -75 30 35 0 -30 0 0 25 0 0 -25 0 0 0 0
18 -42 15 0 5 5 60 95 0 -50 -5 0 175 35 30 -5 0 -75 30 35 0 -30 0 0 25 0 0 -25 0 0 0 0
18 -42 15 0 5 5 60 95 0 -50 -5 0 175 35 55 -5 0 -75 30 35 0 -30 0 0 25 0 0 -25 0 0 0 0
18 -42 15 0 5 5 60 95 0 -50 -5 0 175 35 55 -5 0 -40 30 35 0 -30 0 0 25 0 0 -25 0 0 0 0
18 -42 15 0 5 5 60 95 0 -50 -5 0 175 35 55 -5 0 -5 30 35 0 -30 0 0 25 0 0 -25 0 0 0 0
18 -42 15 0 5 5 60 95 0 -50 -5 0 175 35 55 -5 0 -50 30 35 0 -30 0 0 25 0 0 -25 0 0 0 0
18 -42 15 0 5 5 60 95 0 -50 -5 0 175 35 55 -5 0 -75 30 35 0 -30 0 0 25 0 0 -25 0 0 0 0
18 -42 15 0 5 5 60 95 0 -50 -5 0 175 35 20 -5 0 -75 30 35 0 -30 0 0 25 0 0 -25 0 0 0 0
18 -42 15 0 5 5 60 95 0 -50 -5 0 175 35 -10 -5 0 -75 30 35 0 -30 0 0 25 0 0 -25 0 0 0 0
18 -42 15 0 5 5 60 95 0 -50 -5 0 175 35 -20 -5 0 -75 30 35 0 -30 0 0 25 0 0 -25 0 0 0 0
18 -42 15 0 5 5 60 95 0 -50 -5 0 175 35 30 -5 0 -75 30 35 0 -30 0 0 25 0 0 -25 0 0 0 0
18 -42 15 0 5 5 60 95 0 -50 -5 0 175 35 55 -5 0 -75 30 35 0 -30 0 0 25 0 0 -25 0 0 0 0
18 -42 15 0 5 5 60 95 0 -50 -5 0 175 35 55 -5 0 -40 30 35 0 -30 0 0 25 0 0 -25 0 0 0 0
18 -42 15 0 5 5 60 95 0 -50 -5 0 175 35 55 -5 0 -5 30 35 0 -30 0 0 25 0 0 -25 0 0 0 0
18 -42 15 0 5 5 60 95 0 -50 -5 0 175 35 55 -5 0 -50 30 35 0 -30 0 0 25 0 0 -25 0 0 0 0
18 -42 15 0 5 5 60 95 0 -50 -5 0 175 35 55 -5 0 -75 30 35 0 -30 0 0 25 0 0 -25 0 0 0 0
18 -42 15 0 5 5 60 95 0 -50 -5 0 175 35 20 -5 0 -75 30 35 0 -30 0 0 25 0 0 -25 0 0 0 0
18 -42 15 0 5 5 60 95 0 -50 -5 0 175 35 -10 -5 0 -75 30 35 0 -30 0 0 25 0 0 -25 0 0 0 0
18 -42 15 0 5 5 60 95 0 -50 -5 0 175 35 -20 -5 0 -75 30 35 0 -30 0 0 25 0 0 -25 0 0 0 0
18 -42 15 0 5 5 60 95 0 -50 -5 0 175 35 30 -5 0 -75 30 35 0 -30 0 0 25 0 0 -25 0 0 0 0
18 -42 15 0 5 5 60 95 0 -50 -5 0 175 35 55 -5 0 -75 30 35 0 -30 0 0 25 0 0 -25 0 0 0 0
18 -42 15 0 5 5 60 95 0 -50 -5 0 175 35 55 -5 0 -40 30 35 0 -30 0 0 25 0 0 -25 0 0 0 0
18 -42 15 0 5 5 60 95 0 -50 -5 0 175 35 55 -5 0 -5 30 35 0 -30 0 0 25 0 0 -25 0 0 0 0
18 -42 15 0 5 5 60 95 0 -50 -5 0 175 35 55 -5 0 -50 30 35 0 -30 0 0 25 0 0 -25 0 0 0 0
18 -42 15 0 5 5 60 95 0 -50 -5 0 175 35 55 -5 0 -75 30 35 0 -30 0 0 25 0 0 -25 0 0 0 0
18 -42 15 0 5 5 60 95 0 -50 -5 0 175 35 20 -5 0 -75 30 35 0 -30 0 0 25 0 0 -25 0 0 0 0
18 -42 15 0 5 5 60 95 0 -50 -5 0 175 35 -10 -5 0 -75 30 35 0 -30 0 0 25 0 0 -25 0 0 0 0
18 -42 15 0 5 5 60 95 0 -50 -5 0 175 35 -20 -5 0 -75 30 35 0 -30 0 0 25 0 0 -25 0 0 0 0
18 -42 15 0 5 5 60 95 0 -50 -5 0 175 35 30 -5 0 -75 30 35 0 -30 0 0 25 0 0 -25 0 0 0 0
18 -42 15 0 5 5 60 95 0 -50 -5 0 175 35 55 -5 0 -75 30 35 0 -30 0 0 25 0 0 -25 0 0 0 0
18 -42 15 0 5 5 60 95 0 -50 -5 0 175 35 55 -5 0 -40 30 35 0 -30 0 0 25 0 0 -25 0 0 0 0
18 -42 15 0 5 5 60 95 0 -50 -5 0 175 35 55 -5 0 -5 30 35 0 -30 0 0 25 0 0 -25 0 0 0 0
18 -42 15 0 5 5 60 95 0 -50 -5 0 175 35 55 -5 0 -50 30 35 0 -30 0 0 25 0 0 -25 0 0 0 0
18 -42 15 0 5 5 60 95 0 -50 -5 0 175 35 55 -5 0 -75 30 35 0 -30 0 0 25 0 0 -25 0 0 0 0
18 -42 15 0 5 5 60 95 0 -50 -5 0 175 35 20 -5 0 -75 30 35 0 -30 0 0 25 0 0 -25 0 0 0 0
18 -42 15 0 5 5 60 95 0 -50 -5 0 175 35 -10 -5 0 -75 30 35 0 -30 0 0 25 0 0 -25 0 0 0 0
18 -42 15 0 5 5 60 95 0 -50 -5 0 175 35 -20 -5 0 -75 30 35 0 -30 0 0 25 0 0 -25 0 0 0 0
18 -42 15 0 5 5 60 95 0 -50 -5 0 175 35 30 -5 0 -75 30 35 0 -30 0 0 25 0 0 -25 0 0 0 0
18 -42 15 0 5 5 60 95 0 -50 -5 0 175 35 55 -5 0 -75 30 35 0 -30 0 0 25 0 0 -25 0 0 0 0
18 -42 15 0 5 5 60 95 0 -50 -5 0 175 35 55 -5 0 -40 30 35 0 -30 0 0 25 0 0 -25 0 0 0 0
18 -42 15 0 5 5 60 95 0 -50 -5 0 175 35 55 -5 0 -5 30 35 0 -30 0 0 25 0 0 -25 0 0 0 0
18 -42 15 0 5 5 95 95 0 -50 -5 0 175 35 55 -5 0 -5 30 35 0 -30 0 0 25 0 0 -25 0 0 0 0
18 -42 15 0 5 5 70 120 80 -50 -5 0 175 35 55 -5 0 -5 30 35 0 -30 0 0 25 0 0 -25 0 0 0 0
18 -42 15 0 5 5 95 135 80 -90 -5 0 175 35 55 -5 0 -5 30 35 0 -30 0 0 25 0 0 -25 0 0 0 0
18 -42 15 0 5 5 95 140 80 -105 -5 0 175 35 55 -5 0 -5 30 35 0 -30 0 0 25 0 0 -25 0 0 0 0
18 -42 15 0 5 5 95 140 50 -105 -5 0 175 35 55 -5 0 -5 30 35 0 -30 0 0 25 0 0 -25 0 0 0 0
18 -42 15 0 5 5 95 140 20 -105 -5 0 175 35 55 -5 0 -5 30 35 0 -30 0 0 25 0 0 -25 0 0 0 0
18 -42 15 0 5 5 95 140 5 -105 -5 0 175 35 55 -5 0 -5 30 35 0 -30 0 0 25 0 0 -25 0 0 0 0
18 -42 15 0 5 5 95 140 35 -105 -5 0 175 35 55 -5 0 -5 30 35 0 -30 0 0 25 0 0 -25 0 0 0 0
18 -42 15 0 5 5 95 140 65 -105 -5 0 175 35 55 -5 0 -5 30 35 0 -30 0 0 25 0 0 -25 0 0 0 0
18 -42 15 0 5 5 95 140 85 -105 -5 0 175 35 55 -5 0 -5 30 35 0 -30 0 0 25 0 0 -25 0 0 0 0
18 -42 15 0 5 5 95 140 50 -105 -5 0 175 35 55 -5 0 -5 30 35 0 -30 0 0 25 0 0 -25 0 0 0 0
18 -42 15 0 5 5 95 140 20 -105 -5 0 175 35 55 -5 0 -5 30 35 0 -30 0 0 25 0 0 -25 0 0 0 0
18 -42 15 0 5 5 95 140 5 -105 -5 0 175 35 55 -5 0 -5 30 35 0 -30 0 0 25 0 0 -25 0 0 0 0
18 -42 15 0 5 5 95 140 35 -105 -5 0 175 35 55 -5 0 -5 30 35 0 -30 0 0 25 0 0 -25 0 0 0 0
18 -42 15 0 5 5 95 140 65 -105 -5 0 175 35 55 -5 0 -5 30 35 0 -30 0 0 25 0 0 -25 0 0 0 0
18 -42 15 0 5 5 95 140 85 -105 -5 0 175 35 55 -5 0 -5 30 35 0 -30 0 0 25 0 0 -25 0 0 0 0
18 -42 15 0 5 5 95 140 50 -105 -5 0 175 35 55 -5 0 -5 30 35 0 -30 0 0 25 0 0 -25 0 0 0 0
18 -42 15 0 5 5 95 140 20 -105 -5 0 175 35 55 -5 0 -5 30 35 0 -30 0 0 25 0 0 -25 0 0 0 0
18 -42 15 0 5 5 95 140 5 -105 -5 0 175 35 55 -5 0 -5 30 35 0 -30 0 0 25 0 0 -25 0 0 0 0
18 -42 15 0 5 5 95 140 35 -105 -5 0 175 35 55 -5 0 -5 30 35 0 -30 0 0 25 0 0 -25 0 0 0 0
18 -42 15 0 5 5 95 140 65 -105 -5 0 175 35 55 -5 0 -5 30 35 0 -30 0 0 25 0 0 -25 0 0 0 0
18 -42 15 0 5 5 95 140 85 -105 -5 0 175 35 55 -5 0 -5 30 35 0 -30 0 0 25 0 0 -25 0 0 0 0
18 -42 15 0 5 5 95 140 50 -105 -5 0 175 35 55 -5 0 -5 30 35 0 -30 0 0 25 0 0 -25 0 0 0 0
18 -42 15 0 5 5 95 140 20 -105 -5 0 175 35 55 -5 0 -5 30 35 0 -30 0 0 25 0 0 -25 0 0 0 0
18 -42 15 0 5 5 95 140 5 -105 -5 0 175 35 55 -5 0 -5 30 35 0 -30 0 0 25 0 0 -25 0 0 0 0
18 -42 15 0 5 5 95 140 35 -105 -5 0 175 35 55 -5 0 -5 30 35 0 -30 0 0 25 0 0 -25 0 0 0 0
18 -42 15 0 5 5 95 140 65 -105 -5 0 175 35 55 -5 0 -5 30 35 0 -30 0 0 25 0 0 -25 0 0 0 0
18 -42 15 0 5 5 95 140 85 -105 -5 0 175 35 55 -5 0 -5 30 35 0 -30 0 0 25 0 0 -25 0 0 0 0
18 -42 15 0 5 5 95 140 50 -105 -5 0 175 35 55 -5 0 -5 30 35 0 -30 0 0 25 0 0 -25 0 0 0 0
18 -42 15 0 5 5 95 140 20 -105 -5 0 175 35 55 -5 0 -5 30 35 0 -30 0 0 25 0 0 -25 0 0 0 0
18 -42 15 0 5 5 95 140 5 -105 -5 0 175 35 55 -5 0 -5 30 35 0 -30 0 0 25 0 0 -25 0 0 0 0
18 -42 15 0 5 5 95 140 35 -105 -5 0 175 35 55 -5 0 -5 30 35 0 -30 0 0 25 0 0 -25 0 0 0 0
18 -42 15 0 5 5 95 140 65 -105 -5 0 175 35 55 -5 0 -5 30 35 0 -30 0 0 25 0 0 -25 0 0 0 0
18 -42 15 0 5 5 95 140 85 -105 -5 0 175 35 55 -5 0 -5 30 35 0 -30 0 0 25 0 0 -25 0 0 0 0
18 -42 15 0 5 5 95 140 50 -105 -5 0 175 35 55 -5 0 -5 30 35 0 -30 0 0 25 0 0 -25 0 0 0 0
18 -42 15 0 5 5 95 140 20 -105 -5 0 175 35 55 -5 0 -5 30 35 0 -30 0 0 25 0 0 -25 0 0 0 0
18 -42 15 0 5 5 95 140 5 -105 -5 0 175 35 55 -5 0 -5 30 35 0 -30 0 0 25 0 0 -25 0 0 0 0
18 -42 15 0 5 5 95 140 35 -105 -5 0 175 35 55 -5 0 -5 30 35 0 -30 0 0 25 0 0 -25 0 0 0 0
18 -42 15 0 5 5 95 140 65 -105 -5 0 175 35 55 -5 0 -5 30 35 0 -30 0 0 25 0 0 -25 0 0 0 0
18 -42 15 0 5 5 95 140 85 -105 -5 0 175 35 55 -5 0 -5 30 35 0 -30 0 0 25 0 0 -25 0 0 0 0
18 -42 15 0 5 5 95 140 50 -105 -5 0 175 35 55 -5 0 -5 30 35 0 -30 0 0 25 0 0 -25 0 0 0 0
18 -42 15 0 5 5 95 140 20 -105 -5 0 175 35 55 -5 0 -5 30 35 0 -30 0 0 25 0 0 -25 0 0 0 0
18 -42 15 0 5 5 95 140 5 -105 -5 0 175 35 55 -5 0 -5 30 35 0 -30 0 0 25 0 0 -25 0 0 0 0
18 -42 15 0 5 5 95 140 35 -105 -5 0 175 35 55 -5 0 -5 30 35 0 -30 0 0 25 0 0 -25 0 0 0 0
18 -42 15 0 5 5 95 140 65 -105 -5 0 175 35 55 -5 0 -5 30 35 0 -30 0 0 25 0 0 -25 0 0 0 0
18 -42 15 0 5 5 95 140 85 -105 -5 0 175 35 55 -5 0 -5 30 35 0 -30 0 0 25 0 0 -25 0 0 0 0
18 -42 15 0 5 5 95 140 50 -105 -5 0 175 35 55 -5 0 -5 30 35 0 -30 0 0 25 0 0 -25 0 0 0 0
18 -42 15 0 5 5 95 140 20 -105 -5 0 175 35 55 -5 0 -5 30 35 0 -30 0 0 25 0 0 -25 0 0 0 0
18 -42 15 0 5 5 95 140 5 -105 -5 0 175 35 55 -5 0 -5 30 35 0 -30 0 0 25 0 0 -25 0 0 0 0
18 -42 15 0 5 5 95 140 35 -105 -5 0 175 35 55 -5 0 -5 30 35 0 -30 0 0 25 0 0 -25 0 0 0 0
18 -42 15 0 5 5 95 140 65 -105 -5 0 175 35 55 -5 0 -5 30 35 0 -30 0 0 25 0 0 -25 0 0 0 0
18 -42 15 0 5 5 95 140 85 -105 -5 0 175 35 55 -5 0 -5 30 35 0 -30 0 0 25 0 0 -25 0 0 0 0
18 -42 15 0 5 5 95 140 50 -105 -5 0 175 35 55 -5 0 -5 30 35 0 -30 0 0 25 0 0 -25 0 0 0 0
18 -42 15 0 5 5 95 140 20 -105 -5 0 175 35 55 -5 0 -5 30 35 0 -30 0 0 25 0 0 -25 0 0 0 0
18 -42 15 0 5 5 95 140 5 -105 -5 0 175 35 55 -5 0 -5 30 35 0 -30 0 0 25 0 0 -25 0 0 0 0
18 -42 15 0 5 5 95 140 35 -105 -5 0 175 35 55 -5 0 -5 30 35 0 -30 0 0 25 0 0 -25 0 0 0 0
18 -42 15 0 5 5 95 140 65 -105 -5 0 175 35 55 -5 0 -5 30 35 0 -30 0 0 25 0 0 -25 0 0 0 0
18 -42 15 0 5 5 95 140 85 -105 -5 0 175 35 55 -5 0 -5 30 35 0 -30 0 0 25 0 0 -25 0 0 0 0
18 -42 15 0 5 5 95 140 15 -105 -5 0 180 5 70 -5 0 -50 30 35 0 -30 0 0 25 0 0 -25 0 0 0 0
18 -42 15 0 5 5 80 165 15 -105 -5 0 180 -30 100 -5 0 -75 30 35 0 -30 0 0 25 0 0 -25 0 0 0 0
18 -42 15 0 5 5 60 185 0 -105 -5 0 150 -60 100 -5 5 -90 30 35 0 -30 0 0 25 0 0 -25 0 0 0 0
18 -42 15 0 5 5 25 185 0 -105 -5 0 150 -80 100 -5 5 -60 30 35 0 -30 0 0 25 0 0 -25 0 0 0 0
18 -42 15 0 5 5 5 185 0 -90 0 0 110 -80 100 -5 5 -85 30 35 0 -30 0 0 25 0 0 -25 0 0 0 0
18 -42 15 0 5 5 -5 185 0 -100 0 0 85 -80 100 -5 5 -95 30 35 0 -30 0 0 25 0 0 -25 0 0 0 0
18 -42 15 0 5 5 -5 185 0 -100 0 0 125 -80 100 -5 5 -95 75 35 0 -75 0 0 25 0 0 -25 0 0 0 0
18 -42 15 0 5 5 -5 185 0 -100 0 0 155 -80 100 -5 5 -95 105 35 0 -105 0 0 25 0 0 -25 0 0 0 0
18 -42 15 0 5 5 -5 185 0 -100 0 0 200 -80 100 -5 5 -95 120 35 0 -130 0 0 25 0 0 -25 0 0 0 0
18 -42 15 0 5 5 -5 185 0 -100 0 0 130 -80 100 -5 5 -95 80 35 0 -85 0 0 25 0 0 -25 0 0 0 0
18 -42 15 0 5 5 -5 185 0 -100 0 0 90 -80 100 -5 5 -95 30 35 0 -30 0 0 25 0 0 -25 0 0 0 0
18 -42 15 0 5 5 40 185 0 -100 0 0 90 -80 100 -5 5 -95 30 35 0 -30 0 0 75 0 0 -70 0 0 0 0
18 -42 15 0 5 5 70 185 0 -100 0 0 90 -80 100 -5 5 -95 30 35 0 -30 0 0 110 0 0 -100 0 0 0 0
18 -42 15 0 5 5 95 185 0 -100 0 0 90 -80 100 -5 5 -95 30 35 0 -30 0 0 130 0 0 -130 0 0 0 0
18 -42 15 0 5 5 45 185 0 -100 0 0 90 -80 100 -5 5 -95 30 35 0 -30 0 0 75 0 0 -85 0 0 0 0
18 -42 15 0 5 5 -5 185 0 -100 0 0 90 -80 100 -5 5 -95 30 35 0 -30 0 0 30 0 0 -30 0 0 0 0
18 -42 15 0 5 5 -5 185 0 -100 0 0 125 -80 100 -5 5 -95 75 35 0 -75 0 0 25 0 0 -25 0 0 0 0
18 -42 15 0 5 5 -5 185 0 -100 0 0 155 -80 100 -5 5 -95 105 35 0 -105 0 0 25 0 0 -25 0 0 0 0
18 -42 15 0 5 5 -5 185 0 -100 0 0 200 -80 100 -5 5 -95 120 35 0 -130 0 0 25 0 0 -25 0 0 0 0
18 -42 15 0 5 5 -5 185 0 -100 0 0 130 -80 100 -5 5 -95 80 35 0 -85 0 0 25 0 0 -25 0 0 0 0
18 -42 15 0 5 5 -5 185 0 -100 0 0 90 -80 100 -5 5 -95 30 35 0 -30 0 0 25 0 0 -25 0 0 0 0
18 -42 15 0 5 5 40 185 0 -100 0 0 90 -80 100 -5 5 -95 30 35 0 -30 0 0 75 0 0 -70 0 0 0 0
18 -42 15 0 5 5 70 185 0 -100 0 0 90 -80 100 -5 5 -95 30 35 0 -30 0 0 110 0 0 -100 0 0 0 0
18 -42 15 0 5 5 95 185 0 -100 0 0 90 -80 100 -5 5 -95 30 35 0 -30 0 0 130 0 0 -130 0 0 0 0
18 -42 15 0 5 5 45 185 0 -100 0 0 90 -80 100 -5 5 -95 30 35 0 -30 0 0 75 0 0 -85 0 0 0 0
18 -42 15 0 5 5 -5 185 0 -100 0 0 90 -80 100 -5 5 -95 30 35 0 -30 0 0 30 0 0 -30 0 0 0 0
18 -42 15 0 5 5 -5 185 0 -100 0 0 125 -80 100 -5 5 -95 75 35 0 -75 0 0 25 0 0 -25 0 0 0 0
18 -42 15 0 5 5 -5 185 0 -100 0 0 155 -80 100 -5 5 -95 105 35 0 -105 0 0 25 0 0 -25 0 0 0 0
18 -42 15 0 5 5 -5 185 0 -100 0 0 200 -80 100 -5 5 -95 120 35 0 -130 0 0 25 0 0 -25 0 0 0 0
18 -42 15 0 5 5 -5 185 0 -100 0 0 130 -80 100 -5 5 -95 80 35 0 -85 0 0 25 0 0 -25 0 0 0 0
18 -42 15 0 5 5 -5 185 0 -100 0 0 90 -80 100 -5 5 -95 30 35 0 -30 0 0 25 0 0 -25 0 0 0 0
18 -42 15 0 5 5 40 185 0 -100 0 0 90 -80 100 -5 5 -95 30 35 0 -30 0 0 75 0 0 -70 0 0 0 0
18 -42 15 0 5 5 70 185 0 -100 0 0 90 -80 100 -5 5 -95 30 35 0 -30 0 0 110 0 0 -100 0 0 0 0
18 -42 15 0 5 5 95 185 0 -100 0 0 90 -80 100 -5 5 -95 30 35 0 -30 0 0 130 0 0 -130 0 0 0 0
18 -42 15 0 5 5 45 185 0 -100 0 0 90 -80 100 -5 5 -95 30 35 0 -30 0 0 75 0 0 -85 0 0 0 0
18 -42 15 0 5 5 -5 185 0 -100 0 0 90 -80 100 -5 5 -95 30 35 0 -30 0 0 30 0 0 -30 0 0 0 0
18 -42 15 0 5 5 -5 185 0 -100 0 0 125 -80 100 -5 5 -95 75 35 0 -75 0 0 25 0 0 -25 0 0 0 0
18 -42 15 0 5 5 -5 185 0 -100 0 0 155 -80 100 -5 5 -95 105 35 0 -105 0 0 25 0 0 -25 0 0 0 0
18 -42 15 0 5 5 -5 185 0 -100 0 0 200 -80 100 -5 5 -95 120 35 0 -130 0 0 25 0 0 -25 0 0 0 0
18 -42 15 0 5 5 -5 185 0 -100 0 0 130 -80 100 -5 5 -95 80 35 0 -85 0 0 25 0 0 -25 0 0 0 0
18 -42 15 0 5 5 -5 185 0 -100 0 0 90 -80 100 -5 5 -95 30 35 0 -30 0 0 25 0 0 -25 0 0 0 0
18 -42 15 0 5 5 40 185 0 -100 0 0 90 -80 100 -5 5 -95 30 35 0 -30 0 0 75 0 0 -70 0 0 0 0
18 -42 15 0 5 5 70 185 0 -100 0 0 90 -80 100 -5 5 -95 30 35 0 -30 0 0 110 0 0 -100 0 0 0 0
18 -42 15 0 5 5 95 185 0 -100 0 0 90 -80 100 -5 5 -95 30 35 0 -30 0 0 130 0 0 -130 0 0 0 0
18 -42 15 0 5 5 45 185 0 -100 0 0 90 -80 100 -5 5 -95 30 35 0 -30 0 0 75 0 0 -85 0 0 0 0
18 -42 15 0 5 5 -5 185 0 -100 0 0 90 -80 100 -5 5 -95 30 35 0 -30 0 0 30 0 0 -30 0 0 0 0
18 -42 15 0 5 5 -5 185 0 -100 0 0 125 -80 100 -5 5 -95 75 35 0 -75 0 0 25 0 0 -25 0 0 0 0
18 -42 15 0 5 5 -5 185 0 -100 0 0 155 -80 100 -5 5 -95 105 35 0 -105 0 0 25 0 0 -25 0 0 0 0
18 -42 15 0 5 5 -5 185 0 -100 0 0 200 -80 100 -5 5 -95 120 35 0 -130 0 0 25 0 0 -25 0 0 0 0
18 -42 15 0 5 5 -5 185 0 -100 0 0 130 -80 100 -5 5 -95 80 35 0 -85 0 0 25 0 0 -25 0 0 0 0
18 -42 15 0 5 5 -5 185 0 -100 0 0 90 -80 100 -5 5 -95 30 35 0 -30 0 0 25 0 0 -25 0 0 0 0
18 -42 15 0 5 5 40 185 0 -100 0 0 90 -80 100 -5 5 -95 30 35 0 -30 0 0 75 0 0 -70 0 0 0 0
18 -42 15 0 5 5 70 185 0 -100 0 0 90 -80 100 -5 5 -95 30 35 0 -30 0 0 110 0 0 -100 0 0 0 0
18 -42 15 0 5 5 95 185 0 -100 0 0 90 -80 100 -5 5 -95 30 35 0 -30 0 0 130 0 0 -130 0 0 0 0
18 -42 15 0 5 5 45 185 0 -100 0 0 90 -80 100 -5 5 -95 30 35 0 -30 0 0 75 0 0 -85 0 0 0 0
18 -42 15 0 5 5 -5 185 0 -100 0 0 90 -80 100 -5 5 -95 30 35 0 -30 0 0 30 0 0 -30 0 0 0 0
18 -42 15 0 5 5 -5 185 0 -100 0 0 125 -80 100 -5 5 -95 75 35 0 -75 0 0 25 0 0 -25 0 0 0 0
18 -42 15 0 5 5 -5 185 0 -100 0 0 155 -80 100 -5 5 -95 105 35 0 -105 0 0 25 0 0 -25 0 0 0 0
18 -42 15 0 5 5 -5 185 0 -100 0 0 200 -80 100 -5 5 -95 120 35 0 -130 0 0 25 0 0 -25 0 0 0 0
18 -42 15 0 5 5 -5 185 0 -100 0 0 130 -80 100 -5 5 -95 80 35 0 -85 0 0 25 0 0 -25 0 0 0 0
18 -42 15 0 5 5 -5 185 0 -100 0 0 90 -80 100 -5 5 -95 30 35 0 -30 0 0 25 0 0 -25 0 0 0 0
18 -42 15 0 5 5 40 185 0 -100 0 0 90 -80 100 -5 5 -95 30 35 0 -30 0 0 75 0 0 -70 0 0 0 0
18 -42 15 0 5 5 70 185 0 -100 0 0 90 -80 100 -5 5 -95 30 35 0 -30 0 0 110 0 0 -100 0 0 0 0
18 -42 15 0 5 5 95 185 0 -100 0 0 90 -80 100 -5 5 -95 30 35 0 -30 0 0 130 0 0 -130 0 0 0 0
18 -42 15 0 5 5 45 185 0 -100 0 0 90 -80 100 -5 5 -95 30 35 0 -30 0 0 75 0 0 -85 0 0 0 0
18 -42 15 0 5 5 -5 185 0 -100 0 0 90 -80 100 -5 5 -95 30 35 0 -30 0 0 30 0 0 -30 0 0 0 0
18 -42 15 0 5 5 -5 185 0 -100 0 0 125 -80 100 -5 5 -95 75 35 0 -75 0 0 25 0 0 -25 0 0 0 0
18 -42 15 0 5 5 -5 185 0 -100 0 0 155 -80 100 -5 5 -95 105 35 0 -105 0 0 25 0 0 -25 0 0 0 0
18 -42 15 0 5 5 -5 185 0 -100 0 0 200 -80 100 -5 5 -95 120 35 0 -130 0 0 25 0 0 -25 0 0 0 0
18 -42 15 0 5 5 -5 185 0 -100 0 0 130 -80 100 -5 5 -95 80 35 0 -85 0 0 25 0 0 -25 0 0 0 0
18 -42 15 0 5 5 -5 185 0 -100 0 0 90 -80 100 -5 5 -95 30 35 0 -30 0 0 25 0 0 -25 0 0 0 0
18 -42 15 0 5 5 40 185 0 -100 0 0 90 -80 100 -5 5 -95 30 35 0 -30 0 0 75 0 0 -70 0 0 0 0
18 -42 15 0 5 5 70 185 0 -100 0 0 90 -80 100 -5 5 -95 30 35 0 -30 0 0 110 0 0 -100 0 0 0 0
18 -42 15 0 5 5 95 185 0 -100 0 0 90 -80 100 -5 5 -95 30 35 0 -30 0 0 130 0 0 -130 0 0 0 0
18 -42 15 0 5 5 45 185 0 -100 0 0 90 -80 100 -5 5 -95 30 35 0 -30 0 0 75 0 0 -85 0 0 0 0
18 -42 15 0 5 5 -5 185 0 -100 0 0 90 -80 100 -5 5 -95 30 35 0 -30 0 0 30 0 0 -30 0 0 0 0
18 -42 15 0 5 5 -5 185 0 -100 0 0 125 -80 100 -5 5 -95 75 35 0 -75 0 0 25 0 0 -25 0 0 0 0
18 -42 15 0 5 5 -5 185 0 -100 0 0 155 -80 100 -5 5 -95 105 35 0 -105 0 0 25 0 0 -25 0 0 0 0
18 -42 15 0 5 5 -5 185 0 -100 0 0 200 -80 100 -5 5 -95 120 35 0 -130 0 0 25 0 0 -25 0 0 0 0
18 -42 15 0 5 5 -5 185 0 -100 0 0 130 -80 100 -5 5 -95 80 35 0 -85 0 0 25 0 0 -25 0 0 0 0
18 -42 15 0 5 5 -5 185 0 -100 0 0 90 -80 100 -5 5 -95 30 35 0 -30 0 0 25 0 0 -25 0 0 0 0
18 -42 15 0 5 5 40 185 0 -100 0 0 90 -80 100 -5 5 -95 30 35 0 -30 0 0 75 0 0 -70 0 0 0 0
18 -42 15 0 5 5 70 185 0 -100 0 0 90 -80 100 -5 5 -95 30 35 0 -30 0 0 110 0 0 -100 0 0 0 0
18 -42 15 0 5 5 95 185 0 -100 0 0 90 -80 100 -5 5 -95 30 35 0 -30 0 0 130 0 0 -130 0 0 0 0
18 -42 15 0 5 5 45 185 0 -100 0 0 90 -80 100 -5 5 -95 30 35 0 -30 0 0 75 0 0 -85 0 0 0 0
18 -42 15 0 5 5 -5 185 0 -100 0 0 90 -80 100 -5 5 -95 30 35 0 -30 0 0 30 0 0 -30 0 0 0 0
18 -42 15 0 5 5 -5 185 0 -100 0 0 125 -80 100 -5 5 -95 75 35 0 -75 0 0 25 0 0 -25 0 0 0 0
18 -42 15 0 5 5 -5 185 0 -100 0 0 155 -80 100 -5 5 -95 105 35 0 -105 0 0 25 0 0 -25 0 0 0 0
18 -42 15 0 5 5 -5 185 0 -100 0 0 200 -80 100 -5 5 -95 120 35 0 -130 0 0 25 0 0 -25 0 0 0 0
18 -42 15 0 5 5 -5 185 0 -100 0 0 130 -80 100 -5 5 -95 80 35 0 -85 0 0 25 0 0 -25 0 0 0 0
18 -42 15 0 5 5 -5 185 0 -100 0 0 90 -80 100 -5 5 -95 30 35 0 -30 0 0 25 0 0 -25 0 0 0 0
18 -42 15 0 5 5 40 185 0 -100 0 0 90 -80 100 -5 5 -95 30 35 0 -30 0 0 75 0 0 -70 0 0 0 0
18 -42 15 0 5 5 70 185 0 -100 0 0 90 -80 100 -5 5 -95 30 35 0 -30 0 0 110 0 0 -100 0 0 0 0
18 -42 15 0 5 5 95 185 0 -100 0 0 90 -80 100 -5 5 -95 30 35 0 -30 0 0 130 0 0 -130 0 0 0 0
18 -42 15 0 5 5 45 185 0 -100 0 0 90 -80 100 -5 5 -95 30 35 0 -30 0 0 75 0 0 -85 0 0 0 0
18 -42 15 0 5 5 -5 185 0 -100 0 0 90 -80 100 -5 5 -95 30 35 0 -30 0 0 30 0 0 -30 0 0 0 0
18 -42 15 0 5 5 -5 185 0 -100 0 0 125 -80 100 -5 5 -95 75 35 0 -75 0 0 25 0 0 -25 0 0 0 0
18 -42 15 0 5 5 -5 185 0 -100 0 0 155 -80 100 -5 5 -95 105 35 0 -105 0 0 25 0 0 -25 0 0 0 0
18 -42 15 0 5 5 -5 185 0 -100 0 0 200 -80 100 -5 5 -95 120 35 0 -130 0 0 25 0 0 -25 0 0 0 0
18 -42 15 0 5 5 -5 185 0 -100 0 0 130 -80 100 -5 5 -95 80 35 0 -85 0 0 25 0 0 -25 0 0 0 0
18 -42 15 0 5 5 -5 185 0 -100 0 0 90 -80 100 -5 5 -95 30 35 0 -30 0 0 25 0 0 -25 0 0 0 0
18 -42 15 0 5 5 40 185 0 -100 0 0 90 -80 100 -5 5 -95 30 35 0 -30 0 0 75 0 0 -70 0 0 0 0
18 -42 15 0 5 5 70 185 0 -100 0 0 90 -80 100 -5 5 -95 30 35 0 -30 0 0 110 0 0 -100 0 0 0 0
18 -42 15 0 5 5 95 185 0 -100 0 0 90 -80 100 -5 5 -95 30 35 0 -30 0 0 130 0 0 -130 0 0 0 0
18 -42 15 0 5 5 45 185 0 -100 0 0 90 -80 100 -5 5 -95 30 35 0 -30 0 0 75 0 0 -85 0 0 0 0
18 -42 15 0 5 5 -5 185 0 -100 0 0 90 -80 100 -5 5 -95 30 35 0 -30 0 0 30 0 0 -30 0 0 0 0
18 -42 15 0 5 5 -5 185 0 -100 0 0 125 -80 100 -5 5 -95 75 35 0 -75 0 0 25 0 0 -25 0 0 0 0
18 -42 15 0 5 5 -5 185 0 -100 0 0 155 -80 100 -5 5 -95 105 35 0 -105 0 0 25 0 0 -25 0 0 0 0
18 -42 15 0 5 5 -5 185 0 -100 0 0 200 -80 100 -5 5 -95 120 35 0 -130 0 0 25 0 0 -25 0 0 0 0
18 -42 15 0 5 5 -5 185 0 -100 0 0 130 -80 100 -5 5 -95 80 35 0 -85 0 0 25 0 0 -25 0 0 0 0
18 -42 15 0 5 5 -5 185 0 -100 0 0 90 -80 100 -5 5 -95 30 35 0 -30 0 0 25 0 0 -25 0 0 0 0
18 -42 15 0 5 5 40 185 0 -100 0 0 90 -80 100 -5 5 -95 30 35 0 -30 0 0 75 0 0 -70 0 0 0 0
18 -42 15 0 5 5 70 185 0 -100 0 0 90 -80 100 -5 5 -95 30 35 0 -30 0 0 110 0 0 -100 0 0 0 0
18 -42 15 0 5 5 95 185 0 -100 0 0 90 -80 100 -5 5 -95 30 35 0 -30 0 0 130 0 0 -130 0 0 0 0
18 -42 15 0 5 5 45 185 0 -100 0 0 90 -80 100 -5 5 -95 30 35 0 -30 0 0 75 0 0 -85 0 0 0 0
18 -42 15 0 5 5 -5 185 0 -100 0 0 90 -80 100 -5 5 -95 30 35 0 -30 0 0 30 0 0 -30 0 0 0 0
18 -42 15 0 5 5 -5 185 0 -100 0 0 125 -80 100 -5 5 -95 75 35 0 -75 0 0 25 0 0 -25 0 0 0 0
18 -42 15 0 5 5 -5 185 0 -100 0 0 155 -80 100 -5 5 -95 105 35 0 -105 0 0 25 0 0 -25 0 0 0 0
18 -42 15 0 5 5 -5 185 0 -100 0 0 200 -80 100 -5 5 -95 120 35 0 -130 0 0 25 0 0 -25 0 0 0 0
18 -42 15 0 5 5 -5 185 0 -100 0 0 130 -80 100 -5 5 -95 80 35 0 -85 0 0 25 0 0 -25 0 0 0 0
18 -42 15 0 5 5 -5 185 0 -100 0 0 90 -80 100 -5 5 -95 30 35 0 -30 0 0 25 0 0 -25 0 0 0 0
18 -42 15 0 5 5 40 185 0 -100 0 0 90 -80 100 -5 5 -95 30 35 0 -30 0 0 75 0 0 -70 0 0 0 0
18 -42 15 0 5 5 70 185 0 -100 0 0 90 -80 100 -5 5 -95 30 35 0 -30 0 0 110 0 0 -100 0 0 0 0
18 -42 15 0 5 5 95 185 0 -100 0 0 90 -80 100 -5 5 -95 30 35 0 -30 0 0 130 0 0 -130 0 0 0 0
18 -42 15 0 5 5 45 185 0 -100 0 0 90 -80 100 -5 5 -95 30 35 0 -30 0 0 75 0 0 -85 0 0 0 0
18 -42 15 0 5 5 -5 185 0 -100 0 0 90 -80 100 -5 5 -95 30 35 0 -30 0 0 30 0 0 -30 0 0 0 0
18 -42 15 0 5 5 -5 185 0 -100 0 0 125 -80 100 -5 5 -95 75 35 0 -75 0 0 25 0 0 -25 0 0 0 0
18 -42 15 0 5 5 -5 185 0 -100 0 0 155 -80 100 -5 5 -95 105 35 0 -105 0 0 25 0 0 -25 0 0 0 0
18 -42 15 0 5 5 -5 185 0 -100 0 0 200 -80 100 -5 5 -95 120 35 0 -130 0 0 25 0 0 -25 0 0 0 0
18 -42 15 0 5 5 -5 185 0 -100 0 0 130 -80 100 -5 5 -95 80 35 0 -85 0 0 25 0 0 -25 0 0 0 0
18 -42 15 0 5 5 -5 185 0 -100 0 0 90 -80 100 -5 5 -95 30 35 0 -30 0 0 25 0 0 -25 0 0 0 0
18 -42 15 0 5 5 40 185 0 -100 0 0 90 -80 100 -5 5 -95 30 35 0 -30 0 0 75 0 0 -70 0 0 0 0
18 -42 15 0 5 5 70 185 0 -100 0 0 90 -80 100 -5 5 -95 30 35 0 -30 0 0 110 0 0 -100 0 0 0 0
18 -42 15 0 5 5 95 185 0 -100 0 0 90 -80 100 -5 5 -95 30 35 0 -30 0 0 130 0 0 -130 0 0 0 0
18 -42 15 0 5 5 45 185 0 -100 0 0 90 -80 100 -5 5 -95 30 35 0 -30 0 0 75 0 0 -85 0 0 0 0
18 -42 15 0 5 5 -5 185 0 -100 0 0 90 -80 100 -5 5 -95 30 35 0 -30 0 0 30 0 0 -30 0 0 0 0
18 -42 15 0 5 5 45 185 0 -100 0 0 135 -80 100 -5 5 -95 30 35 0 -30 0 0 30 0 0 -30 0 0 0 0
18 -42 15 0 5 5 45 185 0 -135 0 0 135 -80 100 -5 5 -125 30 35 0 -30 0 0 30 0 0 -30 0 0 0 0
18 -42 15 0 5 5 45 185 0 -135 0 0 170 -80 100 -5 5 -20 30 35 0 -30 0 0 30 0 0 -30 0 0 0 0
18 -42 15 0 5 5 45 185 0 -135 0 0 120 -80 100 -5 5 -145 30 35 0 -30 0 0 30 0 0 -30 0 0 0 0
18 -42 15 0 5 5 90 185 0 -25 0 0 120 -80 100 -5 5 -145 30 35 0 -30 0 0 30 0 0 -30 0 0 0 0
18 -42 15 0 5 5 25 185 0 -165 0 0 120 -80 100 -5 5 -145 30 35 0 -30 0 0 30 0 0 -30 0 0 0 0
18 -42 15 0 5 5 45 185 0 -135 0 0 170 -80 100 -5 5 -20 30 35 0 -30 0 0 30 0 0 -30 0 0 0 0
18 -42 15 0 5 5 45 185 0 -135 0 0 120 -80 100 -5 5 -145 30 35 0 -30 0 0 30 0 0 -30 0 0 0 0
18 -42 15 0 5 5 90 185 0 -25 0 0 120 -80 100 -5 5 -145 30 35 0 -30 0 0 30 0 0 -30 0 0 0 0
18 -42 15 0 5 5 25 185 0 -165 0 0 120 -80 100 -5 5 -145 30 35 0 -30 0 0 30 0 0 -30 0 0 0 0
18 -42 15 0 5 5 45 185 0 -135 0 0 170 -80 100 -5 5 -20 30 35 0 -30 0 0 30 0 0 -30 0 0 0 0
18 -42 15 0 5 5 45 185 0 -135 0 0 120 -80 100 -5 5 -145 30 35 0 -30 0 0 30 0 0 -30 0 0 0 0
18 -42 15 0 5 5 90 185 0 -25 0 0 120 -80 100 -5 5 -145 30 35 0 -30 0 0 30 0 0 -30 0 0 0 0
18 -42 15 0 5 5 25 185 0 -165 0 0 120 -80 100 -5 5 -145 30 35 0 -30 0 0 30 0 0 -30 0 0 0 0
18 -42 15 0 5 5 45 185 0 -135 0 0 170 -80 100 -5 5 -20 30 35 0 -30 0 0 30 0 0 -30 0 0 0 0
18 -42 15 0 5 5 45 185 0 -135 0 0 120 -80 100 -5 5 -145 30 35 0 -30 0 0 30 0 0 -30 0 0 0 0
18 -42 15 0 5 5 90 185 0 -25 0 0 120 -80 100 -5 5 -145 30 35 0 -30 0 0 30 0 0 -30 0 0 0 0
18 -42 15 0 5 5 25 185 0 -165 0 0 120 -80 100 -5 5 -145 30 35 0 -30 0 0 30 0 0 -30 0 0 0 0
18 -42 15 0 5 5 45 185 0 -135 0 0 170 -80 100 -5 5 -20 30 35 0 -30 0 0 30 0 0 -30 0 0 0 0
18 -42 15 0 5 5 45 185 0 -135 0 0 120 -80 100 -5 5 -145 30 35 0 -30 0 0 30 0 0 -30 0 0 0 0
18 -42 15 0 5 5 90 185 0 -25 0 0 120 -80 100 -5 5 -145 30 35 0 -30 0 0 30 0 0 -30 0 0 0 0
18 -42 15 0 5 5 25 185 0 -165 0 0 120 -80 100 -5 5 -145 30 35 0 -30 0 0 30 0 0 -30 0 0 0 0
18 -42 15 0 5 5 45 185 0 -135 0 0 170 -80 100 -5 5 -20 30 35 0 -30 0 0 30 0 0 -30 0 0 0 0
18 -42 15 0 5 5 45 185 0 -135 0 0 120 -80 100 -5 5 -145 30 35 0 -30 0 0 30 0 0 -30 0 0 0 0
18 -42 15 0 5 5 90 185 0 -25 0 0 120 -80 100 -5 5 -145 30 35 0 -30 0 0 30 0 0 -30 0 0 0 0
18 -42 15 0 5 5 25 185 0 -165 0 0 120 -80 100 -5 5 -145 30 35 0 -30 0 0 30 0 0 -30 0 0 0 0
18 -42 15 0 5 5 45 185 0 -135 0 0 170 -80 100 -5 5 -20 30 35 0 -30 0 0 30 0 0 -30 0 0 0 0
18 -42 15 0 5 5 45 185 0 -135 0 0 120 -80 100 -5 5 -145 30 35 0 -30 0 0 30 0 0 -30 0 0 0 0
18 -42 15 0 5 5 90 185 0 -25 0 0 120 -80 100 -5 5 -145 30 35 0 -30 0 0 30 0 0 -30 0 0 0 0
18 -42 15 0 5 5 25 185 0 -165 0 0 120 -80 100 -5 5 -145 30 35 0 -30 0 0 30 0 0 -30 0 0 0 0
18 -42 15 0 5 5 45 185 0 -135 0 0 170 -80 100 -5 5 -20 30 35 0 -30 0 0 30 0 0 -30 0 0 0 0
18 -42 15 0 5 5 45 185 0 -135 0 0 120 -80 100 -5 5 -145 30 35 0 -30 0 0 30 0 0 -30 0 0 0 0
18 -42 15 0 5 5 90 185 0 -25 0 0 120 -80 100 -5 5 -145 30 35 0 -30 0 0 30 0 0 -30 0 0 0 0
18 -42 15 0 5 5 25 185 0 -165 0 0 120 -80 100 -5 5 -145 30 35 0 -30 0 0 30 0 0 -30 0 0 0 0
18 -42 15 0 5 5 45 185 0 -135 0 0 170 -80 100 -5 5 -20 30 35 0 -30 0 0 30 0 0 -30 0 0 0 0
18 -42 15 0 5 5 45 185 0 -135 0 0 120 -80 100 -5 5 -145 30 35 0 -30 0 0 30 0 0 -30 0 0 0 0
18 -42 15 0 5 5 90 185 0 -25 0 0 120 -80 100 -5 5 -145 30 35 0 -30 0 0 30 0 0 -30 0 0 0 0
18 -42 15 0 5 5 25 185 0 -165 0 0 120 -80 100 -5 5 -145 30 35 0 -30 0 0 30 0 0 -30 0 0 0 0
18 -42 15 0 5 5 45 185 0 -135 0 0 170 -80 100 -5 5 -20 30 35 0 -30 0 0 30 0 0 -30 0 0 0 0
18 -42 15 0 5 5 25 185 0 -165 0 0 120 -80 100 -5 5 -145 30 35 0 -30 0 0 95 0 0 -95 0 0 0 0
18 -42 15 0 5 5 25 185 0 -165 0 0 120 -80 100 -5 5 -145 30 35 0 -30 0 0 115 0 0 -25 0 0 0 0
18 -42 15 0 5 5 25 185 0 -165 0 0 120 -80 100 -5 5 -145 30 35 0 -30 0 0 60 0 0 -60 0 0 0 0
18 -42 15 0 5 5 25 185 0 -165 0 0 120 -80 100 -5 5 -145 30 35 0 -30 0 0 30 0 0 -25 0 0 0 0
18 -42 15 0 5 5 45 185 0 -135 0 0 120 -80 100 -5 5 -145 30 35 0 -30 0 0 30 0 0 -30 0 0 0 0
18 -42 15 0 5 5 90 185 0 -25 0 0 120 -80 100 -5 5 -145 30 35 0 -30 0 0 30 0 0 -30 0 0 0 0
18 -42 15 0 5 5 25 185 0 -165 0 0 120 -80 100 -5 5 -145 30 35 0 -30 0 0 30 0 0 -30 0 0 0 0
18 -42 15 0 5 5 45 185 0 -135 0 0 170 -80 100 -5 5 -20 30 35 0 -30 0 0 30 0 0 -30 0 0 0 0
18 -42 15 0 5 5 45 185 0 -135 0 0 120 -80 100 -5 5 -145 30 35 0 -30 0 0 30 0 0 -30 0 0 0 0
18 -42 15 0 5 5 90 185 0 -25 0 0 120 -80 100 -5 5 -145 30 35 0 -30 0 0 30 0 0 -30 0 0 0 0
18 -42 15 0 5 5 25 185 0 -165 0 0 120 -80 100 -5 5 -145 30 35 0 -30 0 0 30 0 0 -30 0 0 0 0
18 -42 15 0 5 5 45 185 0 -135 0 0 170 -80 100 -5 5 -20 30 35 0 -30 0 0 30 0 0 -30 0 0 0 0
18 -42 15 0 5 5 45 185 0 -135 0 0 120 -80 100 -5 5 -145 30 35 0 -30 0 0 30 0 0 -30 0 0 0 0
18 -42 15 0 5 5 90 185 0 -25 0 0 120 -80 100 -5 5 -145 30 35 0 -30 0 0 30 0 0 -30 0 0 0 0
18 -42 15 0 5 5 25 185 0 -165 0 0 120 -80 100 -5 5 -145 30 35 0 -30 0 0 30 0 0 -30 0 0 0 0
18 -42 15 0 5 5 45 185 0 -135 0 0 170 -80 100 -5 5 -20 30 35 0 -30 0 0 30 0 0 -30 0 0 0 0
18 -42 15 0 5 5 25 185 0 -165 0 0 120 -80 100 -5 5 -145 30 35 0 -30 0 0 95 0 0 -95 0 0 0 0
18 -42 15 0 5 5 25 185 0 -165 0 0 120 -80 100 -5 5 -145 30 35 0 -30 0 0 115 0 0 -25 0 0 0 0
18 -42 15 0 5 5 25 185 0 -165 0 0 120 -80 100 -5 5 -145 30 35 0 -30 0 0 60 0 0 -60 0 0 0 0
18 -42 15 0 5 5 25 185 0 -165 0 0 120 -80 100 -5 5 -145 30 35 0 -30 0 0 30 0 0 -25 0 0 0 0
18 -42 15 0 5 5 45 185 0 -135 0 0 170 -80 100 -5 5 -20 30 35 0 -30 0 0 30 0 0 -30 0 0 0 0
18 -42 15 0 5 5 45 185 0 -135 0 0 120 -80 100 -5 5 -145 30 35 0 -30 0 0 30 0 0 -30 0 0 0 0
18 -42 15 0 5 5 90 185 0 -25 0 0 120 -80 100 -5 5 -145 30 35 0 -30 0 0 30 0 0 -30 0 0 0 0
18 -42 15 0 5 5 25 185 0 -165 0 0 120 -80 100 -5 5 -145 30 35 0 -30 0 0 30 0 0 -30 0 0 0 0
18 -42 15 0 5 5 45 185 0 -135 0 0 170 -80 100 -5 5 -20 30 35 0 -30 0 0 30 0 0 -30 0 0 0 0
18 -42 15 0 5 5 45 185 0 -135 0 0 120 -80 100 -5 5 -145 30 35 0 -30 0 0 30 0 0 -30 0 0 0 0
18 -42 15 0 5 5 90 185 0 -25 0 0 120 -80 100 -5 5 -145 30 35 0 -30 0 0 30 0 0 -30 0 0 0 0
18 -42 15 0 5 5 25 185 0 -165 0 0 120 -80 100 -5 5 -145 30 35 0 -30 0 0 30 0 0 -30 0 0 0 0
18 -42 15 0 5 5 45 185 0 -135 0 0 170 -80 100 -5 5 -20 30 35 0 -30 0 0 30 0 0 -30 0 0 0 0
18 -42 15 0 5 5 45 185 0 -135 0 0 120 -80 100 -5 5 -145 30 35 0 -30 0 0 30 0 0 -30 0 0 0 0
18 -42 15 0 5 5 90 185 0 -25 0 0 120 -80 100 -5 5 -145 30 35 0 -30 0 0 30 0 0 -30 0 0 0 0
18 -42 15 0 5 5 25 185 0 -165 0 0 120 -80 100 -5 5 -145 30 35 0 -30 0 0 30 0 0 -30 0 0 0 0
18 -42 15 0 5 5 45 185 0 -135 0 0 170 -80 100 -5 5 -20 30 35 0 -30 0 0 30 0 0 -30 0 0 0 0
18 -42 15 0 5 5 45 185 0 -135 0 0 120 -80 100 -5 5 -145 30 35 0 -30 0 0 30 0 0 -30 0 0 0 0
18 -42 15 0 5 5 90 185 0 -25 0 0 120 -80 100 -5 5 -145 30 35 0 -30 0 0 30 0 0 -30 0 0 0 0
18 -42 15 0 5 5 25 185 0 -165 0 0 120 -80 100 -5 5 -145 30 35 0 -30 0 0 30 0 0 -30 0 0 0 0
18 -42 15 0 5 5 45 185 0 -135 0 0 170 -80 100 -5 5 -20 30 35 0 -30 0 0 30 0 0 -30 0 0 0 0
18 -42 15 0 5 5 45 185 0 -135 0 0 120 -80 100 -5 5 -145 30 35 0 -30 0 0 30 0 0 -30 0 0 0 0
18 -42 15 0 5 5 90 185 0 -25 0 0 120 -80 100 -5 5 -145 30 35 0 -30 0 0 30 0 0 -30 0 0 0 0
18 -42 15 0 5 5 25 185 0 -165 0 0 120 -80 100 -5 5 -145 30 35 0 -30 0 0 30 0 0 -30 0 0 0 0
18 -42 15 0 5 5 45 185 0 -135 0 0 170 -80 100 -5 5 -20 30 35 0 -30 0 0 30 0 0 -30 0 0 0 0
18 -42 15 0 5 5 45 185 0 -135 0 0 120 -80 100 -5 5 -145 30 35 0 -30 0 0 30 0 0 -30 0 0 0 0
18 -42 15 0 5 5 90 185 0 -25 0 0 120 -80 100 -5 5 -145 30 35 0 -30 0 0 30 0 0 -30 0 0 0 0
18 -42 15 0 5 5 25 185 0 -165 0 0 120 -80 100 -5 5 -145 30 35 0 -30 0 0 30 0 0 -30 0 0 0 0
18 -42 15 0 5 5 45 185 0 -135 0 0 170 -80 100 -5 5 -20 30 35 0 -30 0 0 30 0 0 -30 0 0 0 0
18 -42 15 0 5 5 45 185 0 -135 0 0 120 -80 100 -5 5 -145 30 35 0 -30 0 0 30 0 0 -30 0 0 0 0
18 -42 15 0 5 5 90 185 0 -25 0 0 120 -80 100 -5 5 -145 30 35 0 -30 0 0 30 0 0 -30 0 0 0 0
18 -42 15 0 5 5 25 185 0 -165 0 0 120 -80 100 -5 5 -145 30 35 0 -30 0 0 30 0 0 -30 0 0 0 0
18 -42 15 0 5 5 45 185 0 -135 0 0 170 -80 100 -5 5 -20 30 35 0 -30 0 0 30 0 0 -30 0 0 0 0
18 -42 15 0 5 5 45 185 0 -135 0 0 120 -80 100 -5 5 -145 30 35 0 -30 0 0 30 0 0 -30 0 0 0 0
18 -42 15 0 5 5 90 185 0 -25 0 0 120 -80 100 -5 5 -145 30 35 0 -30 0 0 30 0 0 -30 0 0 0 0
18 -42 15 0 5 5 25 185 0 -165 0 0 120 -80 100 -5 5 -145 30 35 0 -30 0 0 30 0 0 -30 0 0 0 0
18 -42 15 0 5 5 45 185 0 -135 0 0 170 -80 100 -5 5 -20 30 35 0 -30 0 0 30 0 0 -30 0 0 0 0
18 -42 15 0 5 5 45 185 0 -135 0 0 120 -80 100 -5 5 -145 30 35 0 -30 0 0 30 0 0 -30 0 0 0 0
18 -42 15 0 5 5 90 185 0 -25 0 0 120 -80 100 -5 5 -145 30 35 0 -30 0 0 30 0 0 -30 0 0 0 0
18 -42 15 0 5 5 25 185 0 -165 0 0 120 -80 100 -5 5 -145 30 35 0 -30 0 0 30 0 0 -30 0 0 0 0
18 -42 15 0 5 5 45 185 0 -135 0 0 170 -80 100 -5 5 -20 30 35 0 -30 0 0 30 0 0 -30 0 0 0 0
18 -42 15 0 5 5 45 185 0 -135 0 0 120 -80 100 -5 5 -145 30 35 0 -30 0 0 30 0 0 -30 0 0 0 0
18 -42 15 0 5 5 90 185 0 -25 0 0 120 -80 100 -5 5 -145 30 35 0 -30 0 0 30 0 0 -30 0 0 0 0
18 -42 15 0 5 5 25 185 0 -165 0 0 120 -80 100 -5 5 -145 30 35 0 -30 0 0 30 0 0 -30 0 0 0 0
18 -42 15 0 5 5 45 185 0 -135 0 0 170 -80 100 -5 5 -20 30 35 0 -30 0 0 30 0 0 -30 0 0 0 0
18 -42 15 0 5 5 45 185 0 -135 0 0 120 -80 100 -5 5 -145 30 35 0 -30 0 0 30 0 0 -30 0 0 0 0
18 -42 15 0 5 5 90 185 0 -25 0 0 120 -80 100 -5 5 -145 30 35 0 -30 0 0 30 0 0 -30 0 0 0 0
18 -42 15 0 5 5 25 185 0 -165 0 0 120 -80 100 -5 5 -145 30 35 0 -30 0 0 30 0 0 -30 0 0 0 0
18 -42 15 0 5 5 45 185 0 -135 0 0 170 -80 100 -5 5 -20 30 35 0 -30 0 0 30 0 0 -30 0 0 0 0
18 -42 15 0 5 5 25 185 0 -165 0 0 120 -80 100 -5 5 -145 30 35 0 -30 0 0 95 0 0 -95 0 0 0 0
18 -42 15 0 5 5 25 185 0 -165 0 0 120 -80 100 -5 5 -145 30 35 0 -30 0 0 115 0 0 -25 0 0 0 0
18 -42 15 0 5 5 25 185 0 -165 0 0 120 -80 100 -5 5 -145 30 35 0 -30 0 0 60 0 0 -60 0 0 0 0
18 -42 15 0 5 5 25 185 0 -165 0 0 120 -80 100 -5 5 -145 30 35 0 -30 0 0 30 0 0 -25 0 0 0 0
18 -42 15 0 5 5 45 185 0 -135 0 0 120 -80 100 -5 5 -145 30 35 0 -30 0 0 30 0 0 -30 0 0 0 0
18 -42 15 0 5 5 90 185 0 -25 0 0 120 -80 100 -5 5 -145 30 35 0 -30 0 0 30 0 0 -30 0 0 0 0
18 -42 15 0 5 5 25 185 0 -165 0 0 120 -80 100 -5 5 -145 30 35 0 -30 0 0 30 0 0 -30 0 0 0 0
18 -42 15 0 5 5 45 185 0 -135 0 0 170 -80 100 -5 5 -20 30 35 0 -30 0 0 30 0 0 -30 0 0 0 0
18 -42 15 0 5 5 45 185 0 -135 0 0 120 -80 100 -5 5 -145 30 35 0 -30 0 0 30 0 0 -30 0 0 0 0
18 -42 15 0 5 5 90 185 0 -25 0 0 120 -80 100 -5 5 -145 30 35 0 -30 0 0 30 0 0 -30 0 0 0 0
18 -42 15 0 5 5 25 185 0 -165 0 0 120 -80 100 -5 5 -145 30 35 0 -30 0 0 30 0 0 -30 0 0 0 0
18 -42 15 0 5 5 45 185 0 -135 0 0 170 -80 100 -5 5 -20 30 35 0 -30 0 0 30 0 0 -30 0 0 0 0
18 -42 15 0 5 5 45 185 0 -135 0 0 120 -80 100 -5 5 -145 30 35 0 -30 0 0 30 0 0 -30 0 0 0 0
18 -42 15 0 5 5 90 185 0 -25 0 0 120 -80 100 -5 5 -145 30 35 0 -30 0 0 30 0 0 -30 0 0 0 0
18 -42 15 0 5 5 25 185 0 -165 0 0 120 -80 100 -5 5 -145 30 35 0 -30 0 0 30 0 0 -30 0 0 0 0
18 -42 15 0 5 5 45 185 0 -135 0 0 170 -80 100 -5 5 -20 30 35 0 -30 0 0 30 0 0 -30 0 0 0 0
18 -42 15 0 5 5 25 185 0 -165 0 0 120 -80 100 -5 5 -145 30 35 0 -30 0 0 95 0 0 -95 0 0 0 0
18 -42 15 0 5 5 25 185 0 -165 0 0 120 -80 100 -5 5 -145 30 35 0 -30 0 0 115 0 0 -25 0 0 0 0
18 -42 15 0 5 5 25 185 0 -165 0 0 120 -80 100 -5 5 -145 30 35 0 -30 0 0 60 0 0 -60 0 0 0 0
18 -42 15 0 5 5 25 185 0 -165 0 0 120 -80 100 -5 5 -145 30 35 0 -30 0 0 30 0 0 -25 0 0 0 0
18 -42 15 0 5 5 45 185 0 -135 0 0 120 -80 100 -5 5 -145 30 35 0 -30 0 0 30 0 0 -30 0 0 0 0
18 -42 15 0 5 5 90 185 0 -25 0 0 120 -80 100 -5 5 -145 30 35 0 -30 0 0 30 0 0 -30 0 0 0 0
18 -42 15 0 5 5 25 185 0 -165 0 0 120 -80 100 -5 5 -145 30 35 0 -30 0 0 30 0 0 -30 0 0 0 0
18 -42 15 0 5 5 45 185 0 -135 0 0 170 -80 100 -5 5 -20 30 35 0 -30 0 0 30 0 0 -30 0 0 0 0
18 -42 15 0 5 5 45 185 0 -135 0 0 120 -80 100 -5 5 -145 30 35 0 -30 0 0 30 0 0 -30 0 0 0 0
18 -42 15 0 5 5 90 185 0 -25 0 0 120 -80 100 -5 5 -145 30 35 0 -30 0 0 30 0 0 -30 0 0 0 0
18 -42 15 0 5 5 25 185 0 -165 0 0 120 -80 100 -5 5 -145 30 35 0 -30 0 0 30 0 0 -30 0 0 0 0
18 -42 15 0 5 5 45 185 0 -135 0 0 170 -80 100 -5 5 -20 30 35 0 -30 0 0 30 0 0 -30 0 0 0 0
18 -42 15 0 5 5 45 185 0 -135 0 0 120 -80 100 -5 5 -145 30 35 0 -30 0 0 30 0 0 -30 0 0 0 0
18 -42 15 0 5 5 90 185 0 -25 0 0 120 -80 100 -5 5 -145 30 35 0 -30 0 0 30 0 0 -30 0 0 0 0
18 -42 15 0 5 5 25 185 0 -165 0 0 120 -80 100 -5 5 -145 30 35 0 -30 0 0 30 0 0 -30 0 0 0 0
18 -42 15 0 5 5 45 185 0 -135 0 0 170 -80 100 -5 5 -20 30 35 0 -30 0 0 30 0 0 -30 0 0 0 0
18 -42 15 0 5 5 45 185 0 -135 0 0 120 -80 100 -5 5 -145 30 35 0 -30 0 0 30 0 0 -30 0 0 0 0
18 -42 15 0 5 5 90 185 0 -25 0 0 120 -80 100 -5 5 -145 30 35 0 -30 0 0 30 0 0 -30 0 0 0 0
18 -42 15 0 5 5 25 185 0 -165 0 0 120 -80 100 -5 5 -145 30 35 0 -30 0 0 30 0 0 -30 0 0 0 0
18 -42 15 0 5 5 45 185 0 -135 0 0 170 -80 100 -5 5 -20 30 35 0 -30 0 0 30 0 0 -30 0 0 0 0
18 -42 15 0 5 5 45 185 0 -135 0 0 120 -80 100 -5 5 -145 30 35 0 -30 0 0 30 0 0 -30 0 0 0 0
18 -42 15 0 5 5 90 185 0 -25 0 0 120 -80 100 -5 5 -145 30 35 0 -30 0 0 30 0 0 -30 0 0 0 0
18 -42 15 0 5 5 25 185 0 -165 0 0 120 -80 100 -5 5 -145 30 35 0 -30 0 0 30 0 0 -30 0 0 0 0
18 -42 15 0 5 5 45 185 0 -135 0 0 170 -80 100 -5 5 -20 30 35 0 -30 0 0 30 0 0 -30 0 0 0 0
18 -42 15 0 5 5 45 185 0 -135 0 0 120 -80 100 -5 5 -145 30 35 0 -30 0 0 30 0 0 -30 0 0 0 0
18 -42 15 0 5 5 90 185 0 -25 0 0 120 -80 100 -5 5 -145 30 35 0 -30 0 0 30 0 0 -30 0 0 0 0
18 -42 15 0 5 5 25 185 0 -165 0 0 120 -80 100 -5 5 -145 30 35 0 -30 0 0 30 0 0 -30 0 0 0 0
18 -42 15 0 5 5 45 185 0 -135 0 0 170 -80 100 -5 5 -20 30 35 0 -30 0 0 30 0 0 -30 0 0 0 0
18 -42 15 0 5 5 45 185 0 -135 0 0 120 -80 100 -5 5 -145 30 35 0 -30 0 0 30 0 0 -30 0 0 0 0
18 -42 15 0 5 5 90 185 0 -25 0 0 120 -80 100 -5 5 -145 30 35 0 -30 0 0 30 0 0 -30 0 0 0 0
18 -42 15 0 5 5 25 185 0 -165 0 0 120 -80 100 -5 5 -145 30 35 0 -30 0 0 30 0 0 -30 0 0 0 0
18 -42 15 0 5 5 45 185 0 -135 0 0 170 -80 100 -5 5 -20 30 35 0 -30 0 0 30 0 0 -30 0 0 0 0
18 -42 15 0 5 5 45 185 0 -135 0 0 120 -80 100 -5 5 -145 30 35 0 -30 0 0 30 0 0 -30 0 0 0 0
18 -42 15 0 5 5 90 185 0 -25 0 0 120 -80 100 -5 5 -145 30 35 0 -30 0 0 30 0 0 -30 0 0 0 0
18 -42 15 0 5 5 25 185 0 -165 0 0 120 -80 100 -5 5 -145 30 35 0 -30 0 0 30 0 0 -30 0 0 0 0
18 -42 15 0 5 5 45 185 0 -135 0 0 170 -80 100 -5 5 -20 30 35 0 -30 0 0 30 0 0 -30 0 0 0 0
18 -42 15 0 5 5 45 185 0 -135 0 0 120 -80 100 -5 5 -145 30 35 0 -30 0 0 30 0 0 -30 0 0 0 0
18 -42 15 0 5 5 90 185 0 -25 0 0 120 -80 100 -5 5 -145 30 35 0 -30 0 0 30 0 0 -30 0 0 0 0
18 -42 15 0 5 5 25 185 0 -165 0 0 120 -80 100 -5 5 -145 30 35 0 -30 0 0 30 0 0 -30 0 0 0 0
18 -42 15 0 5 5 45 185 0 -135 0 0 170 -80 100 -5 5 -20 30 35 0 -30 0 0 30 0 0 -30 0 0 0 0
18 -42 15 0 5 5 45 185 0 -135 0 0 120 -80 100 -5 5 -145 30 35 0 -30 0 0 30 0 0 -30 0 0 0 0
18 -42 15 0 5 5 90 185 0 -25 0 0 120 -80 100 -5 5 -145 30 35 0 -30 0 0 30 0 0 -30 0 0 0 0
18 -42 15 0 5 5 25 185 0 -165 0 0 120 -80 100 -5 5 -145 30 35 0 -30 0 0 30 0 0 -30 0 0 0 0
18 -42 15 0 5 5 45 185 0 -135 0 0 170 -80 100 -5 5 -20 30 35 0 -30 0 0 30 0 0 -30 0 0 0 0
18 -42 15 0 5 5 45 185 0 -135 0 0 120 -80 100 -5 5 -145 30 35 0 -30 0 0 30 0 0 -30 0 0 0 0
18 -42 15 0 5 5 90 185 0 -25 0 0 120 -80 100 -5 5 -145 30 35 0 -30 0 0 30 0 0 -30 0 0 0 0
18 -42 15 0 5 5 25 185 0 -165 0 0 120 -80 100 -5 5 -145 30 35 0 -30 0 0 30 0 0 -30 0 0 0 0
18 -42 15 0 5 5 45 185 0 -135 0 0 170 -80 100 -5 5 -20 30 35 0 -30 0 0 30 0 0 -30 0 0 0 0
18 -42 15 0 5 5 45 185 0 -135 0 0 120 -80 100 -5 5 -145 30 35 0 -30 0 0 30 0 0 -30 0 0 0 0
18 -42 15 0 5 5 90 185 0 -25 0 0 120 -80 100 -5 5 -145 30 35 0 -30 0 0 30 0 0 -30 0 0 0 0
18 -42 15 0 5 5 25 185 0 -165 0 0 120 -80 100 -5 5 -145 30 35 0 -30 0 0 30 0 0 -30 0 0 0 0
18 -42 15 0 5 5 45 185 0 -135 0 0 170 -80 100 -5 5 -20 30 35 0 -30 0 0 30 0 0 -30 0 0 0 0
18 -42 15 0 5 5 45 185 0 -135 0 0 120 -80 100 -5 5 -145 30 35 0 -30 0 0 30 0 0 -30 0 0 0 0
18 -42 15 0 5 5 90 185 0 -25 0 0 120 -80 100 -5 5 -145 30 35 0 -30 0 0 30 0 0 -30 0 0 0 0
18 -42 15 0 5 5 25 185 0 -165 0 0 120 -80 100 -5 5 -145 30 35 0 -30 0 0 30 0 0 -30 0 0 0 0
18 -42 15 0 5 5 45 185 0 -135 0 0 170 -80 100 -5 5 -20 30 35 0 -30 0 0 30 0 0 -30 0 0 0 0
18 -42 15 0 5 5 45 185 0 -135 0 0 120 -80 100 -5 5 -145 30 35 0 -30 0 0 30 0 0 -30 0 0 0 0
18 -42 15 0 5 5 90 185 0 -25 0 0 120 -80 100 -5 5 -145 30 35 0 -30 0 0 30 0 0 -30 0 0 0 0
18 -42 15 0 5 5 25 185 0 -165 0 0 120 -80 100 -5 5 -145 30 35 0 -30 0 0 30 0 0 -30 0 0 0 0
18 -42 15 0 5 5 45 185 0 -135 0 0 170 -80 100 -5 5 -20 30 35 0 -30 0 0 30 0 0 -30 0 0 0 0
18 -42 15 0 5 5 45 185 0 -135 0 0 120 -80 100 -5 5 -145 30 35 0 -30 0 0 30 0 0 -30 0 0 0 0
18 -42 15 0 5 5 90 185 0 -25 0 0 120 -80 100 -5 5 -145 30 35 0 -30 0 0 30 0 0 -30 0 0 0 0
18 -42 15 0 5 5 25 185 0 -165 0 0 120 -80 100 -5 5 -145 30 35 0 -30 0 0 30 0 0 -30 0 0 0 0
18 -42 15 0 5 5 45 185 0 -135 0 0 170 -80 100 -5 5 -20 30 35 0 -30 0 0 30 0 0 -30 0 0 0 0
18 -42 15 0 5 5 25 185 0 -40 0 0 125 -80 100 -5 5 -20 30 35 0 -30 0 0 30 0 0 -30 0 0 0 0
18 -42 15 0 5 5 0 185 0 -10 0 0 90 -80 100 0 5 -10 30 35 0 -30 0 0 30 0 0 -30 0 0 0 0
18 -42 15 0 5 5 0 185 0 -10 0 0 90 -80 100 0 5 -10 30 35 0 -30 0 0 30 0 0 -30 0 0 0 0
18 -42 15 0 5 5 0 185 0 -10 0 0 90 -80 100 0 5 -10 30 35 0 -30 0 0 30 0 0 -30 0 0 0 0
18 -42 15 0 5 5 0 185 0 -10 0 0 90 -80 100 0 5 -10 30 35 0 -30 0 0 30 0 0 -30 0 0 0 0
18 -42 15 0 5 5 0 185 0 -10 0 0 90 -80 100 0 5 -10 30 35 0 -30 0 0 30 0 0 -30 0 0 0 0
18 -42 15 0 5 5 0 185 0 -10 0 0 90 -80 100 0 5 -10 30 35 0 -30 0 0 30 0 0 -30 0 0 0 0
18 -42 15 0 5 5 0 185 0 -10 0 0 90 -80 100 0 5 -10 30 35 0 -30 0 0 30 0 0 -30 0 0 0 0
18 -42 15 0 5 5 0 185 0 -10 0 0 90 -80 100 0 5 -10 30 35 0 -30 0 0 30 0 0 -30 0 0 0 0
18 -42 15 0 5 5 0 185 0 -10 0 0 90 -80 100 0 5 -10 30 35 0 -30 0 0 30 0 0 -30 0 0 0 0
18 -42 15 0 5 5 0 185 0 -10 0 0 90 -80 100 0 5 -10 30 35 0 -30 0 0 30 0 0 -30 0 0 0 0
18 -42 15 0 5 5 0 185 0 -10 0 0 90 -80 100 0 5 -10 30 35 0 -30 0 0 30 0 0 -30 0 0 0 0
18 -42 15 0 5 5 0 185 0 -10 0 0 90 -80 100 0 5 -10 30 35 0 -30 0 0 30 0 0 -30 0 0 0 0
18 -42 15 0 5 5 0 185 0 -10 0 0 90 -80 100 0 5 -10 30 35 0 -30 0 0 30 0 0 -30 0 0 0 0
18 -42 15 0 5 5 0 185 0 -10 0 0 90 -80 100 0 5 -10 30 35 0 -30 0 0 30 0 0 -30 0 0 0 0
18 -42 15 0 5 5 0 185 0 -10 0 0 90 -80 100 0 5 -10 30 35 0 -30 0 0 30 0 0 -30 0 0 0 0
18 -42 15 0 5 5 0 185 0 -10 0 0 90 -80 100 0 5 -10 30 35 0 -30 0 0 30 0 0 -30 0 0 0 0
18 -42 15 0 5 5 0 185 0 -10 0 0 90 -80 100 0 5 -10 30 35 0 -30 0 0 30 0 0 -30 0 0 0 0
18 -42 15 0 5 5 0 185 0 -10 0 0 90 -80 100 0 5 -10 30 35 0 -30 0 0 30 0 0 -30 0 0 0 0
18 -42 15 0 5 5 0 185 0 -10 0 0 90 -80 100 0 5 -10 30 35 0 -30 0 0 30 0 0 -30 0 0 0 0
18 -42 15 0 5 5 0 185 0 -10 0 0 90 -80 100 0 5 -10 30 35 0 -30 0 0 30 0 0 -30 0 0 0 0
18 -42 15 0 5 5 0 185 0 -10 0 0 90 -80 100 0 5 -10 30 35 0 -30 0 0 30 0 0 -30 0 0 0 0
18 -42 15 0 5 5 0 185 0 -10 0 0 90 -80 100 0 5 -10 30 35 0 -30 0 0 30 0 0 -30 0 0 0 0
18 -42 15 0 5 5 0 185 0 -10 0 0 90 -80 100 0 5 -10 30 35 0 -30 0 0 30 0 0 -30 0 0 0 0
18 -42 15 0 5 5 0 185 0 -10 0 0 90 -80 100 0 5 -10 30 35 0 -30 0 0 30 0 0 -30 0 0 0 0
18 -42 15 0 5 5 45 185 15 -10 0 -30 135 -70 100 -35 5 -10 55 65 -20 -45 0 0 50 -35 15 -45 0 0 0 0
18 -42 15 0 5 5 80 185 30 -10 0 -95 250 -70 100 -15 5 -5 130 95 -105 -40 0 0 50 -35 15 -40 0 0 0 0
18 -42 15 0 5 5 80 185 30 -10 0 -95 250 -70 100 15 5 -5 130 95 -105 -60 0 0 50 -35 15 -20 0 0 0 0
18 -42 15 0 5 5 80 185 30 -10 0 -95 250 -70 100 -30 5 -5 130 95 -105 -40 0 0 50 -35 15 -45 0 0 0 0
18 -42 15 0 5 5 80 185 30 -10 0 -95 250 -70 100 -65 5 -5 130 95 -105 -30 0 0 50 -35 15 -65 0 0 0 0
18 -42 15 0 5 5 80 185 30 -10 0 -95 250 -70 100 -30 5 -5 130 95 -105 -60 0 0 50 -35 15 -55 0 0 0 0
18 -42 15 0 5 5 80 185 30 -10 0 -95 250 -70 100 5 5 -5 130 95 -105 -65 0 0 50 -35 15 -25 0 0 0 0
18 -42 15 0 5 5 80 185 30 -10 0 -95 250 -70 100 -15 5 -5 130 95 -105 -40 0 0 50 -35 15 -40 0 0 0 0
18 -42 15 0 5 5 80 185 30 -10 0 -95 250 -70 100 15 5 -5 130 95 -105 -60 0 0 50 -35 15 -20 0 0 0 0
18 -42 15 0 5 5 80 185 30 -10 0 -95 250 -70 100 -30 5 -5 130 95 -105 -40 0 0 50 -35 15 -45 0 0 0 0
18 -42 15 0 5 5 80 185 30 -10 0 -95 250 -70 100 -65 5 -5 130 95 -105 -30 0 0 50 -35 15 -65 0 0 0 0
18 -42 15 0 5 5 80 185 30 -10 0 -95 250 -70 100 -30 5 -5 130 95 -105 -60 0 0 50 -35 15 -55 0 0 0 0
18 -42 15 0 5 5 80 185 30 -10 0 -95 250 -70 100 5 5 -5 130 95 -105 -65 0 0 50 -35 15 -25 0 0 0 0
18 -42 15 0 5 5 80 185 30 -10 0 -95 250 -70 100 -15 5 -5 130 95 -105 -40 0 0 50 -35 15 -40 0 0 0 0
18 -42 15 0 5 5 80 185 30 -10 0 -95 250 -70 100 15 5 -5 130 95 -105 -60 0 0 50 -35 15 -20 0 0 0 0
18 -42 15 0 5 5 80 185 30 -10 0 -95 250 -70 100 -30 5 -5 130 95 -105 -40 0 0 50 -35 15 -45 0 0 0 0
18 -42 15 0 5 5 80 185 30 -10 0 -95 250 -70 100 -65 5 -5 130 95 -105 -30 0 0 50 -35 15 -65 0 0 0 0
18 -42 15 0 5 5 80 185 30 -10 0 -95 250 -70 100 -30 5 -5 130 95 -105 -60 0 0 50 -35 15 -55 0 0 0 0
18 -42 15 0 5 5 80 185 30 -10 0 -95 250 -70 100 5 5 -5 130 95 -105 -65 0 0 50 -35 15 -25 0 0 0 0
18 -42 15 0 5 5 80 185 30 -10 0 -95 250 -70 100 -15 5 -5 130 95 -105 -40 0 0 50 -35 15 -40 0 0 0 0
18 -42 15 0 5 5 80 185 30 -10 0 -95 250 -70 100 15 5 -5 130 95 -105 -60 0 0 50 -35 15 -20 0 0 0 0
18 -42 15 0 5 5 80 185 30 -10 0 -95 250 -70 100 -30 5 -5 130 95 -105 -40 0 0 50 -35 15 -45 0 0 0 0
18 -42 15 0 5 5 80 185 30 -10 0 -95 250 -70 100 -65 5 -5 130 95 -105 -30 0 0 50 -35 15 -65 0 0 0 0
18 -42 15 0 5 5 80 185 30 -10 0 -95 250 -70 100 -30 5 -5 130 95 -105 -60 0 0 50 -35 15 -55 0 0 0 0
18 -42 15 0 5 5 80 185 30 -10 0 -95 250 -70 100 5 5 -5 130 95 -105 -65 0 0 50 -35 15 -25 0 0 0 0
18 -42 15 0 5 5 80 185 30 -10 0 -95 250 -70 100 -15 5 -5 130 95 -105 -40 0 0 50 -35 15 -40 0 0 0 0
18 -42 15 0 5 5 80 185 30 -10 0 -95 250 -70 100 15 5 -5 130 95 -105 -60 0 0 50 -35 15 -20 0 0 0 0
18 -42 15 0 5 5 80 185 30 -10 0 -95 250 -70 100 -30 5 -5 130 95 -105 -40 0 0 50 -35 15 -45 0 0 0 0
18 -42 15 0 5 5 80 185 30 -10 0 -95 250 -70 100 -65 5 -5 130 95 -105 -30 0 0 50 -35 15 -65 0 0 0 0
18 -42 15 0 5 5 80 185 30 -10 0 -95 250 -70 100 -30 5 -5 130 95 -105 -60 0 0 50 -35 15 -55 0 0 0 0
18 -42 15 0 5 5 80 185 30 -10 0 -95 250 -70 100 5 5 -5 130 95 -105 -65 0 0 50 -35 15 -25 0 0 0 0
18 -42 15 0 5 5 80 185 30 -10 0 -95 250 -70 100 -15 5 -5 130 95 -105 -40 0 0 50 -35 15 -40 0 0 0 0
18 -42 15 0 5 5 80 185 30 -10 0 -95 250 -70 100 15 5 -5 130 95 -105 -60 0 0 50 -35 15 -20 0 0 0 0
18 -42 15 0 5 5 80 185 30 -10 0 -95 250 -70 100 -30 5 -5 130 95 -105 -40 0 0 50 -35 15 -45 0 0 0 0
18 -42 15 0 5 5 80 185 30 -10 0 -95 250 -70 100 -65 5 -5 130 95 -105 -30 0 0 50 -35 15 -65 0 0 0 0
18 -42 15 0 5 5 80 185 30 -10 0 -95 250 -70 100 -30 5 -5 130 95 -105 -60 0 0 50 -35 15 -55 0 0 0 0
18 -42 15 0 5 5 80 185 30 -10 0 -95 250 -70 100 5 5 -5 130 95 -105 -65 0 0 50 -35 15 -25 0 0 0 0
18 -42 15 0 5 5 80 185 30 -10 0 -95 250 -70 100 -15 5 -5 130 95 -105 -40 0 0 50 -35 15 -40 0 0 0 0
18 -42 15 0 5 5 80 185 30 -10 0 -95 250 -70 100 15 5 -5 130 95 -105 -60 0 0 50 -35 15 -20 0 0 0 0
18 -42 15 0 5 5 80 185 30 -10 0 -95 250 -70 100 -30 5 -5 130 95 -105 -40 0 0 50 -35 15 -45 0 0 0 0
18 -42 15 0 5 5 80 185 30 -10 0 -95 250 -70 100 -65 5 -5 130 95 -105 -30 0 0 50 -35 15 -65 0 0 0 0
18 -42 15 0 5 5 80 185 30 -10 0 -95 250 -70 100 -30 5 -5 130 95 -105 -60 0 0 50 -35 15 -55 0 0 0 0
18 -42 15 0 5 5 80 185 30 -10 0 -95 250 -70 100 5 5 -5 130 95 -105 -65 0 0 50 -35 15 -25 0 0 0 0
18 -42 15 0 5 5 80 185 30 -10 0 -95 250 -70 100 -15 5 -5 130 95 -105 -40 0 0 50 -35 15 -40 0 0 0 0
18 -42 15 0 5 5 80 185 30 -10 0 -95 250 -70 100 15 5 -5 130 95 -105 -60 0 0 50 -35 15 -20 0 0 0 0
18 -42 15 0 5 5 80 185 30 -10 0 -95 250 -70 100 -30 5 -5 130 95 -105 -40 0 0 50 -35 15 -45 0 0 0 0
18 -42 15 0 5 5 80 185 30 -10 0 -95 250 -70 100 -65 5 -5 130 95 -105 -30 0 0 50 -35 15 -65 0 0 0 0
18 -42 15 0 5 5 80 185 30 -10 0 -95 250 -70 100 -30 5 -5 130 95 -105 -60 0 0 50 -35 15 -55 0 0 0 0
18 -42 15 0 5 5 80 185 30 -10 0 -95 250 -70 100 5 5 -5 130 95 -105 -65 0 0 50 -35 15 -25 0 0 0 0
18 -42 15 0 5 5 80 185 30 -10 0 -95 250 -70 100 -15 5 -5 130 95 -105 -40 0 0 50 -35 15 -40 0 0 0 0
18 -42 15 0 5 5 80 185 30 -10 0 -95 250 -70 100 15 5 -5 130 95 -105 -60 0 0 50 -35 15 -20 0 0 0 0
18 -42 15 0 5 5 80 185 30 -10 0 -95 250 -70 100 -30 5 -5 130 95 -105 -40 0 0 50 -35 15 -45 0 0 0 0
18 -42 15 0 5 5 80 185 30 -10 0 -95 250 -70 100 -65 5 -5 130 95 -105 -30 0 0 50 -35 15 -65 0 0 0 0
18 -42 15 0 5 5 80 185 30 -10 0 -95 250 -70 100 -30 5 -5 130 95 -105 -60 0 0 50 -35 15 -55 0 0 0 0
18 -42 15 0 5 5 80 185 30 -10 0 -95 250 -70 100 5 5 -5 130 95 -105 -65 0 0 50 -35 15 -25 0 0 0 0
18 -42 15 0 5 5 80 185 30 -10 0 -95 250 -70 100 -15 5 -5 130 95 -105 -40 0 0 50 -35 15 -40 0 0 0 0
18 -42 15 0 5 5 80 185 30 -10 0 -95 250 -70 100 15 5 -5 130 95 -105 -60 0 0 50 -35 15 -20 0 0 0 0
18 -42 15 0 5 5 80 185 30 -10 0 -95 250 -70 100 -30 5 -5 130 95 -105 -40 0 0 50 -35 15 -45 0 0 0 0
18 -42 15 0 5 5 80 185 30 -10 0 -95 250 -70 100 -65 5 -5 130 95 -105 -30 0 0 50 -35 15 -65 0 0 0 0
18 -42 15 0 5 5 80 185 30 -10 0 -95 250 -70 100 -30 5 -5 130 95 -105 -60 0 0 50 -35 15 -55 0 0 0 0
18 -42 15 0 5 5 80 185 30 -10 0 -95 250 -70 100 5 5 -5 130 95 -105 -65 0 0 50 -35 15 -25 0 0 0 0
18 -42 15 0 5 5 80 185 30 -10 0 -95 250 -70 100 -15 5 -5 130 95 -105 -40 0 0 50 -35 15 -40 0 0 0 0
18 -42 15 0 5 5 80 185 30 -10 0 -95 250 -70 100 15 5 -5 130 95 -105 -60 0 0 50 -35 15 -20 0 0 0 0
18 -42 15 0 5 5 80 185 30 -10 0 -95 250 -70 100 -30 5 -5 130 95 -105 -40 0 0 50 -35 15 -45 0 0 0 0
18 -42 15 0 5 5 80 185 30 -10 0 -95 250 -70 100 -65 5 -5 130 95 -105 -30 0 0 50 -35 15 -65 0 0 0 0
18 -42 15 0 5 5 80 185 30 -10 0 -95 250 -70 100 -30 5 -5 130 95 -105 -60 0 0 50 -35 15 -55 0 0 0 0
18 -42 15 0 5 5 80 185 30 -10 0 -95 250 -70 100 5 5 -5 130 95 -105 -65 0 0 50 -35 15 -25 0 0 0 0
18 -42 15 0 5 5 80 185 30 -10 0 -95 250 -70 100 -15 5 -5 130 95 -105 -40 0 0 50 -35 15 -40 0 0 0 0
18 -42 15 0 5 5 80 185 30 -10 0 -95 250 -70 100 15 5 -5 130 95 -105 -60 0 0 50 -35 15 -20 0 0 0 0
18 -42 15 0 5 5 80 185 30 -10 0 -95 250 -70 100 -30 5 -5 130 95 -105 -40 0 0 50 -35 15 -45 0 0 0 0
18 -42 15 0 5 5 80 185 30 -10 0 -95 250 -70 100 -65 5 -5 130 95 -105 -30 0 0 50 -35 15 -65 0 0 0 0
18 -42 15 0 5 5 80 185 30 -10 0 -95 250 -70 100 -30 5 -5 130 95 -105 -60 0 0 50 -35 15 -55 0 0 0 0
18 -42 15 0 5 5 80 185 30 -10 0 -95 250 -70 100 5 5 -5 130 95 -105 -65 0 0 50 -35 15 -25 0 0 0 0
18 -42 15 0 5 5 80 185 30 -10 0 -95 250 -70 100 -15 5 -5 130 95 -105 -40 0 0 50 -35 15 -40 0 0 0 0
18 -42 15 0 5 5 80 185 30 -10 0 -95 250 -70 100 15 5 -5 130 95 -105 -60 0 0 50 -35 15 -20 0 0 0 0
18 -42 15 0 5 5 80 185 30 -10 0 -95 250 -70 100 -30 5 -5 130 95 -105 -40 0 0 50 -35 15 -45 0 0 0 0
18 -42 15 0 5 5 80 185 30 -10 0 -95 250 -70 100 -65 5 -5 130 95 -105 -30 0 0 50 -35 15 -65 0 0 0 0
18 -42 15 0 5 5 80 185 30 -10 0 -95 250 -70 100 -30 5 -5 130 95 -105 -60 0 0 50 -35 15 -55 0 0 0 0
18 -42 15 0 5 5 80 185 30 -10 0 -95 250 -70 100 5 5 -5 130 95 -105 -65 0 0 50 -35 15 -25 0 0 0 0
18 -42 15 0 5 5 80 185 30 -10 0 -95 250 -70 100 -15 5 -5 130 95 -105 -40 0 0 50 -35 15 -40 0 0 0 0
18 -42 15 0 5 5 80 185 30 -10 0 -95 250 -70 100 15 5 -5 130 95 -105 -60 0 0 50 -35 15 -20 0 0 0 0
18 -42 15 0 5 5 80 185 30 -10 0 -95 250 -70 100 -30 5 -5 130 95 -105 -40 0 0 50 -35 15 -45 0 0 0 0
18 -42 15 0 5 5 80 185 30 -10 0 -95 250 -70 100 -65 5 -5 130 95 -105 -30 0 0 50 -35 15 -65 0 0 0 0
18 -42 15 0 5 5 80 185 30 -10 0 -95 250 -70 100 -30 5 -5 130 95 -105 -60 0 0 50 -35 15 -55 0 0 0 0
18 -42 15 0 5 5 80 185 30 -10 0 -95 250 -70 100 5 5 -5 130 95 -105 -65 0 0 50 -35 15 -25 0 0 0 0
18 -42 15 0 5 5 80 185 30 -10 0 -95 250 -70 100 -15 5 -5 130 95 -105 -40 0 0 50 -35 15 -40 0 0 0 0
18 -42 15 0 5 5 80 185 30 -10 0 -95 250 -70 100 15 5 -5 130 95 -105 -60 0 0 50 -35 15 -20 0 0 0 0
18 -42 15 0 5 5 80 185 30 -10 0 -95 250 -70 100 -30 5 -5 130 95 -105 -40 0 0 50 -35 15 -45 0 0 0 0
18 -42 15 0 5 5 80 185 30 -10 0 -95 250 -70 100 -65 5 -5 130 95 -105 -30 0 0 50 -35 15 -65 0 0 0 0
18 -42 15 0 5 5 80 185 30 -10 0 -95 250 -70 100 -30 5 -5 130 95 -105 -60 0 0 50 -35 15 -55 0 0 0 0
18 -42 15 0 5 5 80 185 30 -10 0 -95 250 -70 100 5 5 -5 130 95 -105 -65 0 0 50 -35 15 -25 0 0 0 0
18 -42 15 0 5 5 80 185 30 -10 0 -95 250 -70 100 -15 5 -5 130 95 -105 -40 0 0 50 -35 15 -40 0 0 0 0
18 -42 15 0 5 5 80 185 30 -10 0 -95 250 -70 100 15 5 -5 130 95 -105 -60 0 0 50 -35 15 -20 0 0 0 0
18 -42 15 0 5 5 80 185 30 -10 0 -95 250 -70 100 -30 5 -5 130 95 -105 -40 0 0 50 -35 15 -45 0 0 0 0
18 -42 15 0 5 5 80 185 30 -10 0 -95 250 -70 100 -65 5 -5 130 95 -105 -30 0 0 50 -35 15 -65 0 0 0 0
18 -42 15 0 5 5 80 185 30 -10 0 -95 250 -70 100 -30 5 -5 130 95 -105 -60 0 0 50 -35 15 -55 0 0 0 0
18 -42 15 0 5 5 80 185 30 -10 0 -95 250 -70 100 5 5 -5 130 95 -105 -65 0 0 50 -35 15 -25 0 0 0 0
18 -42 15 0 5 5 80 185 30 -10 0 -95 250 -70 100 -15 5 -5 130 95 -105 -40 0 0 50 -35 15 -40 0 0 0 0
18 -42 15 0 5 5 80 185 30 -10 0 -95 250 -70 100 15 5 -5 130 95 -105 -60 0 0 50 -35 15 -20 0 0 0 0
18 -42 15 0 5 5 80 185 30 -10 0 -95 250 -70 100 -30 5 -5 130 95 -105 -40 0 0 50 -35 15 -45 0 0 0 0
18 -42 15 0 5 5 80 185 30 -10 0 -95 250 -70 100 -65 5 -5 130 95 -105 -30 0 0 50 -35 15 -65 0 0 0 0
18 -42 15 0 5 5 80 185 30 -10 0 -95 250 -70 100 -30 5 -5 130 95 -105 -60 0 0 50 -35 15 -55 0 0 0 0
18 -42 15 0 5 5 80 185 30 -10 0 -95 250 -70 100 5 5 -5 130 95 -105 -65 0 0 50 -35 15 -25 0 0 0 0
18 -42 15 0 5 5 80 185 30 -10 0 -95 250 -70 100 -15 5 -5 130 95 -105 -40 0 0 50 -35 15 -40 0 0 0 0
18 -42 15 0 5 5 80 185 30 -10 0 -95 250 -70 100 15 5 -5 130 95 -105 -60 0 0 50 -35 15 -20 0 0 0 0
18 -42 15 0 5 5 80 185 30 -10 0 -95 250 -70 100 -30 5 -5 130 95 -105 -40 0 0 50 -35 15 -45 0 0 0 0
18 -42 15 0 5 5 80 185 30 -10 0 -95 250 -70 100 -65 5 -5 130 95 -105 -30 0 0 50 -35 15 -65 0 0 0 0
18 -42 15 0 5 5 80 185 30 -10 0 -95 250 -70 100 -30 5 -5 130 95 -105 -60 0 0 50 -35 15 -55 0 0 0 0
18 -42 15 0 5 5 80 185 30 -10 0 -95 250 -70 100 5 5 -5 130 95 -105 -65 0 0 50 -35 15 -25 0 0 0 0
18 -42 15 0 5 5 80 185 30 -10 0 -95 250 -70 100 -15 5 -5 130 95 -105 -40 0 0 50 -35 15 -40 0 0 0 0
18 -42 15 0 5 5 80 185 30 -10 0 -95 250 -70 100 15 5 -5 130 95 -105 -60 0 0 50 -35 15 -20 0 0 0 0
18 -42 15 0 5 5 80 185 30 -10 0 -95 250 -70 100 -30 5 -5 130 95 -105 -40 0 0 50 -35 15 -45 0 0 0 0
18 -42 15 0 5 5 80 185 30 -10 0 -95 250 -70 100 -65 5 -5 130 95 -105 -30 0 0 50 -35 15 -65 0 0 0 0
18 -42 15 0 5 5 80 185 30 -10 0 -95 250 -70 100 -30 5 -5 130 95 -105 -60 0 0 50 -35 15 -55 0 0 0 0
18 -42 15 0 5 5 80 185 30 -10 0 -95 250 -70 100 5 5 -5 130 95 -105 -65 0 0 50 -35 15 -25 0 0 0 0
18 -42 15 0 5 5 80 185 30 -10 0 -95 250 -70 100 -15 5 -5 130 95 -105 -40 0 0 50 -35 15 -40 0 0 0 0
18 -42 15 0 5 5 80 185 30 -10 0 -95 250 -70 100 15 5 -5 130 95 -105 -60 0 0 50 -35 15 -20 0 0 0 0
18 -42 15 0 5 5 80 185 30 -10 0 -95 250 -70 100 -30 5 -5 130 95 -105 -40 0 0 50 -35 15 -45 0 0 0 0
18 -42 15 0 5 5 80 185 30 -10 0 -95 250 -70 100 -65 5 -5 130 95 -105 -30 0 0 50 -35 15 -65 0 0 0 0
18 -42 15 0 5 5 80 185 30 -10 0 -95 250 -70 100 -30 5 -5 130 95 -105 -60 0 0 50 -35 15 -55 0 0 0 0
18 -42 15 0 5 5 80 185 30 -10 0 -95 250 -70 100 5 5 -5 130 95 -105 -65 0 0 50 -35 15 -25 0 0 0 0
18 -42 15 0 5 5 80 185 30 -10 0 -95 250 -70 100 -15 5 -5 130 95 -105 -40 0 0 50 -35 15 -40 0 0 0 0
18 -42 15 0 5 5 80 185 30 -10 0 -95 250 -70 100 15 5 -5 130 95 -105 -60 0 0 50 -35 15 -20 0 0 0 0
18 -42 15 0 5 5 80 185 30 -10 0 -95 250 -70 100 -30 5 -5 130 95 -105 -40 0 0 50 -35 15 -45 0 0 0 0
18 -42 15 0 5 5 80 185 30 -10 0 -95 250 -70 100 -65 5 -5 130 95 -105 -30 0 0 50 -35 15 -65 0 0 0 0
18 -42 15 0 5 5 80 185 30 -10 0 -95 250 -70 100 -30 5 -5 130 95 -105 -60 0 0 50 -35 15 -55 0 0 0 0
18 -42 15 0 5 5 80 185 30 -10 0 -95 250 -70 100 5 5 -5 130 95 -105 -65 0 0 50 -35 15 -25 0 0 0 0
18 -42 15 0 5 5 80 185 30 -10 0 -95 250 -70 100 -15 5 -5 130 95 -105 -40 0 0 50 -35 15 -40 0 0 0 0
18 -42 15 0 5 5 80 185 30 -10 0 -95 250 -70 100 15 5 -5 130 95 -105 -60 0 0 50 -35 15 -20 0 0 0 0
18 -42 15 0 5 5 80 185 30 -10 0 -95 250 -70 100 -30 5 -5 130 95 -105 -40 0 0 50 -35 15 -45 0 0 0 0
18 -42 15 0 5 5 80 185 30 -10 0 -95 250 -70 100 -65 5 -5 130 95 -105 -30 0 0 50 -35 15 -65 0 0 0 0
18 -42 15 0 5 5 80 185 30 -10 0 -95 250 -70 100 -30 5 -5 130 95 -105 -60 0 0 50 -35 15 -55 0 0 0 0
18 -42 15 0 5 5 80 185 30 -10 0 -95 250 -70 100 5 5 -5 130 95 -105 -65 0 0 50 -35 15 -25 0 0 0 0
18 -42 15 0 5 5 80 185 30 -10 0 -95 250 -70 100 -15 5 -5 130 95 -105 -40 0 0 50 -35 15 -40 0 0 0 0
18 -42 15 0 5 5 80 185 30 -10 0 -95 250 -70 100 15 5 -5 130 95 -105 -60 0 0 50 -35 15 -20 0 0 0 0
18 -42 15 0 5 5 80 185 30 -10 0 -95 250 -70 100 -30 5 -5 130 95 -105 -40 0 0 50 -35 15 -45 0 0 0 0
18 -42 15 0 5 5 80 185 30 -10 0 -95 250 -70 100 -65 5 -5 130 95 -105 -30 0 0 50 -35 15 -65 0 0 0 0
18 -42 15 0 5 5 80 185 30 -10 0 -95 250 -70 100 -30 5 -5 130 95 -105 -60 0 0 50 -35 15 -55 0 0 0 0
18 -42 15 0 5 5 80 185 30 -10 0 -95 250 -70 100 5 5 -5 130 95 -105 -65 0 0 50 -35 15 -25 0 0 0 0
