0 0 0 0 0 0 0 0 0 0 0 0 0 0 0 0 0 0 0 0 0 0 0 0 0 0 0 0 0 0 0 0
0 0 0 0 0 0 0 0 0 0 0 0 0 0 0 0 0 0 0 0 0 0 0 0 0 0 0 0 0 0 0 0
0 0 0 0 0 0 0 0 0 0 0 0 0 0 0 0 0 0 0 0 0 0 0 0 0 0 0 0 0 0 0 0
0 0 0 0 0 0 0 0 0 0 0 0 0 0 0 0 0 0 0 0 0 0 0 0 0 0 0 0 0 0 0 0
0 0 0 0 0 0 0 0 0 0 0 0 0 0 0 0 0 0 0 0 0 0 0 0 0 0 0 0 0 0 0 0
0 0 0 0 0 0 0 0 0 0 0 0 0 0 0 0 0 0 0 0 0 0 0 0 0 0 0 0 0 0 0 0
0 0 0 0 0 0 0 0 0 0 0 0 0 0 0 0 0 0 0 0 0 0 0 0 0 0 0 0 0 0 0 0
0 0 0 0 0 0 0 0 0 0 0 0 0 0 0 0 0 0 0 0 0 0 0 0 0 0 0 0 0 0 0 0
0 0 0 0 0 0 0 0 0 0 0 0 0 0 0 0 0 0 0 0 0 0 0 0 0 0 0 0 0 0 0 0
0 0 0 0 0 0 0 0 0 0 0 0 0 0 0 0 0 0 0 0 0 0 0 0 0 0 0 0 0 0 0 0
0 0 0 0 0 0 0 0 0 0 0 0 0 0 0 0 0 0 0 0 0 0 0 0 0 0 0 0 0 0 0 0
0 0 0 0 0 0 0 0 0 0 0 0 0 0 0 0 0 0 0 0 0 0 0 0 0 0 0 0 0 0 0 0
0 0 0 0 0 0 0 0 0 0 0 0 0 0 0 0 0 0 0 0 0 0 0 0 0 0 0 0 0 0 0 0
0 0 0 0 0 0 0 0 0 0 0 0 0 0 0 0 0 0 0 0 0 0 0 0 0 0 0 0 0 0 0 0
0 0 0 0 0 0 0 0 0 0 0 0 0 0 0 0 0 0 0 0 0 0 0 0 0 0 0 0 0 0 0 0
0 0 0 0 0 0 0 0 0 0 0 0 0 0 0 0 0 0 0 0 0 0 0 0 0 0 0 0 0 0 0 0
0 0 0 0 0 0 0 0 0 0 0 0 0 0 0 0 0 0 0 0 0 0 0 0 0 0 0 0 0 0 0 0
0 0 0 0 0 0 0 0 0 0 0 0 0 0 0 0 0 0 0 0 0 0 0 0 0 0 0 0 0 0 0 0
0 0 0 0 0 0 0 0 0 0 0 0 0 0 0 0 0 0 0 0 0 0 0 0 0 0 0 0 0 0 0 0
0 0 0 0 0 0 0 0 0 0 0 0 0 0 0 0 0 0 0 0 0 0 0 0 0 0 0 0 0 0 0 0
0 0 0 0 0 0 0 0 0 0 0 0 0 0 0 0 0 0 0 0 0 0 0 0 0 0 0 0 0 0 0 0
0 0 0 0 0 0 0 0 0 0 0 0 0 0 0 0 0 0 0 0 0 0 0 0 0 0 0 0 0 0 0 0
0 0 0 0 0 0 0 0 0 0 0 0 0 0 0 0 0 0 0 0 0 0 0 0 0 0 0 0 0 0 0 0
0 0 0 0 0 0 0 0 0 0 0 0 0 0 0 0 0 0 0 0 0 0 0 0 0 0 0 0 0 0 0 0
0 0 0 0 0 0 0 0 0 0 0 0 0 0 0 0 0 0 0 0 0 0 0 0 0 0 0 0 0 0 0 0
0 0 0 0 0 0 0 0 0 0 0 0 0 0 0 0 0 0 0 0 0 0 0 0 0 0 0 0 0 0 0 0
0 0 0 0 0 0 0 0 0 0 0 0 0 0 0 0 0 0 0 0 0 0 0 0 0 0 0 0 0 0 0 0
0 0 0 0 0 0 0 0 0 0 0 0 0 0 0 0 0 0 0 0 0 0 0 0 0 0 0 0 0 0 0 0
0 0 0 0 0 0 0 0 0 0 0 0 0 0 0 0 0 0 0 0 0 0 0 0 0 0 0 0 0 0 0 0
0 0 0 0 0 0 0 0 0 0 0 0 0 0 0 0 0 0 0 0 0 0 0 0 0 0 0 0 0 0 0 0
0 0 0 0 0 0 0 0 0 0 0 0 0 0 0 0 0 0 0 0 0 0 0 0 0 0 0 0 0 0 0 0
0 0 0 0 0 0 0 0 0 0 0 0 0 0 0 0 0 0 0 0 0 0 0 0 0 0 0 0 0 0 0 0
0 0 0 0 0 0 0 0 0 0 0 0 0 0 0 0 0 0 0 0 0 0 0 0 0 0 0 0 0 0 0 0
0 0 0 0 0 0 0 0 0 0 0 0 0 0 0 0 0 0 0 0 0 0 0 0 0 0 0 0 0 0 0 0
0 0 0 0 0 0 0 0 0 0 0 0 0 0 0 0 0 0 0 0 0 0 0 0 0 0 0 0 0 0 0 0
0 0 0 0 0 0 0 0 0 0 0 0 0 0 0 0 0 0 0 0 0 0 0 0 0 0 0 0 0 0 0 0
0 0 0 0 0 0 0 0 0 0 0 0 0 0 0 0 0 0 0 0 0 0 0 0 0 0 0 0 0 0 0 0
0 0 0 0 0 0 0 0 0 0 0 0 0 0 0 0 0 0 0 0 0 0 0 0 0 0 0 0 0 0 0 0
0 0 0 0 0 0 0 0 0 0 0 0 0 0 0 0 0 0 0 0 0 0 0 0 0 0 0 0 0 0 0 0
0 0 0 0 0 0 0 0 0 0 0 0 0 0 0 0 0 0 0 0 0 0 0 0 0 0 0 0 0 0 0 0
0 0 0 0 0 0 0 0 0 0 0 0 0 0 0 0 0 0 0 0 0 0 0 0 0 0 0 0 0 0 0 0
0 0 0 0 0 0 0 0 0 0 0 0 0 0 0 0 0 0 0 0 0 0 0 0 0 0 0 0 0 0 0 0
0 0 0 0 0 0 0 0 0 0 0 0 0 0 0 0 0 0 0 0 0 0 0 0 0 0 0 0 0 0 0 0
0 0 0 0 0 0 0 0 0 0 0 0 0 0 0 0 0 0 0 0 0 0 0 0 0 0 0 0 0 0 0 0
0 0 0 0 0 0 0 0 0 0 0 0 0 0 0 0 0 0 0 0 0 0 0 0 0 0 0 0 0 0 0 0
0 0 0 0 0 0 0 0 0 0 0 0 0 0 0 0 0 0 0 0 0 0 0 0 0 0 0 0 0 0 0 0
0 0 0 0 0 0 0 0 0 0 0 0 0 0 0 0 0 0 0 0 0 0 0 0 0 0 0 0 0 0 0 0
0 0 0 0 0 0 0 0 0 0 0 0 0 0 0 0 0 0 0 0 0 0 0 0 0 0 0 0 0 0 0 0
0 0 0 0 0 0 0 0 0 0 0 0 0 0 0 0 0 0 0 0 0 0 0 0 0 0 0 0 0 0 0 0
0 0 0 0 0 0 0 0 0 0 0 0 0 0 0 0 0 0 0 0 0 0 0 0 0 0 0 0 0 0 0 0
0 0 0 0 0 0 0 0 0 0 0 0 0 0 0 0 0 0 0 0 0 0 0 0 0 0 0 0 0 0 0 0
0 0 0 0 0 0 0 0 0 0 0 0 0 0 0 0 0 0 0 0 0 0 0 0 0 0 0 0 0 0 0 0
0 0 0 0 0 0 0 0 0 0 0 0 0 0 0 0 0 0 0 0 0 0 0 0 0 0 0 0 0 0 0 0
0 0 0 0 0 0 0 0 0 0 0 0 0 0 0 0 0 0 0 0 0 0 0 0 0 0 0 0 0 0 0 0
0 0 0 0 0 0 0 0 0 0 0 0 0 0 0 0 0 0 0 0 0 0 0 0 0 0 0 0 0 0 0 0
0 0 0 0 0 0 0 0 0 0 0 0 0 0 0 0 0 0 0 0 0 0 0 0 0 0 0 0 0 0 0 0
0 0 0 0 0 0 0 0 0 0 0 0 0 0 0 0 0 0 0 0 0 0 0 0 0 0 0 0 0 0 0 0
0 0 0 0 0 0 0 0 0 0 0 0 0 0 0 0 0 0 0 0 0 0 0 0 0 0 0 0 0 0 0 0
0 0 0 0 0 0 0 0 0 0 0 0 0 0 0 0 0 0 0 0 0 0 0 0 0 0 0 0 0 0 0 0
0 0 0 0 0 0 0 0 0 0 0 0 0 0 0 0 0 0 0 0 0 0 0 0 0 0 0 0 0 0 0 0
0 0 0 0 0 0 0 0 0 0 0 0 0 0 0 0 0 0 0 0 0 0 0 0 0 0 0 0 0 0 0 0
0 0 0 0 0 0 0 0 0 0 0 0 0 0 0 0 0 0 0 0 0 0 0 0 0 0 0 0 0 0 0 0
0 0 0 0 0 0 0 0 0 0 0 0 0 0 0 0 0 0 0 0 0 0 0 0 0 0 0 0 0 0 0 0
0 0 0 0 0 0 0 0 0 0 0 0 0 0 0 0 0 0 0 0 0 0 0 0 0 0 0 0 0 0 0 0
0 0 0 0 0 0 0 0 0 0 0 0 0 0 0 0 0 0 0 0 0 0 0 0 0 0 0 0 0 0 0 0
0 0 0 0 0 0 0 0 0 0 0 0 0 0 0 0 0 0 0 0 0 0 0 0 0 0 0 0 0 0 0 0
0 0 0 0 0 0 0 0 0 0 0 0 0 0 0 0 0 0 0 0 0 0 0 0 0 0 0 0 0 0 0 0
0 0 0 0 0 0 0 0 0 0 0 0 0 0 0 0 0 0 0 0 0 0 0 0 0 0 0 0 0 0 0 0
0 0 0 0 0 0 0 0 0 0 0 0 0 0 0 0 0 0 0 0 0 0 0 0 0 0 0 0 0 0 0 0
0 0 0 0 0 0 0 0 0 0 0 0 0 0 0 0 0 0 0 0 0 0 0 0 0 0 0 0 0 0 0 0
0 0 0 0 0 0 0 0 0 0 0 0 0 0 0 0 0 0 0 0 0 0 0 0 0 0 0 0 0 0 0 0
0 0 0 0 0 0 0 0 0 0 0 0 0 0 0 0 0 0 0 0 0 0 0 0 0 0 0 0 0 0 0 0
0 0 0 0 0 0 0 0 0 0 0 0 0 0 0 0 0 0 0 0 0 0 0 0 0 0 0 0 0 0 0 0
0 0 0 0 0 0 0 0 0 0 0 0 0 0 0 0 0 0 0 0 0 0 0 0 0 0 0 0 0 0 0 0
0 0 0 0 0 0 0 0 0 0 0 0 0 0 0 0 0 0 0 0 0 0 0 0 0 0 0 0 0 0 0 0
0 0 0 0 0 0 0 0 0 0 0 0 0 0 0 0 0 0 0 0 0 0 0 0 0 0 0 0 0 0 0 0
0 0 0 0 0 0 0 0 0 0 0 0 0 0 0 0 0 0 0 0 0 0 0 0 0 0 0 0 0 0 0 0
0 0 0 0 0 0 0 0 0 0 0 0 0 0 0 0 0 0 0 0 0 0 0 0 0 0 0 0 0 0 0 0
0 0 0 0 0 0 0 0 0 0 0 0 0 0 0 0 0 0 0 0 0 0 0 0 0 0 0 0 0 0 0 0
0 0 0 0 0 0 0 0 0 0 0 0 0 0 0 0 0 0 0 0 0 0 0 0 0 0 0 0 0 0 0 0
0 0 0 0 0 0 0 0 0 0 0 0 0 0 0 0 0 0 0 0 0 0 0 0 0 0 0 0 0 0 0 0
0 0 0 0 0 0 0 0 0 0 0 0 0 0 0 0 0 0 0 0 0 0 0 0 0 0 0 0 0 0 0 0
0 0 0 0 0 0 0 0 0 0 0 0 0 0 0 0 0 0 0 0 0 0 0 0 0 0 0 0 0 0 0 0
0 0 0 0 0 0 0 0 0 0 0 0 0 0 0 0 0 0 0 0 0 0 0 0 0 0 0 0 0 0 0 0
0 0 0 0 0 0 0 0 0 0 0 0 0 0 0 0 0 0 0 0 0 0 0 0 0 0 0 0 0 0 0 0
0 0 0 0 0 0 0 0 0 0 0 0 0 0 0 0 0 0 0 0 0 0 0 0 0 0 0 0 0 0 0 0
0 0 0 0 0 0 0 0 0 0 0 0 0 0 0 0 0 0 0 0 0 0 0 0 0 0 0 0 0 0 0 0
0 0 0 0 0 0 0 0 0 0 0 0 0 0 0 0 0 0 0 0 0 0 0 0 0 0 0 0 0 0 0 0
0 0 0 0 0 0 0 0 0 0 0 0 0 0 0 0 0 0 0 0 0 0 0 0 0 0 0 0 0 0 0 0
0 0 0 0 0 0 0 0 0 0 0 0 0 0 0 0 0 0 0 0 0 0 0 0 0 0 0 0 0 0 0 0
0 0 0 0 0 0 0 0 0 0 0 0 0 0 0 0 0 0 0 0 0 0 0 0 0 0 0 0 0 0 0 0
0 0 0 0 0 0 0 0 0 0 0 0 0 0 0 0 0 0 0 0 0 0 0 0 0 0 0 0 0 0 0 0
0 0 0 0 0 0 0 0 0 0 0 0 0 0 0 0 0 0 0 0 0 0 0 0 0 0 0 0 0 0 0 0
0 0 0 0 0 0 0 0 0 0 0 0 0 0 0 0 0 0 0 0 0 0 0 0 0 0 0 0 0 0 0 0
0 0 0 0 0 0 0 0 0 0 0 0 0 0 0 0 0 0 0 0 0 0 0 0 0 0 0 0 0 0 0 0
0 0 0 0 0 0 0 0 0 0 0 0 0 0 0 0 0 0 0 0 0 0 0 0 0 0 0 0 0 0 0 0
0 0 0 0 0 0 0 0 0 0 0 0 0 0 0 0 0 0 0 0 0 0 0 0 0 0 0 0 0 0 0 0
0 0 0 0 0 0 0 0 0 0 0 0 0 0 0 0 0 0 0 0 0 0 0 0 0 0 0 0 0 0 0 0
0 0 0 0 0 0 0 0 0 0 0 0 0 0 0 0 0 0 0 0 0 0 0 0 0 0 0 0 0 0 0 0
0 0 0 0 0 0 0 0 0 0 0 0 0 0 0 0 0 0 0 0 0 0 0 0 0 0 0 0 0 0 0 0
0 0 0 0 0 0 0 0 0 0 0 0 0 0 0 0 0 0 0 0 0 0 0 0 0 0 0 0 0 0 0 0
0 0 0 0 0 0 0 0 0 0 0 0 0 0 0 0 0 0 0 0 0 0 0 0 0 0 0 0 0 0 0 0
0 0 0 0 0 0 0 0 0 0 0 0 0 0 0 0 0 0 0 0 0 0 0 0 0 0 0 0 0 0 0 0
0 0 0 0 0 0 0 0 0 0 0 0 0 0 0 0 0 0 0 0 0 0 0 0 0 0 0 0 0 0 0 0
0 0 0 0 0 0 0 0 0 0 0 0 0 0 0 0 0 0 0 0 0 0 0 0 0 0 0 0 0 0 0 0
0 0 0 0 0 0 0 0 0 0 0 0 0 0 0 0 0 0 0 0 0 0 0 0 0 0 0 0 0 0 0 0
0 0 0 0 0 0 0 0 0 0 0 0 0 0 0 0 0 0 0 0 0 0 0 0 0 0 0 0 0 0 0 0
0 0 0 0 0 0 0 0 0 0 0 0 0 0 0 0 0 0 0 0 0 0 0 0 0 0 0 0 0 0 0 0
0 0 0 0 0 0 0 0 0 0 0 0 0 0 0 0 0 0 0 0 0 0 0 0 0 0 0 0 0 0 0 0
0 0 0 0 0 0 0 0 0 0 0 0 0 0 0 0 0 0 0 0 0 0 0 0 0 0 0 0 0 0 0 0
0 0 0 0 0 0 0 0 0 0 0 0 0 0 0 0 0 0 0 0 0 0 0 0 0 0 0 0 0 0 0 0
0 0 0 0 0 0 0 0 0 0 0 0 0 0 0 0 0 0 0 0 0 0 0 0 0 0 0 0 0 0 0 0
0 0 0 0 0 0 0 0 0 0 0 0 0 0 0 0 0 0 0 0 0 0 0 0 0 0 0 0 0 0 0 0
0 0 0 0 0 0 0 0 0 0 0 0 0 0 0 0 0 0 0 0 0 0 0 0 0 0 0 0 0 0 0 0
0 0 0 0 0 0 0 0 0 0 0 0 0 0 0 0 0 0 0 0 0 0 0 0 0 0 0 0 0 0 0 0
0 0 0 0 0 0 0 0 0 0 0 0 0 0 0 0 0 0 0 0 0 0 0 0 0 0 0 0 0 0 0 0
0 0 0 0 0 0 0 0 0 0 0 0 0 0 0 0 0 0 0 0 0 0 0 0 0 0 0 0 0 0 0 0
0 0 0 0 0 0 0 0 0 0 0 0 0 0 0 0 0 0 0 0 0 0 0 0 0 0 0 0 0 0 0 0
0 0 0 0 0 0 0 0 0 0 0 0 0 0 0 0 0 0 0 0 0 0 0 0 0 0 0 0 0 0 0 0
0 0 0 0 0 0 0 0 0 0 0 0 0 0 0 0 0 0 0 0 0 0 0 0 0 0 0 0 0 0 0 0
0 0 0 0 0 0 0 0 0 0 0 0 0 0 0 0 0 0 0 0 0 0 0 0 0 0 0 0 0 0 0 0
0 0 0 0 0 0 0 0 0 0 0 0 0 0 0 0 0 0 0 0 0 0 0 0 0 0 0 0 0 0 0 0
0 0 0 0 0 0 0 0 0 0 0 0 0 0 0 0 0 0 0 0 0 0 0 0 0 0 0 0 0 0 0 0
0 0 0 0 0 0 0 0 0 0 0 0 0 0 0 0 0 0 0 0 0 0 0 0 0 0 0 0 0 0 0 0
0 0 0 0 0 0 0 0 0 0 0 0 0 0 0 0 0 0 0 0 0 0 0 0 0 0 0 0 0 0 0 0
0 0 0 0 0 0 0 0 0 0 0 0 0 0 0 0 0 0 0 0 0 0 0 0 0 0 0 0 0 0 0 0
0 0 0 0 0 0 0 0 0 0 0 0 0 0 0 0 0 0 0 0 0 0 0 0 0 0 0 0 0 0 0 0
0 0 0 0 0 0 0 0 0 0 0 0 0 0 0 0 0 0 0 0 0 0 0 0 0 0 0 0 0 0 0 0
0 0 0 0 0 0 0 0 0 0 0 0 0 0 0 0 0 0 0 0 0 0 0 0 0 0 0 0 0 0 0 0
0 0 0 0 0 0 0 0 0 0 0 0 0 0 0 0 0 0 0 0 0 0 0 0 0 0 0 0 0 0 0 0
0 0 0 0 0 0 0 0 0 0 0 0 0 0 0 0 0 0 0 0 0 0 0 0 0 0 0 0 0 0 0 0
0 0 0 0 0 0 0 0 0 0 0 0 0 0 0 0 0 0 0 0 0 0 0 0 0 0 0 0 0 0 0 0
0 0 0 0 0 0 0 0 0 0 0 0 0 0 0 0 0 0 0 0 0 0 0 0 0 0 0 0 0 0 0 0
0 0 0 0 0 0 0 0 0 0 0 0 0 0 0 0 0 0 0 0 0 0 0 0 0 0 0 0 0 0 0 0
0 0 0 0 0 0 0 0 0 0 0 0 0 0 0 0 0 0 0 0 0 0 0 0 0 0 0 0 0 0 0 0
0 0 0 0 0 0 0 0 0 0 0 0 0 0 0 0 0 0 0 0 0 0 0 0 0 0 0 0 0 0 0 0
-6 -42 15 0 0 0 0 0 0 0 0 0 0 0 0 0 0 0 25 0 0 -25 0 0 25 0 0 -25 0 0 0 0
-6 -37 15 0 0 0 0 0 5 0 0 0 0 0 0 0 0 0 25 0 0 -30 0 0 25 0 0 -25 0 0 0 0
-6 -33 15 0 0 0 0 0 5 0 0 0 0 0 0 0 0 0 25 0 0 -30 0 0 25 0 0 -25 0 0 0 0
-6 -29 15 0 0 0 0 0 5 0 0 0 0 0 0 0 0 0 25 0 0 -30 0 0 25 0 0 -25 0 0 0 0
-6 -25 15 0 0 0 0 0 5 0 0 0 0 0 0 0 0 0 25 0 0 -30 0 0 25 0 0 -25 0 0 0 0
-6 -29 15 0 0 0 0 0 5 0 0 0 0 0 0 0 0 0 25 0 0 -30 0 0 25 0 0 -25 0 0 0 0
-6 -34 15 0 0 0 0 0 5 0 0 0 0 0 0 0 0 0 25 0 0 -30 0 0 25 0 0 -25 0 0 0 0
-6 -41 15 0 0 0 0 0 5 0 0 0 0 0 0 0 0 0 25 0 0 -30 0 0 25 0 0 -25 0 0 0 0
-6 -35 15 0 0 0 0 0 5 0 0 0 0 0 0 0 0 0 25 0 0 -30 0 0 25 0 0 -25 0 0 0 0
-6 -35 15 0 0 0 0 0 5 0 0 0 0 0 0 0 0 0 25 0 0 -30 0 0 25 0 0 -25 0 0 0 0
-6 -30 15 0 0 0 0 0 5 0 0 0 0 0 0 0 0 0 25 0 0 -30 0 0 25 0 0 -25 0 0 0 0
-6 -41 15 0 0 0 0 0 5 0 0 0 0 0 0 0 0 0 25 0 0 -30 0 0 25 0 0 -25 0 0 0 0
-6 -42 15 0 0 0 0 0 0 0 0 0 0 0 0 0 0 0 25 0 0 -25 0 0 25 0 0 -25 0 0 0 0
-6 -37 15 0 0 0 0 0 5 0 0 0 0 0 0 0 0 0 25 0 0 -30 0 0 25 0 0 -25 0 0 0 0
-6 -33 15 0 0 0 0 0 5 0 0 0 0 0 0 0 0 0 25 0 0 -30 0 0 25 0 0 -25 0 0 0 0
-6 -29 15 0 0 0 0 0 5 0 0 0 0 0 0 0 0 0 25 0 0 -30 0 0 25 0 0 -25 0 0 0 0
-6 -25 15 0 0 0 0 0 5 0 0 0 0 0 0 0 0 0 25 0 0 -30 0 0 25 0 0 -25 0 0 0 0
-6 -29 15 0 0 0 0 0 5 0 0 0 0 0 0 0 0 0 25 0 0 -30 0 0 25 0 0 -25 0 0 0 0
-6 -34 15 0 0 0 0 0 5 0 0 0 0 0 0 0 0 0 25 0 0 -30 0 0 25 0 0 -25 0 0 0 0
-6 -41 15 0 0 0 0 0 5 0 0 0 0 0 0 0 0 0 25 0 0 -30 0 0 25 0 0 -25 0 0 0 0
-6 -35 15 0 0 0 0 0 5 0 0 0 0 0 0 0 0 0 25 0 0 -30 0 0 25 0 0 -25 0 0 0 0
-6 -35 15 0 0 0 0 0 5 0 0 0 0 0 0 0 0 0 25 0 0 -30 0 0 25 0 0 -25 0 0 0 0
-6 -30 15 0 0 0 0 0 5 0 0 0 0 0 0 0 0 0 25 0 0 -30 0 0 25 0 0 -25 0 0 0 0
-6 -41 15 0 0 0 0 0 5 0 0 0 0 0 0 0 0 0 25 0 0 -30 0 0 25 0 0 -25 0 0 0 0
-6 -42 15 0 0 0 0 0 0 0 0 0 0 0 0 0 0 0 25 0 0 -25 0 0 25 0 0 -25 0 0 0 0
-6 -37 15 0 0 0 0 0 5 0 0 0 0 0 0 0 0 0 25 0 0 -30 0 0 25 0 0 -25 0 0 0 0
-6 -33 15 0 0 0 0 0 5 0 0 0 0 0 0 0 0 0 25 0 0 -30 0 0 25 0 0 -25 0 0 0 0
-6 -29 15 0 0 0 0 0 5 0 0 0 0 0 0 0 0 0 25 0 0 -30 0 0 25 0 0 -25 0 0 0 0
-6 -25 15 0 0 0 0 0 5 0 0 0 0 0 0 0 0 0 25 0 0 -30 0 0 25 0 0 -25 0 0 0 0
-6 -29 15 0 0 0 0 0 5 0 0 0 0 0 0 0 0 0 25 0 0 -30 0 0 25 0 0 -25 0 0 0 0
-6 -34 15 0 0 0 0 0 5 0 0 0 0 0 0 0 0 0 25 0 0 -30 0 0 25 0 0 -25 0 0 0 0
-6 -41 15 0 0 0 0 0 5 0 0 0 0 0 0 0 0 0 25 0 0 -30 0 0 25 0 0 -25 0 0 0 0
-6 -35 15 0 0 0 0 0 5 0 0 0 0 0 0 0 0 0 25 0 0 -30 0 0 25 0 0 -25 0 0 0 0
-6 -35 15 0 0 0 0 0 5 0 0 0 0 0 0 0 0 0 25 0 0 -30 0 0 25 0 0 -25 0 0 0 0
-6 -30 15 0 0 0 0 0 5 0 0 0 0 0 0 0 0 0 25 0 0 -30 0 0 25 0 0 -25 0 0 0 0
-6 -41 15 0 0 0 0 0 5 0 0 0 0 0 0 0 0 0 25 0 0 -30 0 0 25 0 0 -25 0 0 0 0
-6 -42 15 0 0 0 0 0 0 0 0 0 0 0 0 0 0 0 25 0 0 -25 0 0 25 0 0 -25 0 0 0 0
-6 -37 15 0 0 0 0 0 5 0 0 0 0 0 0 0 0 0 25 0 0 -30 0 0 25 0 0 -25 0 0 0 0
-6 -33 15 0 0 0 0 0 5 0 0 0 0 0 0 0 0 0 25 0 0 -30 0 0 25 0 0 -25 0 0 0 0
-6 -29 15 0 0 0 0 0 5 0 0 0 0 0 0 0 0 0 25 0 0 -30 0 0 25 0 0 -25 0 0 0 0
-6 -25 15 0 0 0 0 0 5 0 0 0 0 0 0 0 0 0 25 0 0 -30 0 0 25 0 0 -25 0 0 0 0
-6 -29 15 0 0 0 0 0 5 0 0 0 0 0 0 0 0 0 25 0 0 -30 0 0 25 0 0 -25 0 0 0 0
-6 -34 15 0 0 0 0 0 5 0 0 0 0 0 0 0 0 0 25 0 0 -30 0 0 25 0 0 -25 0 0 0 0
-6 -41 15 0 0 0 0 0 5 0 0 0 0 0 0 0 0 0 25 0 0 -30 0 0 25 0 0 -25 0 0 0 0
-6 -35 15 0 0 0 0 0 5 0 0 0 0 0 0 0 0 0 25 0 0 -30 0 0 25 0 0 -25 0 0 0 0
-6 -35 15 0 0 0 0 0 5 0 0 0 0 0 0 0 0 0 25 0 0 -30 0 0 25 0 0 -25 0 0 0 0
-6 -30 15 0 0 0 0 0 5 0 0 0 0 0 0 0 0 0 25 0 0 -30 0 0 25 0 0 -25 0 0 0 0
-6 -41 15 0 0 0 0 0 5 0 0 0 0 0 0 0 0 0 25 0 0 -30 0 0 25 0 0 -25 0 0 0 0
-6 -42 15 0 0 0 0 0 0 0 0 0 0 0 0 0 0 0 25 0 0 -25 0 0 25 0 0 -25 0 0 0 0
-6 -37 15 0 0 0 0 0 5 0 0 0 0 0 0 0 0 0 25 0 0 -30 0 0 25 0 0 -25 0 0 0 0
-6 -33 15 0 0 0 0 0 5 0 0 0 0 0 0 0 0 0 25 0 0 -30 0 0 25 0 0 -25 0 0 0 0
-6 -29 15 0 0 0 0 0 5 0 0 0 0 0 0 0 0 0 25 0 0 -30 0 0 25 0 0 -25 0 0 0 0
-6 -25 15 0 0 0 0 0 5 0 0 0 0 0 0 0 0 0 25 0 0 -30 0 0 25 0 0 -25 0 0 0 0
-6 -29 15 0 0 0 0 0 5 0 0 0 0 0 0 0 0 0 25 0 0 -30 0 0 25 0 0 -25 0 0 0 0
-6 -34 15 0 0 0 0 0 5 0 0 0 0 0 0 0 0 0 25 0 0 -30 0 0 25 0 0 -25 0 0 0 0
-6 -41 15 0 0 0 0 0 5 0 0 0 0 0 0 0 0 0 25 0 0 -30 0 0 25 0 0 -25 0 0 0 0
-6 -35 15 0 0 0 0 0 5 0 0 0 0 0 0 0 0 0 25 0 0 -30 0 0 25 0 0 -25 0 0 0 0
-6 -35 15 0 0 0 0 0 5 0 0 0 0 0 0 0 0 0 25 0 0 -30 0 0 25 0 0 -25 0 0 0 0
-6 -30 15 0 0 0 0 0 5 0 0 0 0 0 0 0 0 0 25 0 0 -30 0 0 25 0 0 -25 0 0 0 0
-6 -41 15 0 0 0 0 0 5 0 0 0 0 0 0 0 0 0 25 0 0 -30 0 0 25 0 0 -25 0 0 0 0
-6 -42 15 0 0 0 0 0 0 0 0 0 0 0 0 0 0 0 25 0 0 -25 0 0 25 0 0 -25 0 0 0 0
-6 -37 15 0 0 0 0 0 5 0 0 0 0 0 0 0 0 0 25 0 0 -30 0 0 25 0 0 -25 0 0 0 0
-6 -33 15 0 0 0 0 0 5 0 0 0 0 0 0 0 0 0 25 0 0 -30 0 0 25 0 0 -25 0 0 0 0
-6 -29 15 0 0 0 0 0 5 0 0 0 0 0 0 0 0 0 25 0 0 -30 0 0 25 0 0 -25 0 0 0 0
-6 -25 15 0 0 0 0 0 5 0 0 0 0 0 0 0 0 0 25 0 0 -30 0 0 25 0 0 -25 0 0 0 0
-6 -29 15 0 0 0 0 0 5 0 0 0 0 0 0 0 0 0 25 0 0 -30 0 0 25 0 0 -25 0 0 0 0
-6 -34 15 0 0 0 0 0 5 0 0 0 0 0 0 0 0 0 25 0 0 -30 0 0 25 0 0 -25 0 0 0 0
-6 -41 15 0 0 0 0 0 5 0 0 0 0 0 0 0 0 0 25 0 0 -30 0 0 25 0 0 -25 0 0 0 0
-6 -35 15 0 0 0 0 0 5 0 0 0 0 0 0 0 0 0 25 0 0 -30 0 0 25 0 0 -25 0 0 0 0
-6 -35 15 0 0 0 0 0 5 0 0 0 0 0 0 0 0 0 25 0 0 -30 0 0 25 0 0 -25 0 0 0 0
-6 -30 15 0 0 0 0 0 5 0 0 0 0 0 0 0 0 0 25 0 0 -30 0 0 25 0 0 -25 0 0 0 0
-6 -41 15 0 0 0 0 0 5 0 0 0 0 0 0 0 0 0 25 0 0 -30 0 0 25 0 0 -25 0 0 0 0
-6 -42 15 0 0 0 0 0 0 0 0 0 0 0 0 0 0 0 25 0 0 -25 0 0 25 0 0 -25 0 0 0 0
-6 -37 15 0 0 0 0 0 5 0 0 0 0 0 0 0 0 0 25 0 0 -30 0 0 25 0 0 -25 0 0 0 0
-6 -33 15 0 0 0 0 0 5 0 0 0 0 0 0 0 0 0 25 0 0 -30 0 0 25 0 0 -25 0 0 0 0
-6 -29 15 0 0 0 0 0 5 0 0 0 0 0 0 0 0 0 25 0 0 -30 0 0 25 0 0 -25 0 0 0 0
-6 -25 15 0 0 0 0 0 5 0 0 0 0 0 0 0 0 0 25 0 0 -30 0 0 25 0 0 -25 0 0 0 0
-6 -29 15 0 0 0 0 0 5 0 0 0 0 0 0 0 0 0 25 0 0 -30 0 0 25 0 0 -25 0 0 0 0
-6 -34 15 0 0 0 0 0 5 0 0 0 0 0 0 0 0 0 25 0 0 -30 0 0 25 0 0 -25 0 0 0 0
-6 -41 15 0 0 0 0 0 5 0 0 0 0 0 0 0 0 0 25 0 0 -30 0 0 25 0 0 -25 0 0 0 0
-6 -35 15 0 0 0 0 0 5 0 0 0 0 0 0 0 0 0 25 0 0 -30 0 0 25 0 0 -25 0 0 0 0
-6 -35 15 0 0 0 0 0 5 0 0 0 0 0 0 0 0 0 25 0 0 -30 0 0 25 0 0 -25 0 0 0 0
-6 -30 15 0 0 0 0 0 5 0 0 0 0 0 0 0 0 0 25 0 0 -30 0 0 25 0 0 -25 0 0 0 0
-6 -41 15 0 0 0 0 0 5 0 0 0 0 0 0 0 0 0 25 0 0 -30 0 0 25 0 0 -25 0 0 0 0
-6 -42 15 0 0 0 0 0 0 0 0 0 0 0 0 0 0 0 25 0 0 -25 0 0 25 0 0 -25 0 0 0 0
-6 -37 15 0 0 0 0 0 5 0 0 0 0 0 0 0 0 0 25 0 0 -30 0 0 25 0 0 -25 0 0 0 0
-6 -33 15 0 0 0 0 0 5 0 0 0 0 0 0 0 0 0 25 0 0 -30 0 0 25 0 0 -25 0 0 0 0
-6 -29 15 0 0 0 0 0 5 0 0 0 0 0 0 0 0 0 25 0 0 -30 0 0 25 0 0 -25 0 0 0 0
-6 -25 15 0 0 0 0 0 5 0 0 0 0 0 0 0 0 0 25 0 0 -30 0 0 25 0 0 -25 0 0 0 0
-6 -29 15 0 0 0 0 0 5 0 0 0 0 0 0 0 0 0 25 0 0 -30 0 0 25 0 0 -25 0 0 0 0
-6 -34 15 0 0 0 0 0 5 0 0 0 0 0 0 0 0 0 25 0 0 -30 0 0 25 0 0 -25 0 0 0 0
-6 -41 15 0 0 0 0 0 5 0 0 0 0 0 0 0 0 0 25 0 0 -30 0 0 25 0 0 -25 0 0 0 0
-6 -35 15 0 0 0 0 0 5 0 0 0 0 0 0 0 0 0 25 0 0 -30 0 0 25 0 0 -25 0 0 0 0
-6 -35 15 0 0 0 0 0 5 0 0 0 0 0 0 0 0 0 25 0 0 -30 0 0 25 0 0 -25 0 0 0 0
-6 -30 15 0 0 0 0 0 5 0 0 0 0 0 0 0 0 0 25 0 0 -30 0 0 25 0 0 -25 0 0 0 0
-6 -41 15 0 0 0 0 0 5 0 0 0 0 0 0 0 0 0 25 0 0 -30 0 0 25 0 0 -25 0 0 0 0
-6 -42 15 0 0 0 0 0 0 0 0 0 0 0 0 0 0 0 25 0 0 -25 0 0 25 0 0 -25 0 0 0 0
-6 -37 15 0 0 0 0 0 5 0 0 0 0 0 0 0 0 0 25 0 0 -30 0 0 25 0 0 -25 0 0 0 0
-6 -33 15 0 0 0 0 0 5 0 0 0 0 0 0 0 0 0 25 0 0 -30 0 0 25 0 0 -25 0 0 0 0
-6 -29 15 0 0 0 0 0 5 0 0 0 0 0 0 0 0 0 25 0 0 -30 0 0 25 0 0 -25 0 0 0 0
-6 -25 15 0 0 0 0 0 5 0 0 0 0 0 0 0 0 0 25 0 0 -30 0 0 25 0 0 -25 0 0 0 0
-6 -29 15 0 0 0 0 0 5 0 0 0 0 0 0 0 0 0 25 0 0 -30 0 0 25 0 0 -25 0 0 0 0
-6 -34 15 0 0 0 0 0 5 0 0 0 0 0 0 0 0 0 25 0 0 -30 0 0 25 0 0 -25 0 0 0 0
-6 -41 15 0 0 0 0 0 5 0 0 0 0 0 0 0 0 0 25 0 0 -30 0 0 25 0 0 -25 0 0 0 0
-6 -35 15 0 0 0 0 0 5 0 0 0 0 0 0 0 0 0 25 0 0 -30 0 0 25 0 0 -25 0 0 0 0
-6 -35 15 0 0 0 0 0 5 0 0 0 0 0 0 0 0 0 25 0 0 -30 0 0 25 0 0 -25 0 0 0 0
-6 -30 15 0 0 0 0 0 5 0 0 0 0 0 0 0 0 0 25 0 0 -30 0 0 25 0 0 -25 0 0 0 0
-6 -41 15 0 0 0 0 0 5 0 0 0 0 0 0 0 0 0 25 0 0 -30 0 0 25 0 0 -25 0 0 0 0
-6 -41 15 0 0 0 0 0 5 0 0 0 0 0 0 0 0 0 25 0 0 -30 0 0 25 0 0 -25 0 0 0 0
-6 -41 15 0 0 0 0 0 5 0 0 0 0 0 0 0 0 0 25 0 0 -30 0 0 25 0 0 -25 0 0 0 0
-6 -41 15 0 0 0 0 0 5 0 0 0 0 0 0 0 0 0 25 0 0 -30 0 0 25 0 0 -25 0 0 0 0
-6 -41 15 0 0 0 0 0 5 0 0 0 0 0 0 0 0 0 25 0 0 -30 0 0 25 0 0 -25 0 0 0 0
-6 -41 15 0 0 0 0 0 5 0 0 0 0 0 0 0 0 0 25 0 0 -30 0 0 25 0 0 -25 0 0 0 0
-6 -41 15 0 0 0 0 0 5 0 0 0 0 0 0 0 0 0 25 0 0 -30 0 0 25 0 0 -25 0 0 0 0
-6 -41 15 0 0 0 30 0 5 0 0 0 30 0 0 0 0 0 25 0 0 -30 0 0 25 0 0 -25 0 0 0 0
-6 -41 15 0 0 0 60 0 5 0 0 0 60 0 0 0 0 0 25 0 0 -30 0 0 25 0 0 -25 0 0 0 0
-6 -41 15 0 0 0 95 0 5 0 0 0 95 0 0 0 0 0 25 0 0 -30 0 0 25 0 0 -25 0 0 0 0
-6 -41 15 0 0 0 125 0 5 0 0 0 125 0 0 0 0 0 25 0 0 -30 0 0 25 0 0 -25 0 0 0 0
-6 -41 15 0 0 0 160 0 5 0 0 0 160 0 0 0 0 0 25 0 0 -30 0 0 25 0 0 -25 0 0 0 0
-6 -41 15 0 0 0 180 0 5 0 0 0 180 0 0 0 0 0 25 0 0 -30 0 0 25 0 0 -25 0 0 0 0
-6 -41 15 0 10 0 180 0 5 0 0 0 180 0 0 0 0 0 25 0 0 -30 0 0 25 0 0 -25 0 0 0 0
-6 -41 15 0 45 0 180 0 5 0 0 0 180 0 0 0 0 0 25 0 0 -30 0 0 25 0 0 -25 0 0 0 0
-6 -41 15 0 80 0 180 0 5 0 0 0 180 0 0 0 0 0 25 0 0 -30 0 0 25 0 0 -25 0 0 0 0
-6 -41 15 0 120 0 180 0 5 0 0 0 180 0 0 0 0 0 25 0 0 -30 0 0 25 0 0 -25 0 0 0 0
-6 -41 15 0 175 0 180 0 5 0 0 0 180 0 0 0 0 0 25 0 0 -30 0 0 25 0 0 -25 0 0 0 0
-6 -41 15 0 210 0 180 0 5 0 0 0 180 0 0 0 0 0 25 0 0 -30 0 0 25 0 0 -25 0 0 0 0
-6 -41 15 0 260 0 180 0 5 0 0 0 180 0 0 0 0 0 25 0 0 -30 0 0 25 0 0 -25 0 0 0 0
-6 -41 15 0 315 0 180 0 5 0 0 0 180 0 0 0 0 0 25 0 0 -30 0 0 25 0 0 -25 0 0 0 0
-6 -41 15 0 5 0 180 0 5 0 0 0 180 0 0 0 0 0 25 0 0 -30 0 0 25 0 0 -25 0 0 0 0
-6 -41 15 0 70 0 180 0 5 0 0 0 180 0 0 0 0 0 25 0 0 -30 0 0 25 0 0 -25 0 0 0 0
-6 -41 15 0 115 0 180 0 5 0 0 0 180 0 0 0 0 0 25 0 0 -30 0 0 25 0 0 -25 0 0 0 0
-6 -41 15 0 170 0 180 0 5 0 0 0 180 0 0 0 0 0 25 0 0 -30 0 0 25 0 0 -25 0 0 0 0
-6 -41 15 0 245 0 180 0 5 0 0 0 180 0 0 0 0 0 25 0 0 -30 0 0 25 0 0 -25 0 0 0 0
-6 -41 15 0 290 0 180 0 5 0 0 0 180 0 0 0 0 0 25 0 0 -30 0 0 25 0 0 -25 0 0 0 0
-6 -41 15 0 320 0 180 0 5 0 0 0 180 0 0 0 0 0 25 0 0 -30 0 0 25 0 0 -25 0 0 0 0
-6 -41 15 0 345 0 180 0 5 0 0 0 180 0 0 0 0 0 25 0 0 -30 0 0 25 0 0 -25 0 0 0 0
-6 -41 15 0 15 0 180 0 5 0 0 0 180 0 0 0 0 0 25 0 0 -30 0 0 25 0 0 -25 0 0 0 0
-6 -41 15 0 15 0 180 0 -30 0 0 0 180 0 35 0 0 0 25 0 0 -30 0 0 25 0 0 -25 0 0 0 0
-6 -41 15 0 15 0 180 0 -45 0 0 0 180 0 50 0 0 0 25 0 0 -30 0 0 25 0 0 -25 0 0 0 0
-6 -41 15 0 15 0 180 0 -45 0 0 40 180 0 50 0 0 -40 25 0 0 -30 0 0 25 0 0 -25 0 0 0 0
-6 -41 15 0 15 0 180 0 -45 0 0 70 180 0 50 0 0 -70 25 0 0 -30 0 0 25 0 0 -25 0 0 0 0
-6 -41 15 0 15 0 180 0 -45 0 0 110 180 0 50 0 0 -110 25 0 0 -30 0 0 25 0 0 -25 0 0 0 0
-6 -41 15 0 15 0 180 0 -45 0 0 50 180 0 50 0 0 -50 25 0 0 -30 0 0 25 0 0 -25 0 0 0 0
-6 -41 15 0 15 0 180 0 -45 0 0 0 180 0 50 0 0 0 25 0 0 -30 0 0 25 0 0 -25 0 0 0 0
-6 -41 15 0 15 0 180 0 -45 0 0 75 180 0 50 0 0 -75 25 0 0 -30 0 0 25 0 0 -25 0 0 0 0
-6 -41 15 0 15 0 180 0 -45 0 0 110 180 0 50 0 0 -110 25 0 0 -30 0 0 25 0 0 -25 0 0 0 0
-6 -41 15 0 15 0 125 0 -45 0 0 110 125 0 50 0 0 -110 25 0 0 -30 0 0 25 0 0 -25 0 0 0 0
-6 -41 15 0 15 0 85 0 -45 0 0 110 85 0 50 0 0 -110 25 0 0 -30 0 0 25 0 0 -25 0 0 0 0
-6 -41 15 0 15 0 30 0 -45 0 0 110 30 0 50 0 0 -110 25 0 0 -30 0 0 25 0 0 -25 0 0 0 0
-6 -41 15 0 15 0 10 0 -45 0 0 110 10 0 50 0 0 -110 25 0 0 -30 0 0 25 0 0 -25 0 0 0 0
-6 -41 15 0 15 0 80 0 -45 0 0 110 80 0 50 0 0 -110 25 0 0 -30 0 0 25 0 0 -25 0 0 0 0
-6 -41 15 0 15 0 145 0 -45 0 0 110 145 0 50 0 0 -110 25 0 0 -30 0 0 25 0 0 -25 0 0 0 0
-6 -41 15 0 15 0 180 0 -45 0 0 110 180 0 50 0 0 -110 25 0 0 -30 0 0 25 0 0 -25 0 0 0 0
-6 -41 15 0 15 0 180 35 -45 0 0 110 180 -35 50 0 0 -110 25 0 0 -30 0 0 25 0 0 -25 0 0 0 0
-6 -41 15 0 15 0 180 80 -45 0 0 110 180 -80 50 0 0 -110 25 0 0 -30 0 0 25 0 0 -25 0 0 0 0
-6 -41 15 0 15 0 180 95 -45 0 0 110 180 -95 50 0 0 -110 25 0 0 -30 0 0 25 0 0 -25 0 0 0 0
-6 -41 15 0 15 0 180 40 -45 0 0 110 180 -40 50 0 0 -110 25 0 0 -30 0 0 25 0 0 -25 0 0 0 0
-6 -41 15 0 15 0 180 10 -45 0 0 110 180 -10 50 0 0 -110 25 0 0 -30 0 0 25 0 0 -25 0 0 0 0
-6 -41 15 0 15 0 180 10 -45 0 -5 60 180 -10 50 0 5 -60 25 0 0 -30 0 0 25 0 0 -25 0 0 0 0
-6 -41 15 0 15 0 180 10 -45 0 -5 25 180 -10 50 0 5 -25 25 0 0 -30 0 0 25 0 0 -25 0 0 0 0
-6 -41 15 0 15 0 180 10 -45 0 -5 0 180 -10 50 0 5 0 25 0 0 -30 0 0 25 0 0 -25 0 0 0 0
-6 -41 15 0 15 0 180 50 -45 0 -5 0 180 -50 50 0 5 0 25 0 0 -30 0 0 25 0 0 -25 0 0 0 0
-6 -41 15 0 15 0 180 70 -45 0 -5 0 180 -70 50 0 5 0 25 0 0 -30 0 0 25 0 0 -25 0 0 0 0
-6 -41 15 0 15 0 180 90 -45 0 -5 0 180 -90 50 0 5 0 25 0 0 -30 0 0 25 0 0 -25 0 0 0 0
-6 -41 15 0 15 0 180 90 5 0 -5 0 180 -90 0 0 5 0 25 0 0 -30 0 0 25 0 0 -25 0 0 0 0
-6 -41 15 0 85 0 180 90 5 0 -5 0 180 -90 0 0 5 0 25 0 0 -30 0 0 25 0 0 -25 0 0 0 0
-6 -41 15 0 125 0 180 90 5 0 -5 0 180 -90 0 0 5 0 25 0 0 -30 0 0 25 0 0 -25 0 0 0 0
-6 -41 15 0 180 0 180 90 5 0 -5 0 180 -90 0 0 5 0 25 0 0 -30 0 0 25 0 0 -25 0 0 0 0
-6 -41 15 0 220 0 180 90 5 0 -5 0 180 -90 0 0 5 0 25 0 0 -30 0 0 25 0 0 -25 0 0 0 0
-6 -41 15 0 270 0 180 90 5 0 -5 0 180 -90 0 0 5 0 25 0 0 -30 0 0 25 0 0 -25 0 0 0 0
-6 -41 15 0 325 0 180 90 5 0 -5 0 180 -90 0 0 5 0 25 0 0 -30 0 0 25 0 0 -25 0 0 0 0
-6 -41 15 0 35 0 180 90 5 0 -5 0 180 -90 0 0 5 0 25 0 0 -30 0 0 25 0 0 -25 0 0 0 0
-6 -41 15 0 85 0 180 90 5 0 -5 0 180 -90 0 0 5 0 25 0 0 -30 0 0 25 0 0 -25 0 0 0 0
-6 -41 15 0 145 0 180 90 5 0 -5 0 180 -90 0 0 5 0 25 0 0 -30 0 0 25 0 0 -25 0 0 0 0
-6 -41 15 0 205 0 180 90 5 0 -5 0 180 -90 0 0 5 0 25 0 0 -30 0 0 25 0 0 -25 0 0 0 0
-6 -41 15 0 245 0 180 90 5 0 -5 0 180 -90 0 0 5 0 25 0 0 -30 0 0 25 0 0 -25 0 0 0 0
-6 -41 15 0 295 0 180 90 5 0 -5 0 180 -90 0 0 5 0 25 0 0 -30 0 0 25 0 0 -25 0 0 0 0
-6 -41 15 0 350 0 180 90 5 0 -5 0 180 -90 0 0 5 0 25 0 0 -30 0 0 25 0 0 -25 0 0 0 0
-6 -41 15 0 5 0 180 90 5 0 -5 0 180 -90 0 0 5 0 25 0 0 -30 0 0 25 0 0 -25 0 0 0 0
-6 -41 15 0 15 0 180 0 5 0 0 0 180 0 0 0 0 0 25 0 0 -30 0 0 25 0 0 -25 0 0 0 0
-6 -41 15 0 15 0 180 0 -30 0 0 0 180 0 35 0 0 0 25 0 0 -30 0 0 25 0 0 -25 0 0 0 0
-6 -41 15 0 15 0 180 0 -45 0 0 0 180 0 50 0 0 0 25 0 0 -30 0 0 25 0 0 -25 0 0 0 0
-6 -41 15 0 15 0 180 0 -45 0 0 40 180 0 50 0 0 -40 25 0 0 -30 0 0 25 0 0 -25 0 0 0 0
-6 -41 15 0 15 0 180 0 -45 0 0 70 180 0 50 0 0 -70 25 0 0 -30 0 0 25 0 0 -25 0 0 0 0
-6 -41 15 0 15 0 180 0 -45 0 0 110 180 0 50 0 0 -110 25 0 0 -30 0 0 25 0 0 -25 0 0 0 0
-6 -41 15 0 15 0 180 0 -45 0 0 50 180 0 50 0 0 -50 25 0 0 -30 0 0 25 0 0 -25 0 0 0 0
-6 -41 15 0 15 0 180 0 -45 0 0 0 180 0 50 0 0 0 25 0 0 -30 0 0 25 0 0 -25 0 0 0 0
-6 -41 15 0 15 0 180 0 -45 0 0 75 180 0 50 0 0 -75 25 0 0 -30 0 0 25 0 0 -25 0 0 0 0
-6 -41 15 0 15 0 180 0 -45 0 0 110 180 0 50 0 0 -110 25 0 0 -30 0 0 25 0 0 -25 0 0 0 0
-6 -41 15 0 15 0 125 0 -45 0 0 110 125 0 50 0 0 -110 25 0 0 -30 0 0 25 0 0 -25 0 0 0 0
-6 -41 15 0 15 0 85 0 -45 0 0 110 85 0 50 0 0 -110 25 0 0 -30 0 0 25 0 0 -25 0 0 0 0
-6 -41 15 0 15 0 30 0 -45 0 0 110 30 0 50 0 0 -110 25 0 0 -30 0 0 25 0 0 -25 0 0 0 0
-6 -41 15 0 15 0 10 0 -45 0 0 110 10 0 50 0 0 -110 25 0 0 -30 0 0 25 0 0 -25 0 0 0 0
-6 -41 15 0 15 0 80 0 -45 0 0 110 80 0 50 0 0 -110 25 0 0 -30 0 0 25 0 0 -25 0 0 0 0
-6 -41 15 0 15 0 145 0 -45 0 0 110 145 0 50 0 0 -110 25 0 0 -30 0 0 25 0 0 -25 0 0 0 0
-6 -41 15 0 15 0 180 0 -45 0 0 110 180 0 50 0 0 -110 25 0 0 -30 0 0 25 0 0 -25 0 0 0 0
-6 -41 15 0 15 0 180 35 -45 0 0 110 180 -35 50 0 0 -110 25 0 0 -30 0 0 25 0 0 -25 0 0 0 0
-6 -41 15 0 15 0 180 80 -45 0 0 110 180 -80 50 0 0 -110 25 0 0 -30 0 0 25 0 0 -25 0 0 0 0
-6 -41 15 0 15 0 180 95 -45 0 0 110 180 -95 50 0 0 -110 25 0 0 -30 0 0 25 0 0 -25 0 0 0 0
-6 -41 15 0 15 0 180 40 -45 0 0 110 180 -40 50 0 0 -110 25 0 0 -30 0 0 25 0 0 -25 0 0 0 0
-6 -41 15 0 15 0 180 10 -45 0 0 110 180 -10 50 0 0 -110 25 0 0 -30 0 0 25 0 0 -25 0 0 0 0
-6 -41 15 0 15 0 180 10 -45 0 -5 60 180 -10 50 0 5 -60 25 0 0 -30 0 0 25 0 0 -25 0 0 0 0
-6 -41 15 0 15 0 180 10 -45 0 -5 25 180 -10 50 0 5 -25 25 0 0 -30 0 0 25 0 0 -25 0 0 0 0
-6 -41 15 0 15 0 180 10 -45 0 -5 0 180 -10 50 0 5 0 25 0 0 -30 0 0 25 0 0 -25 0 0 0 0
-6 -41 15 0 15 0 180 50 -45 0 -5 0 180 -50 50 0 5 0 25 0 0 -30 0 0 25 0 0 -25 0 0 0 0
-6 -41 15 0 15 0 180 70 -45 0 -5 0 180 -70 50 0 5 0 25 0 0 -30 0 0 25 0 0 -25 0 0 0 0
-6 -41 15 0 15 0 180 90 -45 0 -5 0 180 -90 50 0 5 0 25 0 0 -30 0 0 25 0 0 -25 0 0 0 0
-6 -41 15 0 15 0 180 90 5 0 -5 0 180 -90 0 0 5 0 25 0 0 -30 0 0 25 0 0 -25 0 0 0 0
-6 -41 15 0 85 0 180 90 5 0 -5 0 180 -90 0 0 5 0 25 0 0 -30 0 0 25 0 0 -25 0 0 0 0
-6 -41 15 0 125 0 180 90 5 0 -5 0 180 -90 0 0 5 0 25 0 0 -30 0 0 25 0 0 -25 0 0 0 0
-6 -41 15 0 180 0 180 90 5 0 -5 0 180 -90 0 0 5 0 25 0 0 -30 0 0 25 0 0 -25 0 0 0 0
-6 -41 15 0 220 0 180 90 5 0 -5 0 180 -90 0 0 5 0 25 0 0 -30 0 0 25 0 0 -25 0 0 0 0
-6 -41 15 0 270 0 180 90 5 0 -5 0 180 -90 0 0 5 0 25 0 0 -30 0 0 25 0 0 -25 0 0 0 0
-6 -41 15 0 325 0 180 90 5 0 -5 0 180 -90 0 0 5 0 25 0 0 -30 0 0 25 0 0 -25 0 0 0 0
-6 -41 15 0 35 0 180 90 5 0 -5 0 180 -90 0 0 5 0 25 0 0 -30 0 0 25 0 0 -25 0 0 0 0
-6 -41 15 0 85 0 180 90 5 0 -5 0 180 -90 0 0 5 0 25 0 0 -30 0 0 25 0 0 -25 0 0 0 0
-6 -41 15 0 145 0 180 90 5 0 -5 0 180 -90 0 0 5 0 25 0 0 -30 0 0 25 0 0 -25 0 0 0 0
-6 -41 15 0 205 0 180 90 5 0 -5 0 180 -90 0 0 5 0 25 0 0 -30 0 0 25 0 0 -25 0 0 0 0
-6 -41 15 0 245 0 180 90 5 0 -5 0 180 -90 0 0 5 0 25 0 0 -30 0 0 25 0 0 -25 0 0 0 0
-6 -41 15 0 295 0 180 90 5 0 -5 0 180 -90 0 0 5 0 25 0 0 -30 0 0 25 0 0 -25 0 0 0 0
-6 -41 15 0 350 0 180 90 5 0 -5 0 180 -90 0 0 5 0 25 0 0 -30 0 0 25 0 0 -25 0 0 0 0
-6 -41 15 0 5 0 180 90 5 0 -5 0 180 -90 0 0 5 0 25 0 0 -30 0 0 25 0 0 -25 0 0 0 0
-6 -41 15 0 15 0 180 0 5 0 0 0 180 0 0 0 0 0 25 0 0 -30 0 0 25 0 0 -25 0 0 0 0
-6 -41 15 0 15 0 180 0 -30 0 0 0 180 0 35 0 0 0 25 0 0 -30 0 0 25 0 0 -25 0 0 0 0
-6 -41 15 0 15 0 180 0 -45 0 0 0 180 0 50 0 0 0 25 0 0 -30 0 0 25 0 0 -25 0 0 0 0
-6 -41 15 0 15 0 180 0 -45 0 0 40 180 0 50 0 0 -40 25 0 0 -30 0 0 25 0 0 -25 0 0 0 0
-6 -41 15 0 15 0 180 0 -45 0 0 70 180 0 50 0 0 -70 25 0 0 -30 0 0 25 0 0 -25 0 0 0 0
-6 -41 15 0 15 0 180 0 -45 0 0 110 180 0 50 0 0 -110 25 0 0 -30 0 0 25 0 0 -25 0 0 0 0
-6 -41 15 0 15 0 180 0 -45 0 0 50 180 0 50 0 0 -50 25 0 0 -30 0 0 25 0 0 -25 0 0 0 0
-6 -41 15 0 15 0 180 0 -45 0 0 0 180 0 50 0 0 0 25 0 0 -30 0 0 25 0 0 -25 0 0 0 0
-6 -41 15 0 15 0 180 0 -45 0 0 75 180 0 50 0 0 -75 25 0 0 -30 0 0 25 0 0 -25 0 0 0 0
-6 -41 15 0 15 0 180 0 -45 0 0 110 180 0 50 0 0 -110 25 0 0 -30 0 0 25 0 0 -25 0 0 0 0
-6 -41 15 0 15 0 125 0 -45 0 0 110 125 0 50 0 0 -110 25 0 0 -30 0 0 25 0 0 -25 0 0 0 0
-6 -41 15 0 15 0 85 0 -45 0 0 110 85 0 50 0 0 -110 25 0 0 -30 0 0 25 0 0 -25 0 0 0 0
-6 -41 15 0 15 0 30 0 -45 0 0 110 30 0 50 0 0 -110 25 0 0 -30 0 0 25 0 0 -25 0 0 0 0
-6 -41 15 0 15 0 10 0 -45 0 0 110 10 0 50 0 0 -110 25 0 0 -30 0 0 25 0 0 -25 0 0 0 0
-6 -41 15 0 15 0 80 0 -45 0 0 110 80 0 50 0 0 -110 25 0 0 -30 0 0 25 0 0 -25 0 0 0 0
-6 -41 15 0 15 0 145 0 -45 0 0 110 145 0 50 0 0 -110 25 0 0 -30 0 0 25 0 0 -25 0 0 0 0
-6 -41 15 0 15 0 180 0 -45 0 0 110 180 0 50 0 0 -110 25 0 0 -30 0 0 25 0 0 -25 0 0 0 0
-6 -41 15 0 15 0 180 35 -45 0 0 110 180 -35 50 0 0 -110 25 0 0 -30 0 0 25 0 0 -25 0 0 0 0
-6 -41 15 0 15 0 180 80 -45 0 0 110 180 -80 50 0 0 -110 25 0 0 -30 0 0 25 0 0 -25 0 0 0 0
-6 -41 15 0 15 0 180 95 -45 0 0 110 180 -95 50 0 0 -110 25 0 0 -30 0 0 25 0 0 -25 0 0 0 0
-6 -41 15 0 15 0 180 40 -45 0 0 110 180 -40 50 0 0 -110 25 0 0 -30 0 0 25 0 0 -25 0 0 0 0
-6 -41 15 0 15 0 180 10 -45 0 0 110 180 -10 50 0 0 -110 25 0 0 -30 0 0 25 0 0 -25 0 0 0 0
-6 -41 15 0 15 0 180 10 -45 0 -5 60 180 -10 50 0 5 -60 25 0 0 -30 0 0 25 0 0 -25 0 0 0 0
-6 -41 15 0 15 0 180 10 -45 0 -5 25 180 -10 50 0 5 -25 25 0 0 -30 0 0 25 0 0 -25 0 0 0 0
-6 -41 15 0 15 0 180 10 -45 0 -5 0 180 -10 50 0 5 0 25 0 0 -30 0 0 25 0 0 -25 0 0 0 0
-6 -41 15 0 15 0 180 50 -45 0 -5 0 180 -50 50 0 5 0 25 0 0 -30 0 0 25 0 0 -25 0 0 0 0
-6 -41 15 0 15 0 180 70 -45 0 -5 0 180 -70 50 0 5 0 25 0 0 -30 0 0 25 0 0 -25 0 0 0 0
-6 -41 15 0 15 0 180 90 -45 0 -5 0 180 -90 50 0 5 0 25 0 0 -30 0 0 25 0 0 -25 0 0 0 0
-6 -41 15 0 15 0 180 90 5 0 -5 0 180 -90 0 0 5 0 25 0 0 -30 0 0 25 0 0 -25 0 0 0 0
-6 -41 15 0 85 0 180 90 5 0 -5 0 180 -90 0 0 5 0 25 0 0 -30 0 0 25 0 0 -25 0 0 0 0
-6 -41 15 0 125 0 180 90 5 0 -5 0 180 -90 0 0 5 0 25 0 0 -30 0 0 25 0 0 -25 0 0 0 0
-6 -41 15 0 180 0 180 90 5 0 -5 0 180 -90 0 0 5 0 25 0 0 -30 0 0 25 0 0 -25 0 0 0 0
-6 -41 15 0 220 0 180 90 5 0 -5 0 180 -90 0 0 5 0 25 0 0 -30 0 0 25 0 0 -25 0 0 0 0
-6 -41 15 0 270 0 180 90 5 0 -5 0 180 -90 0 0 5 0 25 0 0 -30 0 0 25 0 0 -25 0 0 0 0
-6 -41 15 0 325 0 180 90 5 0 -5 0 180 -90 0 0 5 0 25 0 0 -30 0 0 25 0 0 -25 0 0 0 0
-6 -41 15 0 35 0 180 90 5 0 -5 0 180 -90 0 0 5 0 25 0 0 -30 0 0 25 0 0 -25 0 0 0 0
-6 -41 15 0 85 0 180 90 5 0 -5 0 180 -90 0 0 5 0 25 0 0 -30 0 0 25 0 0 -25 0 0 0 0
-6 -41 15 0 145 0 180 90 5 0 -5 0 180 -90 0 0 5 0 25 0 0 -30 0 0 25 0 0 -25 0 0 0 0
-6 -41 15 0 205 0 180 90 5 0 -5 0 180 -90 0 0 5 0 25 0 0 -30 0 0 25 0 0 -25 0 0 0 0
-6 -41 15 0 245 0 180 90 5 0 -5 0 180 -90 0 0 5 0 25 0 0 -30 0 0 25 0 0 -25 0 0 0 0
-6 -41 15 0 295 0 180 90 5 0 -5 0 180 -90 0 0 5 0 25 0 0 -30 0 0 25 0 0 -25 0 0 0 0
-6 -41 15 0 350 0 180 90 5 0 -5 0 180 -90 0 0 5 0 25 0 0 -30 0 0 25 0 0 -25 0 0 0 0
-6 -41 15 0 5 0 180 90 5 0 -5 0 180 -90 0 0 5 0 25 0 0 -30 0 0 25 0 0 -25 0 0 0 0
-6 -41 15 0 5 5 145 90 5 0 -5 0 145 -90 0 0 5 0 25 0 0 -30 0 0 25 0 0 -25 0 0 0 0
-6 -41 15 0 5 5 110 90 5 0 -5 0 110 -90 0 0 5 0 25 0 0 -30 0 0 25 0 0 -25 0 0 0 0
-6 -41 15 0 5 5 90 90 5 0 -5 0 90 -90 0 0 5 0 25 0 0 -30 0 0 25 0 0 -25 0 0 0 0
-6 -41 15 0 5 5 110 90 5 0 -5 0 70 -90 0 0 5 0 25 0 0 -30 0 0 25 0 0 -25 0 0 0 0
-6 -41 15 0 5 5 140 90 5 0 -5 0 40 -90 0 0 5 0 25 0 0 -30 0 0 25 0 0 -25 0 0 0 0
-6 -41 15 0 5 5 170 90 5 0 -5 0 10 -90 0 0 5 0 25 0 0 -30 0 0 25 0 0 -25 0 0 0 0
-6 -41 15 0 5 5 145 90 5 0 -5 0 35 -90 0 0 5 0 25 0 0 -30 0 0 25 0 0 -25 0 0 0 0
-6 -41 15 0 5 5 120 90 5 0 -5 0 60 -90 0 0 5 0 25 0 0 -30 0 0 25 0 0 -25 0 0 0 0
-6 -41 15 0 5 5 85 90 5 0 -5 0 95 -90 0 0 5 0 25 0 0 -30 0 0 25 0 0 -25 0 0 0 0
-6 -41 15 0 5 5 55 90 5 0 -5 0 125 -90 0 0 5 0 25 0 0 -30 0 0 25 0 0 -25 0 0 0 0
-6 -41 15 0 5 5 25 90 5 0 -5 0 155 -90 0 0 5 0 25 0 0 -30 0 0 25 0 0 -25 0 0 0 0
-6 -41 15 0 5 5 0 90 5 0 -5 0 180 -90 0 0 5 0 25 0 0 -30 0 0 25 0 0 -25 0 0 0 0
-6 -41 15 0 5 5 40 90 5 0 -5 0 140 -90 0 0 5 0 25 0 0 -30 0 0 25 0 0 -25 0 0 0 0
-6 -41 15 0 5 5 75 90 5 0 -5 0 105 -90 0 0 5 0 25 0 0 -30 0 0 25 0 0 -25 0 0 0 0
-6 -41 15 0 5 5 110 90 5 0 -5 0 70 -90 0 0 5 0 25 0 0 -30 0 0 25 0 0 -25 0 0 0 0
-6 -41 15 0 5 5 145 90 5 0 -5 0 35 -90 0 0 5 0 25 0 0 -30 0 0 25 0 0 -25 0 0 0 0
-6 -41 15 0 5 5 170 90 5 0 -5 0 10 -90 0 0 5 0 25 0 0 -30 0 0 25 0 0 -25 0 0 0 0
-6 -41 15 0 5 5 140 90 5 0 -5 0 40 -90 0 0 5 0 25 0 0 -30 0 0 25 0 0 -25 0 0 0 0
-6 -41 15 0 5 5 110 90 5 0 -5 0 70 -90 0 0 5 0 25 0 0 -30 0 0 25 0 0 -25 0 0 0 0
-6 -41 15 0 5 5 80 90 5 0 -5 0 100 -90 0 0 5 0 25 0 0 -30 0 0 25 0 0 -25 0 0 0 0
-6 -41 15 0 5 5 50 90 5 0 -5 0 130 -90 0 0 5 0 25 0 0 -30 0 0 25 0 0 -25 0 0 0 0
-6 -41 15 0 5 5 15 90 5 0 -5 0 165 -90 0 0 5 0 25 0 0 -30 0 0 25 0 0 -25 0 0 0 0
-6 -41 15 0 5 5 45 90 5 0 -5 0 135 -90 0 0 5 0 25 0 0 -30 0 0 25 0 0 -25 0 0 0 0
-6 -41 15 0 5 5 75 90 5 0 -5 0 105 -90 0 0 5 0 25 0 0 -30 0 0 25 0 0 -25 0 0 0 0
-6 -41 15 0 5 5 90 90 5 0 -5 0 90 -90 0 0 5 0 25 0 0 -30 0 0 25 0 0 -25 0 0 0 0
-6 -41 15 0 5 5 90 90 5 0 -5 0 90 -90 0 0 5 0 -10 0 0 -30 0 0 25 0 0 -25 0 0 0 0
-6 -41 15 0 5 5 90 90 5 0 -5 0 90 -90 0 0 5 0 -25 0 0 -30 0 0 25 0 0 -25 0 0 0 0
-6 -41 15 0 5 5 90 90 5 0 -5 0 90 -90 0 0 5 0 -25 0 0 -75 0 0 25 0 0 -25 0 0 0 0
-6 -41 15 0 5 5 90 90 5 0 -5 0 90 -90 0 0 5 0 -25 0 0 -95 0 0 25 0 0 -25 0 0 0 0
-6 -41 15 0 5 5 90 90 5 0 -5 0 90 -90 0 0 5 0 15 0 0 -75 0 0 25 0 0 -25 0 0 0 0
-6 -41 15 0 5 5 90 90 5 0 -5 0 90 -90 0 0 5 0 70 0 0 -75 0 0 25 0 0 -25 0 0 0 0
-6 -41 15 0 5 5 90 90 5 0 -5 0 90 -90 0 0 5 0 100 0 0 -105 0 0 25 0 0 -25 0 0 0 0
-6 -41 15 0 5 5 90 90 5 0 -5 0 90 -90 0 0 5 0 120 0 0 -120 0 0 25 0 0 -25 0 0 0 0
-6 -41 15 0 5 5 90 90 5 0 -5 0 90 -90 0 0 5 0 70 0 0 -120 0 0 25 0 0 -25 0 0 0 0
-6 -41 15 0 5 5 90 90 5 0 -5 0 90 -90 0 0 5 0 40 0 0 -120 0 0 25 0 0 -25 0 0 0 0
-6 -41 15 0 5 5 90 90 5 0 -5 0 90 -90 0 0 5 0 85 0 0 -120 0 0 25 0 0 -25 0 0 0 0
-6 -41 15 0 5 5 90 90 5 0 -5 0 90 -90 0 0 5 0 125 0 0 -120 0 0 25 0 0 -25 0 0 0 0
-6 -41 15 0 5 5 90 90 5 0 -5 0 90 -90 0 0 5 0 70 0 0 -120 0 0 25 0 0 -25 0 0 0 0
-6 -41 15 0 5 5 90 90 5 0 -5 0 90 -90 0 0 5 0 30 0 0 -120 0 0 25 0 0 -25 0 0 0 0
-6 -41 15 0 5 5 90 90 5 0 -5 0 90 -90 0 0 5 0 0 0 0 -120 0 0 25 0 0 -25 0 0 0 0
-6 -41 15 0 5 5 90 90 5 0 -5 0 90 -90 0 0 5 0 0 0 0 -135 0 0 25 0 0 -25 0 0 0 0
-6 -41 15 0 5 5 90 90 5 0 -5 0 90 -90 0 0 5 0 50 0 0 -135 0 0 25 0 0 -25 0 0 0 0
-6 -41 15 0 5 5 90 90 5 0 -5 0 90 -90 0 0 5 0 80 0 0 -135 0 0 25 0 0 -25 0 0 0 0
-6 -41 15 0 5 5 90 90 5 0 -5 0 90 -90 0 0 5 0 125 0 0 -135 0 0 25 0 0 -25 0 0 0 0
-6 -41 15 0 5 5 90 90 5 0 -5 0 90 -90 0 0 5 0 70 0 0 -135 0 0 25 0 0 -25 0 0 0 0
-6 -41 15 0 5 5 90 90 5 0 -5 0 90 -90 0 0 5 0 15 0 0 -135 0 0 25 0 0 -25 0 0 0 0
-6 -41 15 0 5 5 90 90 5 0 -5 0 90 -90 0 0 5 0 80 0 0 -135 0 0 25 0 0 -25 0 0 0 0
-6 -41 15 0 5 5 90 90 5 0 -5 0 90 -90 0 0 5 0 125 0 0 -135 0 0 25 0 0 -25 0 0 0 0
-6 -41 15 0 5 5 90 90 5 0 -5 0 90 -90 0 0 5 0 55 0 0 -135 0 0 25 0 0 -25 0 0 0 0
-6 -41 15 0 5 5 90 90 5 0 -5 0 90 -90 0 0 5 0 0 0 0 -135 0 0 25 0 0 -25 0 0 0 0
-6 -41 15 0 5 5 90 90 5 0 -5 0 90 -90 0 0 5 0 0 0 0 -65 0 0 25 0 0 -25 0 0 0 0
-6 -41 15 0 5 5 90 90 5 0 -5 0 90 -90 0 0 5 0 0 0 0 -30 0 0 25 0 0 -25 0 0 0 0
-6 -41 15 0 5 5 90 90 5 0 -5 0 90 -90 0 0 5 0 0 0 0 -80 0 0 25 0 0 -25 0 0 0 0
-6 -41 15 0 5 5 90 90 5 0 -5 0 90 -90 0 0 5 0 0 0 0 -105 0 0 25 0 0 -25 0 0 0 0
-6 -41 15 0 5 5 90 90 5 0 -5 0 90 -90 0 0 5 0 0 0 0 -70 0 0 25 0 0 -25 0 0 0 0
-6 -41 15 0 5 5 90 90 5 0 -5 0 90 -90 0 0 5 0 0 0 0 -35 0 0 25 0 0 -25 0 0 0 0
-6 -41 15 0 5 5 90 90 5 0 -5 0 90 -90 0 0 5 0 0 0 0 -80 0 0 25 0 0 -25 0 0 0 0
-6 -41 15 0 5 5 90 90 5 0 -5 0 90 -90 0 0 5 0 0 0 0 -100 0 0 25 0 0 -25 0 0 0 0
-6 -41 15 0 5 5 90 90 5 0 -5 0 90 -90 0 0 5 0 0 0 0 -120 0 0 25 0 0 -25 0 0 0 0
-6 -41 15 0 5 5 90 90 5 0 -5 0 90 -90 0 0 5 0 0 0 0 -135 0 0 25 0 0 -25 0 0 0 0
-6 -41 15 0 5 5 90 90 5 0 -5 0 90 -90 0 0 5 0 50 0 0 -135 0 0 25 0 0 -25 0 0 0 0
-6 -41 15 0 5 5 90 90 5 0 -5 0 90 -90 0 0 5 0 80 0 0 -135 0 0 25 0 0 -25 0 0 0 0
-6 -41 15 0 5 5 90 90 5 0 -5 0 90 -90 0 0 5 0 125 0 0 -135 0 0 25 0 0 -25 0 0 0 0
-6 -41 15 0 5 5 90 90 5 0 -5 0 90 -90 0 0 5 0 70 0 0 -135 0 0 25 0 0 -25 0 0 0 0
-6 -41 15 0 5 5 90 90 5 0 -5 0 90 -90 0 0 5 0 15 0 0 -135 0 0 25 0 0 -25 0 0 0 0
-6 -41 15 0 5 5 90 90 5 0 -5 0 90 -90 0 0 5 0 80 0 0 -135 0 0 25 0 0 -25 0 0 0 0
-6 -41 15 0 5 5 90 90 5 0 -5 0 90 -90 0 0 5 0 125 0 0 -135 0 0 25 0 0 -25 0 0 0 0
-6 -41 15 0 5 5 90 90 5 0 -5 0 90 -90 0 0 5 0 55 0 0 -135 0 0 25 0 0 -25 0 0 0 0
-6 -41 15 0 5 5 90 90 5 0 -5 0 90 -90 0 0 5 0 0 0 0 -135 0 0 25 0 0 -25 0 0 0 0
-6 -41 15 0 5 5 90 90 5 0 -5 0 90 -90 0 0 5 0 0 0 0 -65 0 0 25 0 0 -25 0 0 0 0
-6 -41 15 0 5 5 90 90 5 0 -5 0 90 -90 0 0 5 0 0 0 0 -30 0 0 25 0 0 -25 0 0 0 0
-6 -41 15 0 5 5 90 90 5 0 -5 0 90 -90 0 0 5 0 0 0 0 -80 0 0 25 0 0 -25 0 0 0 0
-6 -41 15 0 5 5 90 90 5 0 -5 0 90 -90 0 0 5 0 0 0 0 -105 0 0 25 0 0 -25 0 0 0 0
-6 -41 15 0 5 5 90 90 5 0 -5 0 90 -90 0 0 5 0 0 0 0 -70 0 0 25 0 0 -25 0 0 0 0
-6 -41 15 0 5 5 90 90 5 0 -5 0 90 -90 0 0 5 0 0 0 0 -35 0 0 25 0 0 -25 0 0 0 0
-6 -41 15 0 5 5 90 90 5 0 -5 0 90 -90 0 0 5 0 0 0 0 -80 0 0 25 0 0 -25 0 0 0 0
-6 -41 15 0 5 5 90 90 5 0 -5 0 90 -90 0 0 5 0 0 0 0 -100 0 0 25 0 0 -25 0 0 0 0
-6 -41 15 0 5 5 90 90 5 0 -5 0 90 -90 0 0 5 0 0 0 0 -120 0 0 25 0 0 -25 0 0 0 0
-6 -41 15 0 5 5 90 90 5 0 -5 0 90 -90 0 0 5 0 0 0 0 -135 0 0 25 0 0 -25 0 0 0 0
-6 -41 15 0 5 5 90 90 5 0 -5 0 90 -90 0 0 5 0 50 0 0 -135 0 0 25 0 0 -25 0 0 0 0
-6 -41 15 0 5 5 90 90 5 0 -5 0 90 -90 0 0 5 0 80 0 0 -135 0 0 25 0 0 -25 0 0 0 0
-6 -41 15 0 5 5 90 90 5 0 -5 0 90 -90 0 0 5 0 125 0 0 -135 0 0 25 0 0 -25 0 0 0 0
-6 -41 15 0 5 5 90 90 5 0 -5 0 90 -90 0 0 5 0 70 0 0 -135 0 0 25 0 0 -25 0 0 0 0
-6 -41 15 0 5 5 90 90 5 0 -5 0 90 -90 0 0 5 0 15 0 0 -135 0 0 25 0 0 -25 0 0 0 0
-6 -41 15 0 5 5 90 90 5 0 -5 0 90 -90 0 0 5 0 80 0 0 -135 0 0 25 0 0 -25 0 0 0 0
-6 -41 15 0 5 5 90 90 5 0 -5 0 90 -90 0 0 5 0 125 0 0 -135 0 0 25 0 0 -25 0 0 0 0
-6 -41 15 0 5 5 90 90 5 0 -5 0 90 -90 0 0 5 0 55 0 0 -135 0 0 25 0 0 -25 0 0 0 0
-6 -41 15 0 5 5 90 90 5 0 -5 0 90 -90 0 0 5 0 0 0 0 -135 0 0 25 0 0 -25 0 0 0 0
-6 -41 15 0 5 5 90 90 5 0 -5 0 90 -90 0 0 5 0 0 0 0 -65 0 0 25 0 0 -25 0 0 0 0
-6 -41 15 0 5 5 90 90 5 0 -5 0 90 -90 0 0 5 0 0 0 0 -30 0 0 25 0 0 -25 0 0 0 0
-6 -41 15 0 5 5 90 90 5 0 -5 0 90 -90 0 0 5 0 0 0 0 -80 0 0 25 0 0 -25 0 0 0 0
-6 -41 15 0 5 5 90 90 5 0 -5 0 90 -90 0 0 5 0 0 0 0 -105 0 0 25 0 0 -25 0 0 0 0
-6 -41 15 0 5 5 90 90 5 0 -5 0 90 -90 0 0 5 0 0 0 0 -70 0 0 25 0 0 -25 0 0 0 0
-6 -41 15 0 5 5 90 90 5 0 -5 0 90 -90 0 0 5 0 0 0 0 -35 0 0 25 0 0 -25 0 0 0 0
-6 -41 15 0 5 5 90 90 5 0 -5 0 90 -90 0 0 5 0 0 0 0 -80 0 0 25 0 0 -25 0 0 0 0
-6 -41 15 0 5 5 90 90 5 0 -5 0 90 -90 0 0 5 0 0 0 0 -100 0 0 25 0 0 -25 0 0 0 0
-6 -41 15 0 5 5 90 90 5 0 -5 0 125 25 0 0 5 0 30 0 0 -100 0 0 25 0 0 -25 0 0 0 0
-6 -41 15 0 5 5 85 90 5 0 -5 0 150 25 15 -5 5 -35 30 0 0 -65 0 0 25 0 0 -25 0 0 0 0
-6 -41 15 0 5 5 60 90 5 -50 -5 0 175 25 0 -5 5 -65 30 0 0 -65 0 0 25 0 0 -25 0 0 0 0
-6 -41 15 0 5 5 60 90 5 -50 0 0 175 25 -20 -5 5 -65 30 0 0 -35 0 0 25 0 0 -25 0 0 0 0
-6 -41 15 0 5 5 60 90 5 -50 0 0 175 25 15 -5 5 -65 30 0 0 -35 0 0 25 0 0 -25 0 0 0 0
-6 -41 15 0 5 5 60 90 5 -50 0 0 175 25 50 -5 5 -65 30 0 0 -35 0 0 25 0 0 -25 0 0 0 0
-6 -41 15 0 5 5 60 90 5 -50 0 0 175 25 50 -5 0 -35 30 0 0 -35 0 0 25 0 0 -25 0 0 0 0
-6 -41 15 0 5 5 60 90 5 -50 0 0 175 25 50 -5 0 -5 30 0 0 -35 0 0 25 0 0 -25 0 0 0 0
-6 -41 15 0 5 5 60 90 5 -50 0 0 175 25 50 -5 0 -50 30 0 0 -35 0 0 25 0 0 -25 0 0 0 0
-6 -41 15 0 5 5 60 90 5 -50 0 0 175 25 50 -5 0 -75 30 0 0 -35 0 0 25 0 0 -25 0 0 0 0
-6 -41 15 0 5 5 60 90 5 -50 0 0 175 25 15 -5 0 -75 30 0 0 -35 0 0 25 0 0 -25 0 0 0 0
-6 -41 15 0 5 5 60 90 5 -50 0 0 175 25 -15 -5 0 -75 30 0 0 -35 0 0 25 0 0 -25 0 0 0 0
-6 -41 15 0 5 5 60 90 5 -50 0 0 175 25 -25 -5 0 -75 30 0 0 -35 0 0 25 0 0 -25 0 0 0 0
-6 -41 15 0 5 5 60 90 5 -50 0 0 175 25 25 -5 0 -75 30 0 0 -35 0 0 25 0 0 -25 0 0 0 0
-6 -41 15 0 5 5 60 90 5 -50 0 0 175 25 50 -5 0 -75 30 0 0 -35 0 0 25 0 0 -25 0 0 0 0
-6 -41 15 0 5 5 60 90 5 -50 0 0 175 25 50 -5 0 -40 30 0 0 -35 0 0 25 0 0 -25 0 0 0 0
-6 -41 15 0 5 5 60 90 5 -50 0 0 175 25 50 -5 0 -5 30 0 0 -35 0 0 25 0 0 -25 0 0 0 0
-6 -41 15 0 5 5 60 90 5 -50 0 0 175 25 50 -5 0 -50 30 0 0 -35 0 0 25 0 0 -25 0 0 0 0
-6 -41 15 0 5 5 60 90 5 -50 0 0 175 25 50 -5 0 -75 30 0 0 -35 0 0 25 0 0 -25 0 0 0 0
-6 -41 15 0 5 5 60 90 5 -50 0 0 175 25 15 -5 0 -75 30 0 0 -35 0 0 25 0 0 -25 0 0 0 0
-6 -41 15 0 5 5 60 90 5 -50 0 0 175 25 -15 -5 0 -75 30 0 0 -35 0 0 25 0 0 -25 0 0 0 0
-6 -41 15 0 5 5 60 90 5 -50 0 0 175 25 -25 -5 0 -75 30 0 0 -35 0 0 25 0 0 -25 0 0 0 0
-6 -41 15 0 5 5 60 90 5 -50 0 0 175 25 25 -5 0 -75 30 0 0 -35 0 0 25 0 0 -25 0 0 0 0
-6 -41 15 0 5 5 60 90 5 -50 0 0 175 25 50 -5 0 -75 30 0 0 -35 0 0 25 0 0 -25 0 0 0 0
-6 -41 15 0 5 5 60 90 5 -50 0 0 175 25 50 -5 0 -40 30 0 0 -35 0 0 25 0 0 -25 0 0 0 0
-6 -41 15 0 5 5 60 90 5 -50 0 0 175 25 50 -5 0 -5 30 0 0 -35 0 0 25 0 0 -25 0 0 0 0
-6 -41 15 0 5 5 60 90 5 -50 0 0 175 25 50 -5 0 -50 30 0 0 -35 0 0 25 0 0 -25 0 0 0 0
-6 -41 15 0 5 5 60 90 5 -50 0 0 175 25 50 -5 0 -75 30 0 0 -35 0 0 25 0 0 -25 0 0 0 0
-6 -41 15 0 5 5 60 90 5 -50 0 0 175 25 15 -5 0 -75 30 0 0 -35 0 0 25 0 0 -25 0 0 0 0
-6 -41 15 0 5 5 60 90 5 -50 0 0 175 25 -15 -5 0 -75 30 0 0 -35 0 0 25 0 0 -25 0 0 0 0
-6 -41 15 0 5 5 60 90 5 -50 0 0 175 25 -25 -5 0 -75 30 0 0 -35 0 0 25 0 0 -25 0 0 0 0
-6 -41 15 0 5 5 60 90 5 -50 0 0 175 25 25 -5 0 -75 30 0 0 -35 0 0 25 0 0 -25 0 0 0 0
-6 -41 15 0 5 5 60 90 5 -50 0 0 175 25 50 -5 0 -75 30 0 0 -35 0 0 25 0 0 -25 0 0 0 0
-6 -41 15 0 5 5 60 90 5 -50 0 0 175 25 50 -5 0 -40 30 0 0 -35 0 0 25 0 0 -25 0 0 0 0
-6 -41 15 0 5 5 60 90 5 -50 0 0 175 25 50 -5 0 -5 30 0 0 -35 0 0 25 0 0 -25 0 0 0 0
-6 -41 15 0 5 5 60 90 5 -50 0 0 175 25 50 -5 0 -50 30 0 0 -35 0 0 25 0 0 -25 0 0 0 0
-6 -41 15 0 5 5 60 90 5 -50 0 0 175 25 50 -5 0 -75 30 0 0 -35 0 0 25 0 0 -25 0 0 0 0
-6 -41 15 0 5 5 60 90 5 -50 0 0 175 25 15 -5 0 -75 30 0 0 -35 0 0 25 0 0 -25 0 0 0 0
-6 -41 15 0 5 5 60 90 5 -50 0 0 175 25 -15 -5 0 -75 30 0 0 -35 0 0 25 0 0 -25 0 0 0 0
-6 -41 15 0 5 5 60 90 5 -50 0 0 175 25 -25 -5 0 -75 30 0 0 -35 0 0 25 0 0 -25 0 0 0 0
-6 -41 15 0 5 5 60 90 5 -50 0 0 175 25 25 -5 0 -75 30 0 0 -35 0 0 25 0 0 -25 0 0 0 0
-6 -41 15 0 5 5 60 90 5 -50 0 0 175 25 50 -5 0 -75 30 0 0 -35 0 0 25 0 0 -25 0 0 0 0
-6 -41 15 0 5 5 60 90 5 -50 0 0 175 25 50 -5 0 -40 30 0 0 -35 0 0 25 0 0 -25 0 0 0 0
-6 -41 15 0 5 5 60 90 5 -50 0 0 175 25 50 -5 0 -5 30 0 0 -35 0 0 25 0 0 -25 0 0 0 0
-6 -41 15 0 5 5 60 90 5 -50 0 0 175 25 50 -5 0 -50 30 0 0 -35 0 0 25 0 0 -25 0 0 0 0
-6 -41 15 0 5 5 60 90 5 -50 0 0 175 25 50 -5 0 -75 30 0 0 -35 0 0 25 0 0 -25 0 0 0 0
-6 -41 15 0 5 5 60 90 5 -50 0 0 175 25 15 -5 0 -75 30 0 0 -35 0 0 25 0 0 -25 0 0 0 0
-6 -41 15 0 5 5 60 90 5 -50 0 0 175 25 -15 -5 0 -75 30 0 0 -35 0 0 25 0 0 -25 0 0 0 0
-6 -41 15 0 5 5 60 90 5 -50 0 0 175 25 -25 -5 0 -75 30 0 0 -35 0 0 25 0 0 -25 0 0 0 0
-6 -41 15 0 5 5 60 90 5 -50 0 0 175 25 25 -5 0 -75 30 0 0 -35 0 0 25 0 0 -25 0 0 0 0
-6 -41 15 0 5 5 60 90 5 -50 0 0 175 25 50 -5 0 -75 30 0 0 -35 0 0 25 0 0 -25 0 0 0 0
-6 -41 15 0 5 5 60 90 5 -50 0 0 175 25 50 -5 0 -40 30 0 0 -35 0 0 25 0 0 -25 0 0 0 0
-6 -41 15 0 5 5 60 90 5 -50 0 0 175 25 50 -5 0 -5 30 0 0 -35 0 0 25 0 0 -25 0 0 0 0
-6 -41 15 0 5 5 60 90 5 -50 0 0 175 25 50 -5 0 -50 30 0 0 -35 0 0 25 0 0 -25 0 0 0 0
-6 -41 15 0 5 5 60 90 5 -50 0 0 175 25 50 -5 0 -75 30 0 0 -35 0 0 25 0 0 -25 0 0 0 0
-6 -41 15 0 5 5 60 90 5 -50 0 0 175 25 15 -5 0 -75 30 0 0 -35 0 0 25 0 0 -25 0 0 0 0
-6 -41 15 0 5 5 60 90 5 -50 0 0 175 25 -15 -5 0 -75 30 0 0 -35 0 0 25 0 0 -25 0 0 0 0
-6 -41 15 0 5 5 60 90 5 -50 0 0 175 25 -25 -5 0 -75 30 0 0 -35 0 0 25 0 0 -25 0 0 0 0
-6 -41 15 0 5 5 60 90 5 -50 0 0 175 25 25 -5 0 -75 30 0 0 -35 0 0 25 0 0 -25 0 0 0 0
-6 -41 15 0 5 5 60 90 5 -50 0 0 175 25 50 -5 0 -75 30 0 0 -35 0 0 25 0 0 -25 0 0 0 0
-6 -41 15 0 5 5 60 90 5 -50 0 0 175 25 50 -5 0 -40 30 0 0 -35 0 0 25 0 0 -25 0 0 0 0
-6 -41 15 0 5 5 60 90 5 -50 0 0 175 25 50 -5 0 -5 30 0 0 -35 0 0 25 0 0 -25 0 0 0 0
-6 -41 15 0 5 5 95 90 5 -50 0 0 175 25 50 -5 0 -5 30 0 0 -35 0 0 25 0 0 -25 0 0 0 0
-6 -41 15 0 5 5 70 115 85 -50 0 0 175 25 50 -5 0 -5 30 0 0 -35 0 0 25 0 0 -25 0 0 0 0
-6 -41 15 0 5 5 95 130 85 -90 0 0 175 25 50 -5 0 -5 30 0 0 -35 0 0 25 0 0 -25 0 0 0 0
-6 -41 15 0 5 5 95 135 85 -105 0 0 175 25 50 -5 0 -5 30 0 0 -35 0 0 25 0 0 -25 0 0 0 0
-6 -41 15 0 5 5 95 135 55 -105 0 0 175 25 50 -5 0 -5 30 0 0 -35 0 0 25 0 0 -25 0 0 0 0
-6 -41 15 0 5 5 95 135 25 -105 0 0 175 25 50 -5 0 -5 30 0 0 -35 0 0 25 0 0 -25 0 0 0 0
-6 -41 15 0 5 5 95 135 10 -105 0 0 175 25 50 -5 0 -5 30 0 0 -35 0 0 25 0 0 -25 0 0 0 0
-6 -41 15 0 5 5 95 135 40 -105 0 0 175 25 50 -5 0 -5 30 0 0 -35 0 0 25 0 0 -25 0 0 0 0
-6 -41 15 0 5 5 95 135 70 -105 0 0 175 25 50 -5 0 -5 30 0 0 -35 0 0 25 0 0 -25 0 0 0 0
-6 -41 15 0 5 5 95 135 90 -105 0 0 175 25 50 -5 0 -5 30 0 0 -35 0 0 25 0 0 -25 0 0 0 0
-6 -41 15 0 5 5 95 135 55 -105 0 0 175 25 50 -5 0 -5 30 0 0 -35 0 0 25 0 0 -25 0 0 0 0
-6 -41 15 0 5 5 95 135 25 -105 0 0 175 25 50 -5 0 -5 30 0 0 -35 0 0 25 0 0 -25 0 0 0 0
-6 -41 15 0 5 5 95 135 10 -105 0 0 175 25 50 -5 0 -5 30 0 0 -35 0 0 25 0 0 -25 0 0 0 0
-6 -41 15 0 5 5 95 135 40 -105 0 0 175 25 50 -5 0 -5 30 0 0 -35 0 0 25 0 0 -25 0 0 0 0
-6 -41 15 0 5 5 95 135 70 -105 0 0 175 25 50 -5 0 -5 30 0 0 -35 0 0 25 0 0 -25 0 0 0 0
-6 -41 15 0 5 5 95 135 90 -105 0 0 175 25 50 -5 0 -5 30 0 0 -35 0 0 25 0 0 -25 0 0 0 0
-6 -41 15 0 5 5 95 135 55 -105 0 0 175 25 50 -5 0 -5 30 0 0 -35 0 0 25 0 0 -25 0 0 0 0
-6 -41 15 0 5 5 95 135 25 -105 0 0 175 25 50 -5 0 -5 30 0 0 -35 0 0 25 0 0 -25 0 0 0 0
-6 -41 15 0 5 5 95 135 10 -105 0 0 175 25 50 -5 0 -5 30 0 0 -35 0 0 25 0 0 -25 0 0 0 0
-6 -41 15 0 5 5 95 135 40 -105 0 0 175 25 50 -5 0 -5 30 0 0 -35 0 0 25 0 0 -25 0 0 0 0
-6 -41 15 0 5 5 95 135 70 -105 0 0 175 25 50 -5 0 -5 30 0 0 -35 0 0 25 0 0 -25 0 0 0 0
-6 -41 15 0 5 5 95 135 90 -105 0 0 175 25 50 -5 0 -5 30 0 0 -35 0 0 25 0 0 -25 0 0 0 0
-6 -41 15 0 5 5 95 135 55 -105 0 0 175 25 50 -5 0 -5 30 0 0 -35 0 0 25 0 0 -25 0 0 0 0
-6 -41 15 0 5 5 95 135 25 -105 0 0 175 25 50 -5 0 -5 30 0 0 -35 0 0 25 0 0 -25 0 0 0 0
-6 -41 15 0 5 5 95 135 10 -105 0 0 175 25 50 -5 0 -5 30 0 0 -35 0 0 25 0 0 -25 0 0 0 0
-6 -41 15 0 5 5 95 135 40 -105 0 0 175 25 50 -5 0 -5 30 0 0 -35 0 0 25 0 0 -25 0 0 0 0
-6 -41 15 0 5 5 95 135 70 -105 0 0 175 25 50 -5 0 -5 30 0 0 -35 0 0 25 0 0 -25 0 0 0 0
-6 -41 15 0 5 5 95 135 90 -105 0 0 175 25 50 -5 0 -5 30 0 0 -35 0 0 25 0 0 -25 0 0 0 0
-6 -41 15 0 5 5 95 135 55 -105 0 0 175 25 50 -5 0 -5 30 0 0 -35 0 0 25 0 0 -25 0 0 0 0
-6 -41 15 0 5 5 95 135 25 -105 0 0 175 25 50 -5 0 -5 30 0 0 -35 0 0 25 0 0 -25 0 0 0 0
-6 -41 15 0 5 5 95 135 10 -105 0 0 175 25 50 -5 0 -5 30 0 0 -35 0 0 25 0 0 -25 0 0 0 0
-6 -41 15 0 5 5 95 135 40 -105 0 0 175 25 50 -5 0 -5 30 0 0 -35 0 0 25 0 0 -25 0 0 0 0
-6 -41 15 0 5 5 95 135 70 -105 0 0 175 25 50 -5 0 -5 30 0 0 -35 0 0 25 0 0 -25 0 0 0 0
-6 -41 15 0 5 5 95 135 90 -105 0 0 175 25 50 -5 0 -5 30 0 0 -35 0 0 25 0 0 -25 0 0 0 0
-6 -41 15 0 5 5 95 135 55 -105 0 0 175 25 50 -5 0 -5 30 0 0 -35 0 0 25 0 0 -25 0 0 0 0
-6 -41 15 0 5 5 95 135 25 -105 0 0 175 25 50 -5 0 -5 30 0 0 -35 0 0 25 0 0 -25 0 0 0 0
-6 -41 15 0 5 5 95 135 10 -105 0 0 175 25 50 -5 0 -5 30 0 0 -35 0 0 25 0 0 -25 0 0 0 0
-6 -41 15 0 5 5 95 135 40 -105 0 0 175 25 50 -5 0 -5 30 0 0 -35 0 0 25 0 0 -25 0 0 0 0
-6 -41 15 0 5 5 95 135 70 -105 0 0 175 25 50 -5 0 -5 30 0 0 -35 0 0 25 0 0 -25 0 0 0 0
-6 -41 15 0 5 5 95 135 90 -105 0 0 175 25 50 -5 0 -5 30 0 0 -35 0 0 25 0 0 -25 0 0 0 0
-6 -41 15 0 5 5 95 135 55 -105 0 0 175 25 50 -5 0 -5 30 0 0 -35 0 0 25 0 0 -25 0 0 0 0
-6 -41 15 0 5 5 95 135 25 -105 0 0 175 25 50 -5 0 -5 30 0 0 -35 0 0 25 0 0 -25 0 0 0 0
-6 -41 15 0 5 5 95 135 10 -105 0 0 175 25 50 -5 0 -5 30 0 0 -35 0 0 25 0 0 -25 0 0 0 0
-6 -41 15 0 5 5 95 135 40 -105 0 0 175 25 50 -5 0 -5 30 0 0 -35 0 0 25 0 0 -25 0 0 0 0
-6 -41 15 0 5 5 95 135 70 -105 0 0 175 25 50 -5 0 -5 30 0 0 -35 0 0 25 0 0 -25 0 0 0 0
-6 -41 15 0 5 5 95 135 90 -105 0 0 175 25 50 -5 0 -5 30 0 0 -35 0 0 25 0 0 -25 0 0 0 0
-6 -41 15 0 5 5 95 135 55 -105 0 0 175 25 50 -5 0 -5 30 0 0 -35 0 0 25 0 0 -25 0 0 0 0
-6 -41 15 0 5 5 95 135 25 -105 0 0 175 25 50 -5 0 -5 30 0 0 -35 0 0 25 0 0 -25 0 0 0 0
-6 -41 15 0 5 5 95 135 10 -105 0 0 175 25 50 -5 0 -5 30 0 0 -35 0 0 25 0 0 -25 0 0 0 0
-6 -41 15 0 5 5 95 135 40 -105 0 0 175 25 50 -5 0 -5 30 0 0 -35 0 0 25 0 0 -25 0 0 0 0
-6 -41 15 0 5 5 95 135 70 -105 0 0 175 25 50 -5 0 -5 30 0 0 -35 0 0 25 0 0 -25 0 0 0 0
-6 -41 15 0 5 5 95 135 90 -105 0 0 175 25 50 -5 0 -5 30 0 0 -35 0 0 25 0 0 -25 0 0 0 0
-6 -41 15 0 5 5 95 135 55 -105 0 0 175 25 50 -5 0 -5 30 0 0 -35 0 0 25 0 0 -25 0 0 0 0
-6 -41 15 0 5 5 95 135 25 -105 0 0 175 25 50 -5 0 -5 30 0 0 -35 0 0 25 0 0 -25 0 0 0 0
-6 -41 15 0 5 5 95 135 10 -105 0 0 175 25 50 -5 0 -5 30 0 0 -35 0 0 25 0 0 -25 0 0 0 0
-6 -41 15 0 5 5 95 135 40 -105 0 0 175 25 50 -5 0 -5 30 0 0 -35 0 0 25 0 0 -25 0 0 0 0
-6 -41 15 0 5 5 95 135 70 -105 0 0 175 25 50 -5 0 -5 30 0 0 -35 0 0 25 0 0 -25 0 0 0 0
-6 -41 15 0 5 5 95 135 90 -105 0 0 175 25 50 -5 0 -5 30 0 0 -35 0 0 25 0 0 -25 0 0 0 0
-6 -41 15 0 5 5 95 135 20 -105 0 0 180 -5 65 -5 0 -50 30 0 0 -35 0 0 25 0 0 -25 0 0 0 0
-6 -41 15 0 5 5 80 160 20 -105 0 0 180 -40 95 -5 0 -75 30 0 0 -35 0 0 25 0 0 -25 0 0 0 0
-6 -41 15 0 5 5 60 180 5 -105 0 0 150 -70 95 -5 5 -90 30 0 0 -35 0 0 25 0 0 -25 0 0 0 0
-6 -41 15 0 5 5 25 180 5 -105 0 0 150 -90 95 -5 5 -60 30 0 0 -35 0 0 25 0 0 -25 0 0 0 0
-6 -41 15 0 5 5 5 180 5 -90 5 0 110 -90 95 -5 5 -85 30 0 0 -35 0 0 25 0 0 -25 0 0 0 0
-6 -41 15 0 5 5 -5 180 5 -100 5 0 85 -90 95 -5 5 -95 30 0 0 -35 0 0 25 0 0 -25 0 0 0 0
-6 -41 15 0 5 5 -5 180 5 -100 5 0 125 -90 95 -5 5 -95 75 0 0 -80 0 0 25 0 0 -25 0 0 0 0
-6 -41 15 0 5 5 -5 180 5 -100 5 0 155 -90 95 -5 5 -95 105 0 0 -110 0 0 25 0 0 -25 0 0 0 0
-6 -41 15 0 5 5 -5 180 5 -100 5 0 200 -90 95 -5 5 -95 120 0 0 -135 0 0 25 0 0 -25 0 0 0 0
-6 -41 15 0 5 5 -5 180 5 -100 5 0 130 -90 95 -5 5 -95 80 0 0 -90 0 0 25 0 0 -25 0 0 0 0
-6 -41 15 0 5 5 -5 180 5 -100 5 0 90 -90 95 -5 5 -95 30 0 0 -35 0 0 25 0 0 -25 0 0 0 0
-6 -41 15 0 5 5 40 180 5 -100 5 0 90 -90 95 -5 5 -95 30 0 0 -35 0 0 75 0 0 -70 0 0 0 0
-6 -41 15 0 5 5 70 180 5 -100 5 0 90 -90 95 -5 5 -95 30 0 0 -35 0 0 110 0 0 -100 0 0 0 0
-6 -41 15 0 5 5 95 180 5 -100 5 0 90 -90 95 -5 5 -95 30 0 0 -35 0 0 130 0 0 -130 0 0 0 0
-6 -41 15 0 5 5 45 180 5 -100 5 0 90 -90 95 -5 5 -95 30 0 0 -35 0 0 75 0 0 -85 0 0 0 0
-6 -41 15 0 5 5 -5 180 5 -100 5 0 90 -90 95 -5 5 -95 30 0 0 -35 0 0 30 0 0 -30 0 0 0 0
-6 -41 15 0 5 5 -5 180 5 -100 5 0 125 -90 95 -5 5 -95 75 0 0 -80 0 0 25 0 0 -25 0 0 0 0
-6 -41 15 0 5 5 -5 180 5 -100 5 0 155 -90 95 -5 5 -95 105 0 0 -110 0 0 25 0 0 -25 0 0 0 0
-6 -41 15 0 5 5 -5 180 5 -100 5 0 200 -90 95 -5 5 -95 120 0 0 -135 0 0 25 0 0 -25 0 0 0 0
-6 -41 15 0 5 5 -5 180 5 -100 5 0 130 -90 95 -5 5 -95 80 0 0 -90 0 0 25 0 0 -25 0 0 0 0
-6 -41 15 0 5 5 -5 180 5 -100 5 0 90 -90 95 -5 5 -95 30 0 0 -35 0 0 25 0 0 -25 0 0 0 0
-6 -41 15 0 5 5 40 180 5 -100 5 0 90 -90 95 -5 5 -95 30 0 0 -35 0 0 75 0 0 -70 0 0 0 0
-6 -41 15 0 5 5 70 180 5 -100 5 0 90 -90 95 -5 5 -95 30 0 0 -35 0 0 110 0 0 -100 0 0 0 0
-6 -41 15 0 5 5 95 180 5 -100 5 0 90 -90 95 -5 5 -95 30 0 0 -35 0 0 130 0 0 -130 0 0 0 0
-6 -41 15 0 5 5 45 180 5 -100 5 0 90 -90 95 -5 5 -95 30 0 0 -35 0 0 75 0 0 -85 0 0 0 0
-6 -41 15 0 5 5 -5 180 5 -100 5 0 90 -90 95 -5 5 -95 30 0 0 -35 0 0 30 0 0 -30 0 0 0 0
-6 -41 15 0 5 5 -5 180 5 -100 5 0 125 -90 95 -5 5 -95 75 0 0 -80 0 0 25 0 0 -25 0 0 0 0
-6 -41 15 0 5 5 -5 180 5 -100 5 0 155 -90 95 -5 5 -95 105 0 0 -110 0 0 25 0 0 -25 0 0 0 0
-6 -41 15 0 5 5 -5 180 5 -100 5 0 200 -90 95 -5 5 -95 120 0 0 -135 0 0 25 0 0 -25 0 0 0 0
-6 -41 15 0 5 5 -5 180 5 -100 5 0 130 -90 95 -5 5 -95 80 0 0 -90 0 0 25 0 0 -25 0 0 0 0
-6 -41 15 0 5 5 -5 180 5 -100 5 0 90 -90 95 -5 5 -95 30 0 0 -35 0 0 25 0 0 -25 0 0 0 0
-6 -41 15 0 5 5 40 180 5 -100 5 0 90 -90 95 -5 5 -95 30 0 0 -35 0 0 75 0 0 -70 0 0 0 0
-6 -41 15 0 5 5 70 180 5 -100 5 0 90 -90 95 -5 5 -95 30 0 0 -35 0 0 110 0 0 -100 0 0 0 0
-6 -41 15 0 5 5 95 180 5 -100 5 0 90 -90 95 -5 5 -95 30 0 0 -35 0 0 130 0 0 -130 0 0 0 0
-6 -41 15 0 5 5 45 180 5 -100 5 0 90 -90 95 -5 5 -95 30 0 0 -35 0 0 75 0 0 -85 0 0 0 0
-6 -41 15 0 5 5 -5 180 5 -100 5 0 90 -90 95 -5 5 -95 30 0 0 -35 0 0 30 0 0 -30 0 0 0 0
-6 -41 15 0 5 5 -5 180 5 -100 5 0 125 -90 95 -5 5 -95 75 0 0 -80 0 0 25 0 0 -25 0 0 0 0
-6 -41 15 0 5 5 -5 180 5 -100 5 0 155 -90 95 -5 5 -95 105 0 0 -110 0 0 25 0 0 -25 0 0 0 0
-6 -41 15 0 5 5 -5 180 5 -100 5 0 200 -90 95 -5 5 -95 120 0 0 -135 0 0 25 0 0 -25 0 0 0 0
-6 -41 15 0 5 5 -5 180 5 -100 5 0 130 -90 95 -5 5 -95 80 0 0 -90 0 0 25 0 0 -25 0 0 0 0
-6 -41 15 0 5 5 -5 180 5 -100 5 0 90 -90 95 -5 5 -95 30 0 0 -35 0 0 25 0 0 -25 0 0 0 0
-6 -41 15 0 5 5 40 180 5 -100 5 0 90 -90 95 -5 5 -95 30 0 0 -35 0 0 75 0 0 -70 0 0 0 0
-6 -41 15 0 5 5 70 180 5 -100 5 0 90 -90 95 -5 5 -95 30 0 0 -35 0 0 110 0 0 -100 0 0 0 0
-6 -41 15 0 5 5 95 180 5 -100 5 0 90 -90 95 -5 5 -95 30 0 0 -35 0 0 130 0 0 -130 0 0 0 0
-6 -41 15 0 5 5 45 180 5 -100 5 0 90 -90 95 -5 5 -95 30 0 0 -35 0 0 75 0 0 -85 0 0 0 0
-6 -41 15 0 5 5 -5 180 5 -100 5 0 90 -90 95 -5 5 -95 30 0 0 -35 0 0 30 0 0 -30 0 0 0 0
-6 -41 15 0 5 5 -5 180 5 -100 5 0 125 -90 95 -5 5 -95 75 0 0 -80 0 0 25 0 0 -25 0 0 0 0
-6 -41 15 0 5 5 -5 180 5 -100 5 0 155 -90 95 -5 5 -95 105 0 0 -110 0 0 25 0 0 -25 0 0 0 0
-6 -41 15 0 5 5 -5 180 5 -100 5 0 200 -90 95 -5 5 -95 120 0 0 -135 0 0 25 0 0 -25 0 0 0 0
-6 -41 15 0 5 5 -5 180 5 -100 5 0 130 -90 95 -5 5 -95 80 0 0 -90 0 0 25 0 0 -25 0 0 0 0
-6 -41 15 0 5 5 -5 180 5 -100 5 0 90 -90 95 -5 5 -95 30 0 0 -35 0 0 25 0 0 -25 0 0 0 0
-6 -41 15 0 5 5 40 180 5 -100 5 0 90 -90 95 -5 5 -95 30 0 0 -35 0 0 75 0 0 -70 0 0 0 0
-6 -41 15 0 5 5 70 180 5 -100 5 0 90 -90 95 -5 5 -95 30 0 0 -35 0 0 110 0 0 -100 0 0 0 0
-6 -41 15 0 5 5 95 180 5 -100 5 0 90 -90 95 -5 5 -95 30 0 0 -35 0 0 130 0 0 -130 0 0 0 0
-6 -41 15 0 5 5 45 180 5 -100 5 0 90 -90 95 -5 5 -95 30 0 0 -35 0 0 75 0 0 -85 0 0 0 0
-6 -41 15 0 5 5 -5 180 5 -100 5 0 90 -90 95 -5 5 -95 30 0 0 -35 0 0 30 0 0 -30 0 0 0 0
-6 -41 15 0 5 5 -5 180 5 -100 5 0 125 -90 95 -5 5 -95 75 0 0 -80 0 0 25 0 0 -25 0 0 0 0
-6 -41 15 0 5 5 -5 180 5 -100 5 0 155 -90 95 -5 5 -95 105 0 0 -110 0 0 25 0 0 -25 0 0 0 0
-6 -41 15 0 5 5 -5 180 5 -100 5 0 200 -90 95 -5 5 -95 120 0 0 -135 0 0 25 0 0 -25 0 0 0 0
-6 -41 15 0 5 5 -5 180 5 -100 5 0 130 -90 95 -5 5 -95 80 0 0 -90 0 0 25 0 0 -25 0 0 0 0
-6 -41 15 0 5 5 -5 180 5 -100 5 0 90 -90 95 -5 5 -95 30 0 0 -35 0 0 25 0 0 -25 0 0 0 0
-6 -41 15 0 5 5 40 180 5 -100 5 0 90 -90 95 -5 5 -95 30 0 0 -35 0 0 75 0 0 -70 0 0 0 0
-6 -41 15 0 5 5 70 180 5 -100 5 0 90 -90 95 -5 5 -95 30 0 0 -35 0 0 110 0 0 -100 0 0 0 0
-6 -41 15 0 5 5 95 180 5 -100 5 0 90 -90 95 -5 5 -95 30 0 0 -35 0 0 130 0 0 -130 0 0 0 0
-6 -41 15 0 5 5 45 180 5 -100 5 0 90 -90 95 -5 5 -95 30 0 0 -35 0 0 75 0 0 -85 0 0 0 0
-6 -41 15 0 5 5 -5 180 5 -100 5 0 90 -90 95 -5 5 -95 30 0 0 -35 0 0 30 0 0 -30 0 0 0 0
-6 -41 15 0 5 5 -5 180 5 -100 5 0 125 -90 95 -5 5 -95 75 0 0 -80 0 0 25 0 0 -25 0 0 0 0
-6 -41 15 0 5 5 -5 180 5 -100 5 0 155 -90 95 -5 5 -95 105 0 0 -110 0 0 25 0 0 -25 0 0 0 0
-6 -41 15 0 5 5 -5 180 5 -100 5 0 200 -90 95 -5 5 -95 120 0 0 -135 0 0 25 0 0 -25 0 0 0 0
-6 -41 15 0 5 5 -5 180 5 -100 5 0 130 -90 95 -5 5 -95 80 0 0 -90 0 0 25 0 0 -25 0 0 0 0
-6 -41 15 0 5 5 -5 180 5 -100 5 0 90 -90 95 -5 5 -95 30 0 0 -35 0 0 25 0 0 -25 0 0 0 0
-6 -41 15 0 5 5 40 180 5 -100 5 0 90 -90 95 -5 5 -95 30 0 0 -35 0 0 75 0 0 -70 0 0 0 0
-6 -41 15 0 5 5 70 180 5 -100 5 0 90 -90 95 -5 5 -95 30 0 0 -35 0 0 110 0 0 -100 0 0 0 0
-6 -41 15 0 5 5 95 180 5 -100 5 0 90 -90 95 -5 5 -95 30 0 0 -35 0 0 130 0 0 -130 0 0 0 0
-6 -41 15 0 5 5 45 180 5 -100 5 0 90 -90 95 -5 5 -95 30 0 0 -35 0 0 75 0 0 -85 0 0 0 0
-6 -41 15 0 5 5 -5 180 5 -100 5 0 90 -90 95 -5 5 -95 30 0 0 -35 0 0 30 0 0 -30 0 0 0 0
-6 -41 15 0 5 5 -5 180 5 -100 5 0 125 -90 95 -5 5 -95 75 0 0 -80 0 0 25 0 0 -25 0 0 0 0
-6 -41 15 0 5 5 -5 180 5 -100 5 0 155 -90 95 -5 5 -95 105 0 0 -110 0 0 25 0 0 -25 0 0 0 0
-6 -41 15 0 5 5 -5 180 5 -100 5 0 200 -90 95 -5 5 -95 120 0 0 -135 0 0 25 0 0 -25 0 0 0 0
-6 -41 15 0 5 5 -5 180 5 -100 5 0 130 -90 95 -5 5 -95 80 0 0 -90 0 0 25 0 0 -25 0 0 0 0
-6 -41 15 0 5 5 -5 180 5 -100 5 0 90 -90 95 -5 5 -95 30 0 0 -35 0 0 25 0 0 -25 0 0 0 0
-6 -41 15 0 5 5 40 180 5 -100 5 0 90 -90 95 -5 5 -95 30 0 0 -35 0 0 75 0 0 -70 0 0 0 0
-6 -41 15 0 5 5 70 180 5 -100 5 0 90 -90 95 -5 5 -95 30 0 0 -35 0 0 110 0 0 -100 0 0 0 0
-6 -41 15 0 5 5 95 180 5 -100 5 0 90 -90 95 -5 5 -95 30 0 0 -35 0 0 130 0 0 -130 0 0 0 0
-6 -41 15 0 5 5 45 180 5 -100 5 0 90 -90 95 -5 5 -95 30 0 0 -35 0 0 75 0 0 -85 0 0 0 0
-6 -41 15 0 5 5 -5 180 5 -100 5 0 90 -90 95 -5 5 -95 30 0 0 -35 0 0 30 0 0 -30 0 0 0 0
-6 -41 15 0 5 5 -5 180 5 -100 5 0 125 -90 95 -5 5 -95 75 0 0 -80 0 0 25 0 0 -25 0 0 0 0
-6 -41 15 0 5 5 -5 180 5 -100 5 0 155 -90 95 -5 5 -95 105 0 0 -110 0 0 25 0 0 -25 0 0 0 0
-6 -41 15 0 5 5 -5 180 5 -100 5 0 200 -90 95 -5 5 -95 120 0 0 -135 0 0 25 0 0 -25 0 0 0 0
-6 -41 15 0 5 5 -5 180 5 -100 5 0 130 -90 95 -5 5 -95 80 0 0 -90 0 0 25 0 0 -25 0 0 0 0
-6 -41 15 0 5 5 -5 180 5 -100 5 0 90 -90 95 -5 5 -95 30 0 0 -35 0 0 25 0 0 -25 0 0 0 0
-6 -41 15 0 5 5 40 180 5 -100 5 0 90 -90 95 -5 5 -95 30 0 0 -35 0 0 75 0 0 -70 0 0 0 0
-6 -41 15 0 5 5 70 180 5 -100 5 0 90 -90 95 -5 5 -95 30 0 0 -35 0 0 110 0 0 -100 0 0 0 0
-6 -41 15 0 5 5 95 180 5 -100 5 0 90 -90 95 -5 5 -95 30 0 0 -35 0 0 130 0 0 -130 0 0 0 0
-6 -41 15 0 5 5 45 180 5 -100 5 0 90 -90 95 -5 5 -95 30 0 0 -35 0 0 75 0 0 -85 0 0 0 0
-6 -41 15 0 5 5 -5 180 5 -100 5 0 90 -90 95 -5 5 -95 30 0 0 -35 0 0 30 0 0 -30 0 0 0 0
-6 -41 15 0 5 5 -5 180 5 -100 5 0 125 -90 95 -5 5 -95 75 0 0 -80 0 0 25 0 0 -25 0 0 0 0
-6 -41 15 0 5 5 -5 180 5 -100 5 0 155 -90 95 -5 5 -95 105 0 0 -110 0 0 25 0 0 -25 0 0 0 0
-6 -41 15 0 5 5 -5 180 5 -100 5 0 200 -90 95 -5 5 -95 120 0 0 -135 0 0 25 0 0 -25 0 0 0 0
-6 -41 15 0 5 5 -5 180 5 -100 5 0 130 -90 95 -5 5 -95 80 0 0 -90 0 0 25 0 0 -25 0 0 0 0
-6 -41 15 0 5 5 -5 180 5 -100 5 0 90 -90 95 -5 5 -95 30 0 0 -35 0 0 25 0 0 -25 0 0 0 0
-6 -41 15 0 5 5 40 180 5 -100 5 0 90 -90 95 -5 5 -95 30 0 0 -35 0 0 75 0 0 -70 0 0 0 0
-6 -41 15 0 5 5 70 180 5 -100 5 0 90 -90 95 -5 5 -95 30 0 0 -35 0 0 110 0 0 -100 0 0 0 0
-6 -41 15 0 5 5 95 180 5 -100 5 0 90 -90 95 -5 5 -95 30 0 0 -35 0 0 130 0 0 -130 0 0 0 0
-6 -41 15 0 5 5 45 180 5 -100 5 0 90 -90 95 -5 5 -95 30 0 0 -35 0 0 75 0 0 -85 0 0 0 0
-6 -41 15 0 5 5 -5 180 5 -100 5 0 90 -90 95 -5 5 -95 30 0 0 -35 0 0 30 0 0 -30 0 0 0 0
-6 -41 15 0 5 5 -5 180 5 -100 5 0 125 -90 95 -5 5 -95 75 0 0 -80 0 0 25 0 0 -25 0 0 0 0
-6 -41 15 0 5 5 -5 180 5 -100 5 0 155 -90 95 -5 5 -95 105 0 0 -110 0 0 25 0 0 -25 0 0 0 0
-6 -41 15 0 5 5 -5 180 5 -100 5 0 200 -90 95 -5 5 -95 120 0 0 -135 0 0 25 0 0 -25 0 0 0 0
-6 -41 15 0 5 5 -5 180 5 -100 5 0 130 -90 95 -5 5 -95 80 0 0 -90 0 0 25 0 0 -25 0 0 0 0
-6 -41 15 0 5 5 -5 180 5 -100 5 0 90 -90 95 -5 5 -95 30 0 0 -35 0 0 25 0 0 -25 0 0 0 0
-6 -41 15 0 5 5 40 180 5 -100 5 0 90 -90 95 -5 5 -95 30 0 0 -35 0 0 75 0 0 -70 0 0 0 0
-6 -41 15 0 5 5 70 180 5 -100 5 0 90 -90 95 -5 5 -95 30 0 0 -35 0 0 110 0 0 -100 0 0 0 0
-6 -41 15 0 5 5 95 180 5 -100 5 0 90 -90 95 -5 5 -95 30 0 0 -35 0 0 130 0 0 -130 0 0 0 0
-6 -41 15 0 5 5 45 180 5 -100 5 0 90 -90 95 -5 5 -95 30 0 0 -35 0 0 75 0 0 -85 0 0 0 0
-6 -41 15 0 5 5 -5 180 5 -100 5 0 90 -90 95 -5 5 -95 30 0 0 -35 0 0 30 0 0 -30 0 0 0 0
-6 -41 15 0 5 5 -5 180 5 -100 5 0 125 -90 95 -5 5 -95 75 0 0 -80 0 0 25 0 0 -25 0 0 0 0
-6 -41 15 0 5 5 -5 180 5 -100 5 0 155 -90 95 -5 5 -95 105 0 0 -110 0 0 25 0 0 -25 0 0 0 0
-6 -41 15 0 5 5 -5 180 5 -100 5 0 200 -90 95 -5 5 -95 120 0 0 -135 0 0 25 0 0 -25 0 0 0 0
-6 -41 15 0 5 5 -5 180 5 -100 5 0 130 -90 95 -5 5 -95 80 0 0 -90 0 0 25 0 0 -25 0 0 0 0
-6 -41 15 0 5 5 -5 180 5 -100 5 0 90 -90 95 -5 5 -95 30 0 0 -35 0 0 25 0 0 -25 0 0 0 0
-6 -41 15 0 5 5 40 180 5 -100 5 0 90 -90 95 -5 5 -95 30 0 0 -35 0 0 75 0 0 -70 0 0 0 0
-6 -41 15 0 5 5 70 180 5 -100 5 0 90 -90 95 -5 5 -95 30 0 0 -35 0 0 110 0 0 -100 0 0 0 0
-6 -41 15 0 5 5 95 180 5 -100 5 0 90 -90 95 -5 5 -95 30 0 0 -35 0 0 130 0 0 -130 0 0 0 0
-6 -41 15 0 5 5 45 180 5 -100 5 0 90 -90 95 -5 5 -95 30 0 0 -35 0 0 75 0 0 -85 0 0 0 0
-6 -41 15 0 5 5 -5 180 5 -100 5 0 90 -90 95 -5 5 -95 30 0 0 -35 0 0 30 0 0 -30 0 0 0 0
-6 -41 15 0 5 5 -5 180 5 -100 5 0 125 -90 95 -5 5 -95 75 0 0 -80 0 0 25 0 0 -25 0 0 0 0
-6 -41 15 0 5 5 -5 180 5 -100 5 0 155 -90 95 -5 5 -95 105 0 0 -110 0 0 25 0 0 -25 0 0 0 0
-6 -41 15 0 5 5 -5 180 5 -100 5 0 200 -90 95 -5 5 -95 120 0 0 -135 0 0 25 0 0 -25 0 0 0 0
-6 -41 15 0 5 5 -5 180 5 -100 5 0 130 -90 95 -5 5 -95 80 0 0 -90 0 0 25 0 0 -25 0 0 0 0
-6 -41 15 0 5 5 -5 180 5 -100 5 0 90 -90 95 -5 5 -95 30 0 0 -35 0 0 25 0 0 -25 0 0 0 0
-6 -41 15 0 5 5 40 180 5 -100 5 0 90 -90 95 -5 5 -95 30 0 0 -35 0 0 75 0 0 -70 0 0 0 0
-6 -41 15 0 5 5 70 180 5 -100 5 0 90 -90 95 -5 5 -95 30 0 0 -35 0 0 110 0 0 -100 0 0 0 0
-6 -41 15 0 5 5 95 180 5 -100 5 0 90 -90 95 -5 5 -95 30 0 0 -35 0 0 130 0 0 -130 0 0 0 0
-6 -41 15 0 5 5 45 180 5 -100 5 0 90 -90 95 -5 5 -95 30 0 0 -35 0 0 75 0 0 -85 0 0 0 0
-6 -41 15 0 5 5 -5 180 5 -100 5 0 90 -90 95 -5 5 -95 30 0 0 -35 0 0 30 0 0 -30 0 0 0 0
-6 -41 15 0 5 5 45 180 5 -100 5 0 135 -90 95 -5 5 -95 30 0 0 -35 0 0 30 0 0 -30 0 0 0 0
-6 -41 15 0 5 5 45 180 5 -135 5 0 135 -90 95 -5 5 -125 30 0 0 -35 0 0 30 0 0 -30 0 0 0 0
-6 -41 15 0 5 5 45 180 5 -135 5 0 170 -90 95 -5 5 -20 30 0 0 -35 0 0 30 0 0 -30 0 0 0 0
-6 -41 15 0 5 5 45 180 5 -135 5 0 120 -90 95 -5 5 -145 30 0 0 -35 0 0 30 0 0 -30 0 0 0 0
-6 -41 15 0 5 5 90 180 5 -25 5 0 120 -90 95 -5 5 -145 30 0 0 -35 0 0 30 0 0 -30 0 0 0 0
-6 -41 15 0 5 5 25 180 5 -165 5 0 120 -90 95 -5 5 -145 30 0 0 -35 0 0 30 0 0 -30 0 0 0 0
-6 -41 15 0 5 5 45 180 5 -135 5 0 170 -90 95 -5 5 -20 30 0 0 -35 0 0 30 0 0 -30 0 0 0 0
-6 -41 15 0 5 5 45 180 5 -135 5 0 120 -90 95 -5 5 -145 30 0 0 -35 0 0 30 0 0 -30 0 0 0 0
-6 -41 15 0 5 5 90 180 5 -25 5 0 120 -90 95 -5 5 -145 30 0 0 -35 0 0 30 0 0 -30 0 0 0 0
-6 -41 15 0 5 5 25 180 5 -165 5 0 120 -90 95 -5 5 -145 30 0 0 -35 0 0 30 0 0 -30 0 0 0 0
-6 -41 15 0 5 5 45 180 5 -135 5 0 170 -90 95 -5 5 -20 30 0 0 -35 0 0 30 0 0 -30 0 0 0 0
-6 -41 15 0 5 5 45 180 5 -135 5 0 120 -90 95 -5 5 -145 30 0 0 -35 0 0 30 0 0 -30 0 0 0 0
-6 -41 15 0 5 5 90 180 5 -25 5 0 120 -90 95 -5 5 -145 30 0 0 -35 0 0 30 0 0 -30 0 0 0 0
-6 -41 15 0 5 5 25 180 5 -165 5 0 120 -90 95 -5 5 -145 30 0 0 -35 0 0 30 0 0 -30 0 0 0 0
-6 -41 15 0 5 5 45 180 5 -135 5 0 170 -90 95 -5 5 -20 30 0 0 -35 0 0 30 0 0 -30 0 0 0 0
-6 -41 15 0 5 5 45 180 5 -135 5 0 120 -90 95 -5 5 -145 30 0 0 -35 0 0 30 0 0 -30 0 0 0 0
-6 -41 15 0 5 5 90 180 5 -25 5 0 120 -90 95 -5 5 -145 30 0 0 -35 0 0 30 0 0 -30 0 0 0 0
-6 -41 15 0 5 5 25 180 5 -165 5 0 120 -90 95 -5 5 -145 30 0 0 -35 0 0 30 0 0 -30 0 0 0 0
-6 -41 15 0 5 5 45 180 5 -135 5 0 170 -90 95 -5 5 -20 30 0 0 -35 0 0 30 0 0 -30 0 0 0 0
-6 -41 15 0 5 5 45 180 5 -135 5 0 120 -90 95 -5 5 -145 30 0 0 -35 0 0 30 0 0 -30 0 0 0 0
-6 -41 15 0 5 5 90 180 5 -25 5 0 120 -90 95 -5 5 -145 30 0 0 -35 0 0 30 0 0 -30 0 0 0 0
-6 -41 15 0 5 5 25 180 5 -165 5 0 120 -90 95 -5 5 -145 30 0 0 -35 0 0 30 0 0 -30 0 0 0 0
-6 -41 15 0 5 5 45 180 5 -135 5 0 170 -90 95 -5 5 -20 30 0 0 -35 0 0 30 0 0 -30 0 0 0 0
-6 -41 15 0 5 5 45 180 5 -135 5 0 120 -90 95 -5 5 -145 30 0 0 -35 0 0 30 0 0 -30 0 0 0 0
-6 -41 15 0 5 5 90 180 5 -25 5 0 120 -90 95 -5 5 -145 30 0 0 -35 0 0 30 0 0 -30 0 0 0 0
-6 -41 15 0 5 5 25 180 5 -165 5 0 120 -90 95 -5 5 -145 30 0 0 -35 0 0 30 0 0 -30 0 0 0 0
-6 -41 15 0 5 5 45 180 5 -135 5 0 170 -90 95 -5 5 -20 30 0 0 -35 0 0 30 0 0 -30 0 0 0 0
-6 -41 15 0 5 5 45 180 5 -135 5 0 120 -90 95 -5 5 -145 30 0 0 -35 0 0 30 0 0 -30 0 0 0 0
-6 -41 15 0 5 5 90 180 5 -25 5 0 120 -90 95 -5 5 -145 30 0 0 -35 0 0 30 0 0 -30 0 0 0 0
-6 -41 15 0 5 5 25 180 5 -165 5 0 120 -90 95 -5 5 -145 30 0 0 -35 0 0 30 0 0 -30 0 0 0 0
-6 -41 15 0 5 5 45 180 5 -135 5 0 170 -90 95 -5 5 -20 30 0 0 -35 0 0 30 0 0 -30 0 0 0 0
-6 -41 15 0 5 5 45 180 5 -135 5 0 120 -90 95 -5 5 -145 30 0 0 -35 0 0 30 0 0 -30 0 0 0 0
-6 -41 15 0 5 5 90 180 5 -25 5 0 120 -90 95 -5 5 -145 30 0 0 -35 0 0 30 0 0 -30 0 0 0 0
-6 -41 15 0 5 5 25 180 5 -165 5 0 120 -90 95 -5 5 -145 30 0 0 -35 0 0 30 0 0 -30 0 0 0 0
-6 -41 15 0 5 5 45 180 5 -135 5 0 170 -90 95 -5 5 -20 30 0 0 -35 0 0 30 0 0 -30 0 0 0 0
-6 -41 15 0 5 5 45 180 5 -135 5 0 120 -90 95 -5 5 -145 30 0 0 -35 0 0 30 0 0 -30 0 0 0 0
-6 -41 15 0 5 5 90 180 5 -25 5 0 120 -90 95 -5 5 -145 30 0 0 -35 0 0 30 0 0 -30 0 0 0 0
-6 -41 15 0 5 5 25 180 5 -165 5 0 120 -90 95 -5 5 -145 30 0 0 -35 0 0 30 0 0 -30 0 0 0 0
-6 -41 15 0 5 5 45 180 5 -135 5 0 170 -90 95 -5 5 -20 30 0 0 -35 0 0 30 0 0 -30 0 0 0 0
-6 -41 15 0 5 5 25 180 5 -165 5 0 120 -90 95 -5 5 -145 30 0 0 -35 0 0 95 0 0 -95 0 0 0 0
-6 -41 15 0 5 5 25 180 5 -165 5 0 120 -90 95 -5 5 -145 30 0 0 -35 0 0 115 0 0 -25 0 0 0 0
-6 -41 15 0 5 5 25 180 5 -165 5 0 120 -90 95 -5 5 -145 30 0 0 -35 0 0 60 0 0 -60 0 0 0 0
-6 -41 15 0 5 5 25 180 5 -165 5 0 120 -90 95 -5 5 -145 30 0 0 -35 0 0 30 0 0 -25 0 0 0 0
-6 -41 15 0 5 5 45 180 5 -135 5 0 120 -90 95 -5 5 -145 30 0 0 -35 0 0 30 0 0 -30 0 0 0 0
-6 -41 15 0 5 5 90 180 5 -25 5 0 120 -90 95 -5 5 -145 30 0 0 -35 0 0 30 0 0 -30 0 0 0 0
-6 -41 15 0 5 5 25 180 5 -165 5 0 120 -90 95 -5 5 -145 30 0 0 -35 0 0 30 0 0 -30 0 0 0 0
-6 -41 15 0 5 5 45 180 5 -135 5 0 170 -90 95 -5 5 -20 30 0 0 -35 0 0 30 0 0 -30 0 0 0 0
-6 -41 15 0 5 5 45 180 5 -135 5 0 120 -90 95 -5 5 -145 30 0 0 -35 0 0 30 0 0 -30 0 0 0 0
-6 -41 15 0 5 5 90 180 5 -25 5 0 120 -90 95 -5 5 -145 30 0 0 -35 0 0 30 0 0 -30 0 0 0 0
-6 -41 15 0 5 5 25 180 5 -165 5 0 120 -90 95 -5 5 -145 30 0 0 -35 0 0 30 0 0 -30 0 0 0 0
-6 -41 15 0 5 5 45 180 5 -135 5 0 170 -90 95 -5 5 -20 30 0 0 -35 0 0 30 0 0 -30 0 0 0 0
-6 -41 15 0 5 5 45 180 5 -135 5 0 120 -90 95 -5 5 -145 30 0 0 -35 0 0 30 0 0 -30 0 0 0 0
-6 -41 15 0 5 5 90 180 5 -25 5 0 120 -90 95 -5 5 -145 30 0 0 -35 0 0 30 0 0 -30 0 0 0 0
-6 -41 15 0 5 5 25 180 5 -165 5 0 120 -90 95 -5 5 -145 30 0 0 -35 0 0 30 0 0 -30 0 0 0 0
-6 -41 15 0 5 5 45 180 5 -135 5 0 170 -90 95 -5 5 -20 30 0 0 -35 0 0 30 0 0 -30 0 0 0 0
-6 -41 15 0 5 5 25 180 5 -165 5 0 120 -90 95 -5 5 -145 30 0 0 -35 0 0 95 0 0 -95 0 0 0 0
-6 -41 15 0 5 5 25 180 5 -165 5 0 120 -90 95 -5 5 -145 30 0 0 -35 0 0 115 0 0 -25 0 0 0 0
-6 -41 15 0 5 5 25 180 5 -165 5 0 120 -90 95 -5 5 -145 30 0 0 -35 0 0 60 0 0 -60 0 0 0 0
-6 -41 15 0 5 5 25 180 5 -165 5 0 120 -90 95 -5 5 -145 30 0 0 -35 0 0 30 0 0 -25 0 0 0 0
-6 -41 15 0 5 5 45 180 5 -135 5 0 170 -90 95 -5 5 -20 30 0 0 -35 0 0 30 0 0 -30 0 0 0 0
-6 -41 15 0 5 5 45 180 5 -135 5 0 120 -90 95 -5 5 -145 30 0 0 -35 0 0 30 0 0 -30 0 0 0 0
-6 -41 15 0 5 5 90 180 5 -25 5 0 120 -90 95 -5 5 -145 30 0 0 -35 0 0 30 0 0 -30 0 0 0 0
-6 -41 15 0 5 5 25 180 5 -165 5 0 120 -90 95 -5 5 -145 30 0 0 -35 0 0 30 0 0 -30 0 0 0 0
-6 -41 15 0 5 5 45 180 5 -135 5 0 170 -90 95 -5 5 -20 30 0 0 -35 0 0 30 0 0 -30 0 0 0 0
-6 -41 15 0 5 5 45 180 5 -135 5 0 120 -90 95 -5 5 -145 30 0 0 -35 0 0 30 0 0 -30 0 0 0 0
-6 -41 15 0 5 5 90 180 5 -25 5 0 120 -90 95 -5 5 -145 30 0 0 -35 0 0 30 0 0 -30 0 0 0 0
-6 -41 15 0 5 5 25 180 5 -165 5 0 120 -90 95 -5 5 -145 30 0 0 -35 0 0 30 0 0 -30 0 0 0 0
-6 -41 15 0 5 5 45 180 5 -135 5 0 170 -90 95 -5 5 -20 30 0 0 -35 0 0 30 0 0 -30 0 0 0 0
-6 -41 15 0 5 5 45 180 5 -135 5 0 120 -90 95 -5 5 -145 30 0 0 -35 0 0 30 0 0 -30 0 0 0 0
-6 -41 15 0 5 5 90 180 5 -25 5 0 120 -90 95 -5 5 -145 30 0 0 -35 0 0 30 0 0 -30 0 0 0 0
-6 -41 15 0 5 5 25 180 5 -165 5 0 120 -90 95 -5 5 -145 30 0 0 -35 0 0 30 0 0 -30 0 0 0 0
-6 -41 15 0 5 5 45 180 5 -135 5 0 170 -90 95 -5 5 -20 30 0 0 -35 0 0 30 0 0 -30 0 0 0 0
-6 -41 15 0 5 5 45 180 5 -135 5 0 120 -90 95 -5 5 -145 30 0 0 -35 0 0 30 0 0 -30 0 0 0 0
-6 -41 15 0 5 5 90 180 5 -25 5 0 120 -90 95 -5 5 -145 30 0 0 -35 0 0 30 0 0 -30 0 0 0 0
-6 -41 15 0 5 5 25 180 5 -165 5 0 120 -90 95 -5 5 -145 30 0 0 -35 0 0 30 0 0 -30 0 0 0 0
-6 -41 15 0 5 5 45 180 5 -135 5 0 170 -90 95 -5 5 -20 30 0 0 -35 0 0 30 0 0 -30 0 0 0 0
-6 -41 15 0 5 5 45 180 5 -135 5 0 120 -90 95 -5 5 -145 30 0 0 -35 0 0 30 0 0 -30 0 0 0 0
-6 -41 15 0 5 5 90 180 5 -25 5 0 120 -90 95 -5 5 -145 30 0 0 -35 0 0 30 0 0 -30 0 0 0 0
-6 -41 15 0 5 5 25 180 5 -165 5 0 120 -90 95 -5 5 -145 30 0 0 -35 0 0 30 0 0 -30 0 0 0 0
-6 -41 15 0 5 5 45 180 5 -135 5 0 170 -90 95 -5 5 -20 30 0 0 -35 0 0 30 0 0 -30 0 0 0 0
-6 -41 15 0 5 5 45 180 5 -135 5 0 120 -90 95 -5 5 -145 30 0 0 -35 0 0 30 0 0 -30 0 0 0 0
-6 -41 15 0 5 5 90 180 5 -25 5 0 120 -90 95 -5 5 -145 30 0 0 -35 0 0 30 0 0 -30 0 0 0 0
-6 -41 15 0 5 5 25 180 5 -165 5 0 120 -90 95 -5 5 -145 30 0 0 -35 0 0 30 0 0 -30 0 0 0 0
-6 -41 15 0 5 5 45 180 5 -135 5 0 170 -90 95 -5 5 -20 30 0 0 -35 0 0 30 0 0 -30 0 0 0 0
-6 -41 15 0 5 5 45 180 5 -135 5 0 120 -90 95 -5 5 -145 30 0 0 -35 0 0 30 0 0 -30 0 0 0 0
-6 -41 15 0 5 5 90 180 5 -25 5 0 120 -90 95 -5 5 -145 30 0 0 -35 0 0 30 0 0 -30 0 0 0 0
-6 -41 15 0 5 5 25 180 5 -165 5 0 120 -90 95 -5 5 -145 30 0 0 -35 0 0 30 0 0 -30 0 0 0 0
-6 -41 15 0 5 5 45 180 5 -135 5 0 170 -90 95 -5 5 -20 30 0 0 -35 0 0 30 0 0 -30 0 0 0 0
-6 -41 15 0 5 5 45 180 5 -135 5 0 120 -90 95 -5 5 -145 30 0 0 -35 0 0 30 0 0 -30 0 0 0 0
-6 -41 15 0 5 5 90 180 5 -25 5 0 120 -90 95 -5 5 -145 30 0 0 -35 0 0 30 0 0 -30 0 0 0 0
-6 -41 15 0 5 5 25 180 5 -165 5 0 120 -90 95 -5 5 -145 30 0 0 -35 0 0 30 0 0 -30 0 0 0 0
-6 -41 15 0 5 5 45 180 5 -135 5 0 170 -90 95 -5 5 -20 30 0 0 -35 0 0 30 0 0 -30 0 0 0 0
-6 -41 15 0 5 5 45 180 5 -135 5 0 120 -90 95 -5 5 -145 30 0 0 -35 0 0 30 0 0 -30 0 0 0 0
-6 -41 15 0 5 5 90 180 5 -25 5 0 120 -90 95 -5 5 -145 30 0 0 -35 0 0 30 0 0 -30 0 0 0 0
-6 -41 15 0 5 5 25 180 5 -165 5 0 120 -90 95 -5 5 -145 30 0 0 -35 0 0 30 0 0 -30 0 0 0 0
-6 -41 15 0 5 5 45 180 5 -135 5 0 170 -90 95 -5 5 -20 30 0 0 -35 0 0 30 0 0 -30 0 0 0 0
-6 -41 15 0 5 5 45 180 5 -135 5 0 120 -90 95 -5 5 -145 30 0 0 -35 0 0 30 0 0 -30 0 0 0 0
-6 -41 15 0 5 5 90 180 5 -25 5 0 120 -90 95 -5 5 -145 30 0 0 -35 0 0 30 0 0 -30 0 0 0 0
-6 -41 15 0 5 5 25 180 5 -165 5 0 120 -90 95 -5 5 -145 30 0 0 -35 0 0 30 0 0 -30 0 0 0 0
-6 -41 15 0 5 5 45 180 5 -135 5 0 170 -90 95 -5 5 -20 30 0 0 -35 0 0 30 0 0 -30 0 0 0 0
-6 -41 15 0 5 5 45 180 5 -135 5 0 120 -90 95 -5 5 -145 30 0 0 -35 0 0 30 0 0 -30 0 0 0 0
-6 -41 15 0 5 5 90 180 5 -25 5 0 120 -90 95 -5 5 -145 30 0 0 -35 0 0 30 0 0 -30 0 0 0 0
-6 -41 15 0 5 5 25 180 5 -165 5 0 120 -90 95 -5 5 -145 30 0 0 -35 0 0 30 0 0 -30 0 0 0 0
-6 -41 15 0 5 5 45 180 5 -135 5 0 170 -90 95 -5 5 -20 30 0 0 -35 0 0 30 0 0 -30 0 0 0 0
-6 -41 15 0 5 5 25 180 5 -165 5 0 120 -90 95 -5 5 -145 30 0 0 -35 0 0 95 0 0 -95 0 0 0 0
-6 -41 15 0 5 5 25 180 5 -165 5 0 120 -90 95 -5 5 -145 30 0 0 -35 0 0 115 0 0 -25 0 0 0 0
-6 -41 15 0 5 5 25 180 5 -165 5 0 120 -90 95 -5 5 -145 30 0 0 -35 0 0 60 0 0 -60 0 0 0 0
-6 -41 15 0 5 5 25 180 5 -165 5 0 120 -90 95 -5 5 -145 30 0 0 -35 0 0 30 0 0 -25 0 0 0 0
-6 -41 15 0 5 5 45 180 5 -135 5 0 120 -90 95 -5 5 -145 30 0 0 -35 0 0 30 0 0 -30 0 0 0 0
-6 -41 15 0 5 5 90 180 5 -25 5 0 120 -90 95 -5 5 -145 30 0 0 -35 0 0 30 0 0 -30 0 0 0 0
-6 -41 15 0 5 5 25 180 5 -165 5 0 120 -90 95 -5 5 -145 30 0 0 -35 0 0 30 0 0 -30 0 0 0 0
-6 -41 15 0 5 5 45 180 5 -135 5 0 170 -90 95 -5 5 -20 30 0 0 -35 0 0 30 0 0 -30 0 0 0 0
-6 -41 15 0 5 5 45 180 5 -135 5 0 120 -90 95 -5 5 -145 30 0 0 -35 0 0 30 0 0 -30 0 0 0 0
-6 -41 15 0 5 5 90 180 5 -25 5 0 120 -90 95 -5 5 -145 30 0 0 -35 0 0 30 0 0 -30 0 0 0 0
-6 -41 15 0 5 5 25 180 5 -165 5 0 120 -90 95 -5 5 -145 30 0 0 -35 0 0 30 0 0 -30 0 0 0 0
-6 -41 15 0 5 5 45 180 5 -135 5 0 170 -90 95 -5 5 -20 30 0 0 -35 0 0 30 0 0 -30 0 0 0 0
-6 -41 15 0 5 5 45 180 5 -135 5 0 120 -90 95 -5 5 -145 30 0 0 -35 0 0 30 0 0 -30 0 0 0 0
-6 -41 15 0 5 5 90 180 5 -25 5 0 120 -90 95 -5 5 -145 30 0 0 -35 0 0 30 0 0 -30 0 0 0 0
-6 -41 15 0 5 5 25 180 5 -165 5 0 120 -90 95 -5 5 -145 30 0 0 -35 0 0 30 0 0 -30 0 0 0 0
-6 -41 15 0 5 5 45 180 5 -135 5 0 170 -90 95 -5 5 -20 30 0 0 -35 0 0 30 0 0 -30 0 0 0 0
-6 -41 15 0 5 5 25 180 5 -165 5 0 120 -90 95 -5 5 -145 30 0 0 -35 0 0 95 0 0 -95 0 0 0 0
-6 -41 15 0 5 5 25 180 5 -165 5 0 120 -90 95 -5 5 -145 30 0 0 -35 0 0 115 0 0 -25 0 0 0 0
-6 -41 15 0 5 5 25 180 5 -165 5 0 120 -90 95 -5 5 -145 30 0 0 -35 0 0 60 0 0 -60 0 0 0 0
-6 -41 15 0 5 5 25 180 5 -165 5 0 120 -90 95 -5 5 -145 30 0 0 -35 0 0 30 0 0 -25 0 0 0 0
-6 -41 15 0 5 5 45 180 5 -135 5 0 120 -90 95 -5 5 -145 30 0 0 -35 0 0 30 0 0 -30 0 0 0 0
-6 -41 15 0 5 5 90 180 5 -25 5 0 120 -90 95 -5 5 -145 30 0 0 -35 0 0 30 0 0 -30 0 0 0 0
-6 -41 15 0 5 5 25 180 5 -165 5 0 120 -90 95 -5 5 -145 30 0 0 -35 0 0 30 0 0 -30 0 0 0 0
-6 -41 15 0 5 5 45 180 5 -135 5 0 170 -90 95 -5 5 -20 30 0 0 -35 0 0 30 0 0 -30 0 0 0 0
-6 -41 15 0 5 5 45 180 5 -135 5 0 120 -90 95 -5 5 -145 30 0 0 -35 0 0 30 0 0 -30 0 0 0 0
-6 -41 15 0 5 5 90 180 5 -25 5 0 120 -90 95 -5 5 -145 30 0 0 -35 0 0 30 0 0 -30 0 0 0 0
-6 -41 15 0 5 5 25 180 5 -165 5 0 120 -90 95 -5 5 -145 30 0 0 -35 0 0 30 0 0 -30 0 0 0 0
-6 -41 15 0 5 5 45 180 5 -135 5 0 170 -90 95 -5 5 -20 30 0 0 -35 0 0 30 0 0 -30 0 0 0 0
-6 -41 15 0 5 5 45 180 5 -135 5 0 120 -90 95 -5 5 -145 30 0 0 -35 0 0 30 0 0 -30 0 0 0 0
-6 -41 15 0 5 5 90 180 5 -25 5 0 120 -90 95 -5 5 -145 30 0 0 -35 0 0 30 0 0 -30 0 0 0 0
-6 -41 15 0 5 5 25 180 5 -165 5 0 120 -90 95 -5 5 -145 30 0 0 -35 0 0 30 0 0 -30 0 0 0 0
-6 -41 15 0 5 5 45 180 5 -135 5 0 170 -90 95 -5 5 -20 30 0 0 -35 0 0 30 0 0 -30 0 0 0 0
-6 -41 15 0 5 5 45 180 5 -135 5 0 120 -90 95 -5 5 -145 30 0 0 -35 0 0 30 0 0 -30 0 0 0 0
-6 -41 15 0 5 5 90 180 5 -25 5 0 120 -90 95 -5 5 -145 30 0 0 -35 0 0 30 0 0 -30 0 0 0 0
-6 -41 15 0 5 5 25 180 5 -165 5 0 120 -90 95 -5 5 -145 30 0 0 -35 0 0 30 0 0 -30 0 0 0 0
-6 -41 15 0 5 5 45 180 5 -135 5 0 170 -90 95 -5 5 -20 30 0 0 -35 0 0 30 0 0 -30 0 0 0 0
-6 -41 15 0 5 5 45 180 5 -135 5 0 120 -90 95 -5 5 -145 30 0 0 -35 0 0 30 0 0 -30 0 0 0 0
-6 -41 15 0 5 5 90 180 5 -25 5 0 120 -90 95 -5 5 -145 30 0 0 -35 0 0 30 0 0 -30 0 0 0 0
-6 -41 15 0 5 5 25 180 5 -165 5 0 120 -90 95 -5 5 -145 30 0 0 -35 0 0 30 0 0 -30 0 0 0 0
-6 -41 15 0 5 5 45 180 5 -135 5 0 170 -90 95 -5 5 -20 30 0 0 -35 0 0 30 0 0 -30 0 0 0 0
-6 -41 15 0 5 5 45 180 5 -135 5 0 120 -90 95 -5 5 -145 30 0 0 -35 0 0 30 0 0 -30 0 0 0 0
-6 -41 15 0 5 5 90 180 5 -25 5 0 120 -90 95 -5 5 -145 30 0 0 -35 0 0 30 0 0 -30 0 0 0 0
-6 -41 15 0 5 5 25 180 5 -165 5 0 120 -90 95 -5 5 -145 30 0 0 -35 0 0 30 0 0 -30 0 0 0 0
-6 -41 15 0 5 5 45 180 5 -135 5 0 170 -90 95 -5 5 -20 30 0 0 -35 0 0 30 0 0 -30 0 0 0 0
-6 -41 15 0 5 5 45 180 5 -135 5 0 120 -90 95 -5 5 -145 30 0 0 -35 0 0 30 0 0 -30 0 0 0 0
-6 -41 15 0 5 5 90 180 5 -25 5 0 120 -90 95 -5 5 -145 30 0 0 -35 0 0 30 0 0 -30 0 0 0 0
-6 -41 15 0 5 5 25 180 5 -165 5 0 120 -90 95 -5 5 -145 30 0 0 -35 0 0 30 0 0 -30 0 0 0 0
-6 -41 15 0 5 5 45 180 5 -135 5 0 170 -90 95 -5 5 -20 30 0 0 -35 0 0 30 0 0 -30 0 0 0 0
-6 -41 15 0 5 5 45 180 5 -135 5 0 120 -90 95 -5 5 -145 30 0 0 -35 0 0 30 0 0 -30 0 0 0 0
-6 -41 15 0 5 5 90 180 5 -25 5 0 120 -90 95 -5 5 -145 30 0 0 -35 0 0 30 0 0 -30 0 0 0 0
-6 -41 15 0 5 5 25 180 5 -165 5 0 120 -90 95 -5 5 -145 30 0 0 -35 0 0 30 0 0 -30 0 0 0 0
-6 -41 15 0 5 5 45 180 5 -135 5 0 170 -90 95 -5 5 -20 30 0 0 -35 0 0 30 0 0 -30 0 0 0 0
-6 -41 15 0 5 5 45 180 5 -135 5 0 120 -90 95 -5 5 -145 30 0 0 -35 0 0 30 0 0 -30 0 0 0 0
-6 -41 15 0 5 5 90 180 5 -25 5 0 120 -90 95 -5 5 -145 30 0 0 -35 0 0 30 0 0 -30 0 0 0 0
-6 -41 15 0 5 5 25 180 5 -165 5 0 120 -90 95 -5 5 -145 30 0 0 -35 0 0 30 0 0 -30 0 0 0 0
-6 -41 15 0 5 5 45 180 5 -135 5 0 170 -90 95 -5 5 -20 30 0 0 -35 0 0 30 0 0 -30 0 0 0 0
-6 -41 15 0 5 5 45 180 5 -135 5 0 120 -90 95 -5 5 -145 30 0 0 -35 0 0 30 0 0 -30 0 0 0 0
-6 -41 15 0 5 5 90 180 5 -25 5 0 120 -90 95 -5 5 -145 30 0 0 -35 0 0 30 0 0 -30 0 0 0 0
-6 -41 15 0 5 5 25 180 5 -165 5 0 120 -90 95 -5 5 -145 30 0 0 -35 0 0 30 0 0 -30 0 0 0 0
-6 -41 15 0 5 5 45 180 5 -135 5 0 170 -90 95 -5 5 -20 30 0 0 -35 0 0 30 0 0 -30 0 0 0 0
-6 -41 15 0 5 5 45 180 5 -135 5 0 120 -90 95 -5 5 -145 30 0 0 -35 0 0 30 0 0 -30 0 0 0 0
-6 -41 15 0 5 5 90 180 5 -25 5 0 120 -90 95 -5 5 -145 30 0 0 -35 0 0 30 0 0 -30 0 0 0 0
-6 -41 15 0 5 5 25 180 5 -165 5 0 120 -90 95 -5 5 -145 30 0 0 -35 0 0 30 0 0 -30 0 0 0 0
-6 -41 15 0 5 5 45 180 5 -135 5 0 170 -90 95 -5 5 -20 30 0 0 -35 0 0 30 0 0 -30 0 0 0 0
-6 -41 15 0 5 5 45 180 5 -135 5 0 120 -90 95 -5 5 -145 30 0 0 -35 0 0 30 0 0 -30 0 0 0 0
-6 -41 15 0 5 5 90 180 5 -25 5 0 120 -90 95 -5 5 -145 30 0 0 -35 0 0 30 0 0 -30 0 0 0 0
-6 -41 15 0 5 5 25 180 5 -165 5 0 120 -90 95 -5 5 -145 30 0 0 -35 0 0 30 0 0 -30 0 0 0 0
-6 -41 15 0 5 5 45 180 5 -135 5 0 170 -90 95 -5 5 -20 30 0 0 -35 0 0 30 0 0 -30 0 0 0 0
-6 -41 15 0 5 5 45 180 5 -135 5 0 120 -90 95 -5 5 -145 30 0 0 -35 0 0 30 0 0 -30 0 0 0 0
-6 -41 15 0 5 5 90 180 5 -25 5 0 120 -90 95 -5 5 -145 30 0 0 -35 0 0 30 0 0 -30 0 0 0 0
-6 -41 15 0 5 5 25 180 5 -165 5 0 120 -90 95 -5 5 -145 30 0 0 -35 0 0 30 0 0 -30 0 0 0 0
-6 -41 15 0 5 5 45 180 5 -135 5 0 170 -90 95 -5 5 -20 30 0 0 -35 0 0 30 0 0 -30 0 0 0 0
-6 -41 15 0 5 5 45 180 5 -135 5 0 120 -90 95 -5 5 -145 30 0 0 -35 0 0 30 0 0 -30 0 0 0 0
-6 -41 15 0 5 5 90 180 5 -25 5 0 120 -90 95 -5 5 -145 30 0 0 -35 0 0 30 0 0 -30 0 0 0 0
-6 -41 15 0 5 5 25 180 5 -165 5 0 120 -90 95 -5 5 -145 30 0 0 -35 0 0 30 0 0 -30 0 0 0 0
-6 -41 15 0 5 5 45 180 5 -135 5 0 170 -90 95 -5 5 -20 30 0 0 -35 0 0 30 0 0 -30 0 0 0 0
-6 -41 15 0 5 5 45 180 5 -135 5 0 120 -90 95 -5 5 -145 30 0 0 -35 0 0 30 0 0 -30 0 0 0 0
-6 -41 15 0 5 5 90 180 5 -25 5 0 120 -90 95 -5 5 -145 30 0 0 -35 0 0 30 0 0 -30 0 0 0 0
-6 -41 15 0 5 5 25 180 5 -165 5 0 120 -90 95 -5 5 -145 30 0 0 -35 0 0 30 0 0 -30 0 0 0 0
-6 -41 15 0 5 5 45 180 5 -135 5 0 170 -90 95 -5 5 -20 30 0 0 -35 0 0 30 0 0 -30 0 0 0 0
-6 -41 15 0 5 5 25 180 5 -40 5 0 125 -90 95 -5 5 -20 30 0 0 -35 0 0 30 0 0 -30 0 0 0 0
-6 -41 15 0 5 5 0 180 5 -10 5 0 90 -90 95 0 5 -10 30 0 0 -35 0 0 30 0 0 -30 0 0 0 0
-6 -41 15 0 5 5 0 180 5 -10 5 0 90 -90 95 0 5 -10 30 0 0 -35 0 0 30 0 0 -30 0 0 0 0
-6 -41 15 0 5 5 0 180 5 -10 5 0 90 -90 95 0 5 -10 30 0 0 -35 0 0 30 0 0 -30 0 0 0 0
-6 -41 15 0 5 5 0 180 5 -10 5 0 90 -90 95 0 5 -10 30 0 0 -35 0 0 30 0 0 -30 0 0 0 0
-6 -41 15 0 5 5 0 180 5 -10 5 0 90 -90 95 0 5 -10 30 0 0 -35 0 0 30 0 0 -30 0 0 0 0
-6 -41 15 0 5 5 0 180 5 -10 5 0 90 -90 95 0 5 -10 30 0 0 -35 0 0 30 0 0 -30 0 0 0 0
-6 -41 15 0 5 5 0 180 5 -10 5 0 90 -90 95 0 5 -10 30 0 0 -35 0 0 30 0 0 -30 0 0 0 0
-6 -41 15 0 5 5 0 180 5 -10 5 0 90 -90 95 0 5 -10 30 0 0 -35 0 0 30 0 0 -30 0 0 0 0
-6 -41 15 0 5 5 0 180 5 -10 5 0 90 -90 95 0 5 -10 30 0 0 -35 0 0 30 0 0 -30 0 0 0 0
-6 -41 15 0 5 5 0 180 5 -10 5 0 90 -90 95 0 5 -10 30 0 0 -35 0 0 30 0 0 -30 0 0 0 0
-6 -41 15 0 5 5 0 180 5 -10 5 0 90 -90 95 0 5 -10 30 0 0 -35 0 0 30 0 0 -30 0 0 0 0
-6 -41 15 0 5 5 0 180 5 -10 5 0 90 -90 95 0 5 -10 30 0 0 -35 0 0 30 0 0 -30 0 0 0 0
-6 -41 15 0 5 5 0 180 5 -10 5 0 90 -90 95 0 5 -10 30 0 0 -35 0 0 30 0 0 -30 0 0 0 0
-6 -41 15 0 5 5 0 180 5 -10 5 0 90 -90 95 0 5 -10 30 0 0 -35 0 0 30 0 0 -30 0 0 0 0
-6 -41 15 0 5 5 0 180 5 -10 5 0 90 -90 95 0 5 -10 30 0 0 -35 0 0 30 0 0 -30 0 0 0 0
-6 -41 15 0 5 5 0 180 5 -10 5 0 90 -90 95 0 5 -10 30 0 0 -35 0 0 30 0 0 -30 0 0 0 0
-6 -41 15 0 5 5 0 180 5 -10 5 0 90 -90 95 0 5 -10 30 0 0 -35 0 0 30 0 0 -30 0 0 0 0
-6 -41 15 0 5 5 0 180 5 -10 5 0 90 -90 95 0 5 -10 30 0 0 -35 0 0 30 0 0 -30 0 0 0 0
-6 -41 15 0 5 5 0 180 5 -10 5 0 90 -90 95 0 5 -10 30 0 0 -35 0 0 30 0 0 -30 0 0 0 0
-6 -41 15 0 5 5 0 180 5 -10 5 0 90 -90 95 0 5 -10 30 0 0 -35 0 0 30 0 0 -30 0 0 0 0
-6 -41 15 0 5 5 0 180 5 -10 5 0 90 -90 95 0 5 -10 30 0 0 -35 0 0 30 0 0 -30 0 0 0 0
-6 -41 15 0 5 5 0 180 5 -10 5 0 90 -90 95 0 5 -10 30 0 0 -35 0 0 30 0 0 -30 0 0 0 0
-6 -41 15 0 5 5 0 180 5 -10 5 0 90 -90 95 0 5 -10 30 0 0 -35 0 0 30 0 0 -30 0 0 0 0
-6 -41 15 0 5 5 0 180 5 -10 5 0 90 -90 95 0 5 -10 30 0 0 -35 0 0 30 0 0 -30 0 0 0 0
-6 -41 15 0 5 5 35 180 5 -10 5 -30 145 -90 95 -35 5 -10 55 30 -20 -35 0 0 55 -25 20 -30 0 0 0 0
-6 -41 15 0 5 5 60 180 5 -10 5 -80 250 -90 95 -45 5 -10 55 40 -35 -45 0 0 65 -35 20 -45 0 0 0 0
-6 -41 15 10 15 15 65 180 5 -10 5 -80 235 -90 95 175 130 145 55 40 -35 -45 0 0 65 -35 20 -45 0 0 0 0
-6 -41 15 0 5 5 65 180 5 -10 5 -80 215 -90 95 175 190 145 55 40 -35 -45 0 0 65 -35 20 -45 0 0 0 0
-6 -41 15 10 15 15 65 180 5 -10 5 -80 230 -90 95 175 210 145 55 40 -35 -45 0 0 65 -35 20 -45 0 0 0 0
-6 -41 15 0 5 5 65 180 5 -10 5 -80 220 -90 95 175 230 145 55 40 -35 -45 0 0 65 -35 20 -45 0 0 0 0
-6 -41 15 -10 -5 -5 65 180 5 -10 5 -80 240 -90 95 175 10 145 55 40 -35 -45 0 0 65 -35 20 -45 0 0 0 0
-6 -41 15 -5 5 5 65 180 5 -10 5 -80 260 -90 95 175 55 145 55 40 -35 -45 0 0 65 -35 20 -45 0 0 0 0
-6 -41 15 0 5 5 35 180 5 -10 5 -30 145 -90 95 -35 5 -10 55 30 -20 -35 0 0 55 -25 20 -30 0 0 0 0
-6 -41 15 0 5 5 60 180 5 -10 5 -80 250 -90 95 -45 5 -10 55 40 -35 -45 0 0 65 -35 20 -45 0 0 0 0
-6 -41 15 10 15 15 65 180 5 -10 5 -80 235 -90 95 175 130 145 55 40 -35 -45 0 0 65 -35 20 -45 0 0 0 0
-6 -41 15 0 5 5 65 180 5 -10 5 -80 215 -90 95 175 190 145 55 40 -35 -45 0 0 65 -35 20 -45 0 0 0 0
-6 -41 15 10 15 15 65 180 5 -10 5 -80 230 -90 95 175 210 145 55 40 -35 -45 0 0 65 -35 20 -45 0 0 0 0
-6 -41 15 0 5 5 65 180 5 -10 5 -80 220 -90 95 175 230 145 55 40 -35 -45 0 0 65 -35 20 -45 0 0 0 0
-6 -41 15 -10 -5 -5 65 180 5 -10 5 -80 240 -90 95 175 10 145 55 40 -35 -45 0 0 65 -35 20 -45 0 0 0 0
-6 -41 15 -5 5 5 65 180 5 -10 5 -80 260 -90 95 175 55 145 55 40 -35 -45 0 0 65 -35 20 -45 0 0 0 0
-6 -41 15 0 5 5 35 180 5 -10 5 -30 145 -90 95 -35 5 -10 55 30 -20 -35 0 0 55 -25 20 -30 0 0 0 0
-6 -41 15 0 5 5 60 180 5 -10 5 -80 250 -90 95 -45 5 -10 55 40 -35 -45 0 0 65 -35 20 -45 0 0 0 0
-6 -41 15 10 15 15 65 180 5 -10 5 -80 235 -90 95 175 130 145 55 40 -35 -45 0 0 65 -35 20 -45 0 0 0 0
-6 -41 15 0 5 5 65 180 5 -10 5 -80 215 -90 95 175 190 145 55 40 -35 -45 0 0 65 -35 20 -45 0 0 0 0
-6 -41 15 10 15 15 65 180 5 -10 5 -80 230 -90 95 175 210 145 55 40 -35 -45 0 0 65 -35 20 -45 0 0 0 0
-6 -41 15 0 5 5 65 180 5 -10 5 -80 220 -90 95 175 230 145 55 40 -35 -45 0 0 65 -35 20 -45 0 0 0 0
-6 -41 15 -10 -5 -5 65 180 5 -10 5 -80 240 -90 95 175 10 145 55 40 -35 -45 0 0 65 -35 20 -45 0 0 0 0
-6 -41 15 -5 5 5 65 180 5 -10 5 -80 260 -90 95 175 55 145 55 40 -35 -45 0 0 65 -35 20 -45 0 0 0 0
-6 -41 15 0 5 5 35 180 5 -10 5 -30 145 -90 95 -35 5 -10 55 30 -20 -35 0 0 55 -25 20 -30 0 0 0 0
-6 -41 15 0 5 5 60 180 5 -10 5 -80 250 -90 95 -45 5 -10 55 40 -35 -45 0 0 65 -35 20 -45 0 0 0 0
-6 -41 15 10 15 15 65 180 5 -10 5 -80 235 -90 95 175 130 145 55 40 -35 -45 0 0 65 -35 20 -45 0 0 0 0
-6 -41 15 0 5 5 65 180 5 -10 5 -80 215 -90 95 175 190 145 55 40 -35 -45 0 0 65 -35 20 -45 0 0 0 0
-6 -41 15 10 15 15 65 180 5 -10 5 -80 230 -90 95 175 210 145 55 40 -35 -45 0 0 65 -35 20 -45 0 0 0 0
-6 -41 15 0 5 5 65 180 5 -10 5 -80 220 -90 95 175 230 145 55 40 -35 -45 0 0 65 -35 20 -45 0 0 0 0
-6 -41 15 -10 -5 -5 65 180 5 -10 5 -80 240 -90 95 175 10 145 55 40 -35 -45 0 0 65 -35 20 -45 0 0 0 0
-6 -41 15 -5 5 5 65 180 5 -10 5 -80 260 -90 95 175 55 145 55 40 -35 -45 0 0 65 -35 20 -45 0 0 0 0
-6 -41 15 0 5 5 35 180 5 -10 5 -30 145 -90 95 -35 5 -10 55 30 -20 -35 0 0 55 -25 20 -30 0 0 0 0
-6 -41 15 0 5 5 60 180 5 -10 5 -80 250 -90 95 -45 5 -10 55 40 -35 -45 0 0 65 -35 20 -45 0 0 0 0
-6 -41 15 10 15 15 65 180 5 -10 5 -80 235 -90 95 175 130 145 55 40 -35 -45 0 0 65 -35 20 -45 0 0 0 0
-6 -41 15 0 5 5 65 180 5 -10 5 -80 215 -90 95 175 190 145 55 40 -35 -45 0 0 65 -35 20 -45 0 0 0 0
-6 -41 15 10 15 15 65 180 5 -10 5 -80 230 -90 95 175 210 145 55 40 -35 -45 0 0 65 -35 20 -45 0 0 0 0
-6 -41 15 0 5 5 65 180 5 -10 5 -80 220 -90 95 175 230 145 55 40 -35 -45 0 0 65 -35 20 -45 0 0 0 0
-6 -41 15 -10 -5 -5 65 180 5 -10 5 -80 240 -90 95 175 10 145 55 40 -35 -45 0 0 65 -35 20 -45 0 0 0 0
-6 -41 15 -5 5 5 65 180 5 -10 5 -80 260 -90 95 175 55 145 55 40 -35 -45 0 0 65 -35 20 -45 0 0 0 0
-6 -41 15 0 5 5 35 180 5 -10 5 -30 145 -90 95 -35 5 -10 55 30 -20 -35 0 0 55 -25 20 -30 0 0 0 0
-6 -41 15 0 5 5 60 180 5 -10 5 -80 250 -90 95 -45 5 -10 55 40 -35 -45 0 0 65 -35 20 -45 0 0 0 0
-6 -41 15 10 15 15 65 180 5 -10 5 -80 235 -90 95 175 130 145 55 40 -35 -45 0 0 65 -35 20 -45 0 0 0 0
-6 -41 15 0 5 5 65 180 5 -10 5 -80 215 -90 95 175 190 145 55 40 -35 -45 0 0 65 -35 20 -45 0 0 0 0
-6 -41 15 10 15 15 65 180 5 -10 5 -80 230 -90 95 175 210 145 55 40 -35 -45 0 0 65 -35 20 -45 0 0 0 0
-6 -41 15 0 5 5 65 180 5 -10 5 -80 220 -90 95 175 230 145 55 40 -35 -45 0 0 65 -35 20 -45 0 0 0 0
-6 -41 15 -10 -5 -5 65 180 5 -10 5 -80 240 -90 95 175 10 145 55 40 -35 -45 0 0 65 -35 20 -45 0 0 0 0
-6 -41 15 -5 5 5 65 180 5 -10 5 -80 260 -90 95 175 55 145 55 40 -35 -45 0 0 65 -35 20 -45 0 0 0 0
-6 -41 15 0 5 5 35 180 5 -10 5 -30 145 -90 95 -35 5 -10 55 30 -20 -35 0 0 55 -25 20 -30 0 0 0 0
-6 -41 15 0 5 5 60 180 5 -10 5 -80 250 -90 95 -45 5 -10 55 40 -35 -45 0 0 65 -35 20 -45 0 0 0 0
-6 -41 15 10 15 15 65 180 5 -10 5 -80 235 -90 95 175 130 145 55 40 -35 -45 0 0 65 -35 20 -45 0 0 0 0
-6 -41 15 0 5 5 65 180 5 -10 5 -80 215 -90 95 175 190 145 55 40 -35 -45 0 0 65 -35 20 -45 0 0 0 0
-6 -41 15 10 15 15 65 180 5 -10 5 -80 230 -90 95 175 210 145 55 40 -35 -45 0 0 65 -35 20 -45 0 0 0 0
-6 -41 15 0 5 5 65 180 5 -10 5 -80 220 -90 95 175 230 145 55 40 -35 -45 0 0 65 -35 20 -45 0 0 0 0
-6 -41 15 -10 -5 -5 65 180 5 -10 5 -80 240 -90 95 175 10 145 55 40 -35 -45 0 0 65 -35 20 -45 0 0 0 0
-6 -41 15 -5 5 5 65 180 5 -10 5 -80 260 -90 95 175 55 145 55 40 -35 -45 0 0 65 -35 20 -45 0 0 0 0
-6 -41 15 0 5 5 35 180 5 -10 5 -30 145 -90 95 -35 5 -10 55 30 -20 -35 0 0 55 -25 20 -30 0 0 0 0
-6 -41 15 0 5 5 60 180 5 -10 5 -80 250 -90 95 -45 5 -10 55 40 -35 -45 0 0 65 -35 20 -45 0 0 0 0
-6 -41 15 10 15 15 65 180 5 -10 5 -80 235 -90 95 175 130 145 55 40 -35 -45 0 0 65 -35 20 -45 0 0 0 0
-6 -41 15 0 5 5 65 180 5 -10 5 -80 215 -90 95 175 190 145 55 40 -35 -45 0 0 65 -35 20 -45 0 0 0 0
-6 -41 15 10 15 15 65 180 5 -10 5 -80 230 -90 95 175 210 145 55 40 -35 -45 0 0 65 -35 20 -45 0 0 0 0
-6 -41 15 0 5 5 65 180 5 -10 5 -80 220 -90 95 175 230 145 55 40 -35 -45 0 0 65 -35 20 -45 0 0 0 0
-6 -41 15 -10 -5 -5 65 180 5 -10 5 -80 240 -90 95 175 10 145 55 40 -35 -45 0 0 65 -35 20 -45 0 0 0 0
-6 -41 15 -5 5 5 65 180 5 -10 5 -80 260 -90 95 175 55 145 55 40 -35 -45 0 0 65 -35 20 -45 0 0 0 0
-6 -41 15 0 5 5 35 180 5 -10 5 -30 145 -90 95 -35 5 -10 55 30 -20 -35 0 0 55 -25 20 -30 0 0 0 0
-6 -41 15 0 5 5 60 180 5 -10 5 -80 250 -90 95 -45 5 -10 55 40 -35 -45 0 0 65 -35 20 -45 0 0 0 0
-6 -41 15 10 15 15 65 180 5 -10 5 -80 235 -90 95 175 130 145 55 40 -35 -45 0 0 65 -35 20 -45 0 0 0 0
-6 -41 15 0 5 5 65 180 5 -10 5 -80 215 -90 95 175 190 145 55 40 -35 -45 0 0 65 -35 20 -45 0 0 0 0
-6 -41 15 10 15 15 65 180 5 -10 5 -80 230 -90 95 175 210 145 55 40 -35 -45 0 0 65 -35 20 -45 0 0 0 0
-6 -41 15 0 5 5 65 180 5 -10 5 -80 220 -90 95 175 230 145 55 40 -35 -45 0 0 65 -35 20 -45 0 0 0 0
-6 -41 15 -10 -5 -5 65 180 5 -10 5 -80 240 -90 95 175 10 145 55 40 -35 -45 0 0 65 -35 20 -45 0 0 0 0
-6 -41 15 -5 5 5 65 180 5 -10 5 -80 260 -90 95 175 55 145 55 40 -35 -45 0 0 65 -35 20 -45 0 0 0 0
-6 -41 15 0 5 5 35 180 5 -10 5 -30 145 -90 95 -35 5 -10 55 30 -20 -35 0 0 55 -25 20 -30 0 0 0 0
-6 -41 15 0 5 5 60 180 5 -10 5 -80 250 -90 95 -45 5 -10 55 40 -35 -45 0 0 65 -35 20 -45 0 0 0 0
-6 -41 15 10 15 15 65 180 5 -10 5 -80 235 -90 95 175 130 145 55 40 -35 -45 0 0 65 -35 20 -45 0 0 0 0
-6 -41 15 0 5 5 65 180 5 -10 5 -80 215 -90 95 175 190 145 55 40 -35 -45 0 0 65 -35 20 -45 0 0 0 0
-6 -41 15 10 15 15 65 180 5 -10 5 -80 230 -90 95 175 210 145 55 40 -35 -45 0 0 65 -35 20 -45 0 0 0 0
-6 -41 15 0 5 5 65 180 5 -10 5 -80 220 -90 95 175 230 145 55 40 -35 -45 0 0 65 -35 20 -45 0 0 0 0
-6 -41 15 -10 -5 -5 65 180 5 -10 5 -80 240 -90 95 175 10 145 55 40 -35 -45 0 0 65 -35 20 -45 0 0 0 0
-6 -41 15 -5 5 5 65 180 5 -10 5 -80 260 -90 95 175 55 145 55 40 -35 -45 0 0 65 -35 20 -45 0 0 0 0
-6 -41 15 0 5 5 35 180 5 -10 5 -30 145 -90 95 -35 5 -10 55 30 -20 -35 0 0 55 -25 20 -30 0 0 0 0
-6 -41 15 0 5 5 60 180 5 -10 5 -80 250 -90 95 -45 5 -10 55 40 -35 -45 0 0 65 -35 20 -45 0 0 0 0
-6 -41 15 10 15 15 65 180 5 -10 5 -80 235 -90 95 175 130 145 55 40 -35 -45 0 0 65 -35 20 -45 0 0 0 0
-6 -41 15 0 5 5 65 180 5 -10 5 -80 215 -90 95 175 190 145 55 40 -35 -45 0 0 65 -35 20 -45 0 0 0 0
-6 -41 15 10 15 15 65 180 5 -10 5 -80 230 -90 95 175 210 145 55 40 -35 -45 0 0 65 -35 20 -45 0 0 0 0
-6 -41 15 0 5 5 65 180 5 -10 5 -80 220 -90 95 175 230 145 55 40 -35 -45 0 0 65 -35 20 -45 0 0 0 0
-6 -41 15 -10 -5 -5 65 180 5 -10 5 -80 240 -90 95 175 10 145 55 40 -35 -45 0 0 65 -35 20 -45 0 0 0 0
-6 -41 15 -5 5 5 65 180 5 -10 5 -80 260 -90 95 175 55 145 55 40 -35 -45 0 0 65 -35 20 -45 0 0 0 0
