0 0 0 0 0 0 0 0 0 0 0 0 0 0 0 0 0 0 0 0 0 0 0 0 0 0 0 0 0 0 0 0
0 0 0 0 0 0 0 0 0 0 0 0 0 0 0 0 0 0 0 0 0 0 0 0 0 0 0 0 0 0 0 0
0 0 0 0 0 0 0 0 0 0 0 0 0 0 0 0 0 0 0 0 0 0 0 0 0 0 0 0 0 0 0 0
0 0 0 0 0 0 0 0 0 0 0 0 0 0 0 0 0 0 0 0 0 0 0 0 0 0 0 0 0 0 0 0
0 0 0 0 0 0 0 0 0 0 0 0 0 0 0 0 0 0 0 0 0 0 0 0 0 0 0 0 0 0 0 0
0 0 0 0 0 0 0 0 0 0 0 0 0 0 0 0 0 0 0 0 0 0 0 0 0 0 0 0 0 0 0 0
0 0 0 0 0 0 0 0 0 0 0 0 0 0 0 0 0 0 0 0 0 0 0 0 0 0 0 0 0 0 0 0
0 0 0 0 0 0 0 0 0 0 0 0 0 0 0 0 0 0 0 0 0 0 0 0 0 0 0 0 0 0 0 0
0 0 0 0 0 0 0 0 0 0 0 0 0 0 0 0 0 0 0 0 0 0 0 0 0 0 0 0 0 0 0 0
0 0 0 0 0 0 0 0 0 0 0 0 0 0 0 0 0 0 0 0 0 0 0 0 0 0 0 0 0 0 0 0
0 0 0 0 0 0 0 0 0 0 0 0 0 0 0 0 0 0 0 0 0 0 0 0 0 0 0 0 0 0 0 0
0 0 0 0 0 0 0 0 0 0 0 0 0 0 0 0 0 0 0 0 0 0 0 0 0 0 0 0 0 0 0 0
0 0 0 0 0 0 0 0 0 0 0 0 0 0 0 0 0 0 0 0 0 0 0 0 0 0 0 0 0 0 0 0
0 0 0 0 0 0 0 0 0 0 0 0 0 0 0 0 0 0 0 0 0 0 0 0 0 0 0 0 0 0 0 0
0 0 0 0 0 0 0 0 0 0 0 0 0 0 0 0 0 0 0 0 0 0 0 0 0 0 0 0 0 0 0 0
0 0 0 0 0 0 0 0 0 0 0 0 0 0 0 0 0 0 0 0 0 0 0 0 0 0 0 0 0 0 0 0
0 0 0 0 0 0 0 0 0 0 0 0 0 0 0 0 0 0 0 0 0 0 0 0 0 0 0 0 0 0 0 0
0 0 0 0 0 0 0 0 0 0 0 0 0 0 0 0 0 0 0 0 0 0 0 0 0 0 0 0 0 0 0 0
0 0 0 0 0 0 0 0 0 0 0 0 0 0 0 0 0 0 0 0 0 0 0 0 0 0 0 0 0 0 0 0
0 0 0 0 0 0 0 0 0 0 0 0 0 0 0 0 0 0 0 0 0 0 0 0 0 0 0 0 0 0 0 0
0 0 0 0 0 0 0 0 0 0 0 0 0 0 0 0 0 0 0 0 0 0 0 0 0 0 0 0 0 0 0 0
0 0 0 0 0 0 0 0 0 0 0 0 0 0 0 0 0 0 0 0 0 0 0 0 0 0 0 0 0 0 0 0
0 0 0 0 0 0 0 0 0 0 0 0 0 0 0 0 0 0 0 0 0 0 0 0 0 0 0 0 0 0 0 0
0 0 0 0 0 0 0 0 0 0 0 0 0 0 0 0 0 0 0 0 0 0 0 0 0 0 0 0 0 0 0 0
0 0 0 0 0 0 0 0 0 0 0 0 0 0 0 0 0 0 0 0 0 0 0 0 0 0 0 0 0 0 0 0
0 0 0 0 0 0 0 0 0 0 0 0 0 0 0 0 0 0 0 0 0 0 0 0 0 0 0 0 0 0 0 0
0 0 0 0 0 0 0 0 0 0 0 0 0 0 0 0 0 0 0 0 0 0 0 0 0 0 0 0 0 0 0 0
0 0 0 0 0 0 0 0 0 0 0 0 0 0 0 0 0 0 0 0 0 0 0 0 0 0 0 0 0 0 0 0
0 0 0 0 0 0 0 0 0 0 0 0 0 0 0 0 0 0 0 0 0 0 0 0 0 0 0 0 0 0 0 0
0 0 0 0 0 0 0 0 0 0 0 0 0 0 0 0 0 0 0 0 0 0 0 0 0 0 0 0 0 0 0 0
0 0 0 0 0 0 0 0 0 0 0 0 0 0 0 0 0 0 0 0 0 0 0 0 0 0 0 0 0 0 0 0
0 0 0 0 0 0 0 0 0 0 0 0 0 0 0 0 0 0 0 0 0 0 0 0 0 0 0 0 0 0 0 0
0 0 0 0 0 0 0 0 0 0 0 0 0 0 0 0 0 0 0 0 0 0 0 0 0 0 0 0 0 0 0 0
0 0 0 0 0 0 0 0 0 0 0 0 0 0 0 0 0 0 0 0 0 0 0 0 0 0 0 0 0 0 0 0
0 0 0 0 0 0 0 0 0 0 0 0 0 0 0 0 0 0 0 0 0 0 0 0 0 0 0 0 0 0 0 0
0 0 0 0 0 0 0 0 0 0 0 0 0 0 0 0 0 0 0 0 0 0 0 0 0 0 0 0 0 0 0 0
0 0 0 0 0 0 0 0 0 0 0 0 0 0 0 0 0 0 0 0 0 0 0 0 0 0 0 0 0 0 0 0
0 0 0 0 0 0 0 0 0 0 0 0 0 0 0 0 0 0 0 0 0 0 0 0 0 0 0 0 0 0 0 0
0 0 0 0 0 0 0 0 0 0 0 0 0 0 0 0 0 0 0 0 0 0 0 0 0 0 0 0 0 0 0 0
0 0 0 0 0 0 0 0 0 0 0 0 0 0 0 0 0 0 0 0 0 0 0 0 0 0 0 0 0 0 0 0
0 0 0 0 0 0 0 0 0 0 0 0 0 0 0 0 0 0 0 0 0 0 0 0 0 0 0 0 0 0 0 0
0 0 0 0 0 0 0 0 0 0 0 0 0 0 0 0 0 0 0 0 0 0 0 0 0 0 0 0 0 0 0 0
0 0 0 0 0 0 0 0 0 0 0 0 0 0 0 0 0 0 0 0 0 0 0 0 0 0 0 0 0 0 0 0
0 0 0 0 0 0 0 0 0 0 0 0 0 0 0 0 0 0 0 0 0 0 0 0 0 0 0 0 0 0 0 0
0 0 0 0 0 0 0 0 0 0 0 0 0 0 0 0 0 0 0 0 0 0 0 0 0 0 0 0 0 0 0 0
0 0 0 0 0 0 0 0 0 0 0 0 0 0 0 0 0 0 0 0 0 0 0 0 0 0 0 0 0 0 0 0
0 0 0 0 0 0 0 0 0 0 0 0 0 0 0 0 0 0 0 0 0 0 0 0 0 0 0 0 0 0 0 0
0 0 0 0 0 0 0 0 0 0 0 0 0 0 0 0 0 0 0 0 0 0 0 0 0 0 0 0 0 0 0 0
0 0 0 0 0 0 0 0 0 0 0 0 0 0 0 0 0 0 0 0 0 0 0 0 0 0 0 0 0 0 0 0
0 0 0 0 0 0 0 0 0 0 0 0 0 0 0 0 0 0 0 0 0 0 0 0 0 0 0 0 0 0 0 0
0 0 0 0 0 0 0 0 0 0 0 0 0 0 0 0 0 0 0 0 0 0 0 0 0 0 0 0 0 0 0 0
0 0 0 0 0 0 0 0 0 0 0 0 0 0 0 0 0 0 0 0 0 0 0 0 0 0 0 0 0 0 0 0
0 0 0 0 0 0 0 0 0 0 0 0 0 0 0 0 0 0 0 0 0 0 0 0 0 0 0 0 0 0 0 0
0 0 0 0 0 0 0 0 0 0 0 0 0 0 0 0 0 0 0 0 0 0 0 0 0 0 0 0 0 0 0 0
0 0 0 0 0 0 0 0 0 0 0 0 0 0 0 0 0 0 0 0 0 0 0 0 0 0 0 0 0 0 0 0
0 0 0 0 0 0 0 0 0 0 0 0 0 0 0 0 0 0 0 0 0 0 0 0 0 0 0 0 0 0 0 0
0 0 0 0 0 0 0 0 0 0 0 0 0 0 0 0 0 0 0 0 0 0 0 0 0 0 0 0 0 0 0 0
0 0 0 0 0 0 0 0 0 0 0 0 0 0 0 0 0 0 0 0 0 0 0 0 0 0 0 0 0 0 0 0
0 0 0 0 0 0 0 0 0 0 0 0 0 0 0 0 0 0 0 0 0 0 0 0 0 0 0 0 0 0 0 0
0 0 0 0 0 0 0 0 0 0 0 0 0 0 0 0 0 0 0 0 0 0 0 0 0 0 0 0 0 0 0 0
0 0 0 0 0 0 0 0 0 0 0 0 0 0 0 0 0 0 0 0 0 0 0 0 0 0 0 0 0 0 0 0
0 0 0 0 0 0 0 0 0 0 0 0 0 0 0 0 0 0 0 0 0 0 0 0 0 0 0 0 0 0 0 0
0 0 0 0 0 0 0 0 0 0 0 0 0 0 0 0 0 0 0 0 0 0 0 0 0 0 0 0 0 0 0 0
0 0 0 0 0 0 0 0 0 0 0 0 0 0 0 0 0 0 0 0 0 0 0 0 0 0 0 0 0 0 0 0
0 0 0 0 0 0 0 0 0 0 0 0 0 0 0 0 0 0 0 0 0 0 0 0 0 0 0 0 0 0 0 0
0 0 0 0 0 0 0 0 0 0 0 0 0 0 0 0 0 0 0 0 0 0 0 0 0 0 0 0 0 0 0 0
0 0 0 0 0 0 0 0 0 0 0 0 0 0 0 0 0 0 0 0 0 0 0 0 0 0 0 0 0 0 0 0
0 0 0 0 0 0 0 0 0 0 0 0 0 0 0 0 0 0 0 0 0 0 0 0 0 0 0 0 0 0 0 0
0 0 0 0 0 0 0 0 0 0 0 0 0 0 0 0 0 0 0 0 0 0 0 0 0 0 0 0 0 0 0 0
0 0 0 0 0 0 0 0 0 0 0 0 0 0 0 0 0 0 0 0 0 0 0 0 0 0 0 0 0 0 0 0
0 0 0 0 0 0 0 0 0 0 0 0 0 0 0 0 0 0 0 0 0 0 0 0 0 0 0 0 0 0 0 0
0 0 0 0 0 0 0 0 0 0 0 0 0 0 0 0 0 0 0 0 0 0 0 0 0 0 0 0 0 0 0 0
0 0 0 0 0 0 0 0 0 0 0 0 0 0 0 0 0 0 0 0 0 0 0 0 0 0 0 0 0 0 0 0
0 0 0 0 0 0 0 0 0 0 0 0 0 0 0 0 0 0 0 0 0 0 0 0 0 0 0 0 0 0 0 0
0 0 0 0 0 0 0 0 0 0 0 0 0 0 0 0 0 0 0 0 0 0 0 0 0 0 0 0 0 0 0 0
0 0 0 0 0 0 0 0 0 0 0 0 0 0 0 0 0 0 0 0 0 0 0 0 0 0 0 0 0 0 0 0
0 0 0 0 0 0 0 0 0 0 0 0 0 0 0 0 0 0 0 0 0 0 0 0 0 0 0 0 0 0 0 0
0 0 0 0 0 0 0 0 0 0 0 0 0 0 0 0 0 0 0 0 0 0 0 0 0 0 0 0 0 0 0 0
0 0 0 0 0 0 0 0 0 0 0 0 0 0 0 0 0 0 0 0 0 0 0 0 0 0 0 0 0 0 0 0
0 0 0 0 0 0 0 0 0 0 0 0 0 0 0 0 0 0 0 0 0 0 0 0 0 0 0 0 0 0 0 0
0 0 0 0 0 0 0 0 0 0 0 0 0 0 0 0 0 0 0 0 0 0 0 0 0 0 0 0 0 0 0 0
0 0 0 0 0 0 0 0 0 0 0 0 0 0 0 0 0 0 0 0 0 0 0 0 0 0 0 0 0 0 0 0
0 0 0 0 0 0 0 0 0 0 0 0 0 0 0 0 0 0 0 0 0 0 0 0 0 0 0 0 0 0 0 0
0 0 0 0 0 0 0 0 0 0 0 0 0 0 0 0 0 0 0 0 0 0 0 0 0 0 0 0 0 0 0 0
0 0 0 0 0 0 0 0 0 0 0 0 0 0 0 0 0 0 0 0 0 0 0 0 0 0 0 0 0 0 0 0
0 0 0 0 0 0 0 0 0 0 0 0 0 0 0 0 0 0 0 0 0 0 0 0 0 0 0 0 0 0 0 0
0 0 0 0 0 0 0 0 0 0 0 0 0 0 0 0 0 0 0 0 0 0 0 0 0 0 0 0 0 0 0 0
0 0 0 0 0 0 0 0 0 0 0 0 0 0 0 0 0 0 0 0 0 0 0 0 0 0 0 0 0 0 0 0
0 0 0 0 0 0 0 0 0 0 0 0 0 0 0 0 0 0 0 0 0 0 0 0 0 0 0 0 0 0 0 0
0 0 0 0 0 0 0 0 0 0 0 0 0 0 0 0 0 0 0 0 0 0 0 0 0 0 0 0 0 0 0 0
0 0 0 0 0 0 0 0 0 0 0 0 0 0 0 0 0 0 0 0 0 0 0 0 0 0 0 0 0 0 0 0
0 0 0 0 0 0 0 0 0 0 0 0 0 0 0 0 0 0 0 0 0 0 0 0 0 0 0 0 0 0 0 0
0 0 0 0 0 0 0 0 0 0 0 0 0 0 0 0 0 0 0 0 0 0 0 0 0 0 0 0 0 0 0 0
0 0 0 0 0 0 0 0 0 0 0 0 0 0 0 0 0 0 0 0 0 0 0 0 0 0 0 0 0 0 0 0
0 0 0 0 0 0 0 0 0 0 0 0 0 0 0 0 0 0 0 0 0 0 0 0 0 0 0 0 0 0 0 0
0 0 0 0 0 0 0 0 0 0 0 0 0 0 0 0 0 0 0 0 0 0 0 0 0 0 0 0 0 0 0 0
0 0 0 0 0 0 0 0 0 0 0 0 0 0 0 0 0 0 0 0 0 0 0 0 0 0 0 0 0 0 0 0
0 0 0 0 0 0 0 0 0 0 0 0 0 0 0 0 0 0 0 0 0 0 0 0 0 0 0 0 0 0 0 0
0 0 0 0 0 0 0 0 0 0 0 0 0 0 0 0 0 0 0 0 0 0 0 0 0 0 0 0 0 0 0 0
0 0 0 0 0 0 0 0 0 0 0 0 0 0 0 0 0 0 0 0 0 0 0 0 0 0 0 0 0 0 0 0
0 0 0 0 0 0 0 0 0 0 0 0 0 0 0 0 0 0 0 0 0 0 0 0 0 0 0 0 0 0 0 0
0 0 0 0 0 0 0 0 0 0 0 0 0 0 0 0 0 0 0 0 0 0 0 0 0 0 0 0 0 0 0 0
0 0 0 0 0 0 0 0 0 0 0 0 0 0 0 0 0 0 0 0 0 0 0 0 0 0 0 0 0 0 0 0
0 0 0 0 0 0 0 0 0 0 0 0 0 0 0 0 0 0 0 0 0 0 0 0 0 0 0 0 0 0 0 0
0 0 0 0 0 0 0 0 0 0 0 0 0 0 0 0 0 0 0 0 0 0 0 0 0 0 0 0 0 0 0 0
0 0 0 0 0 0 0 0 0 0 0 0 0 0 0 0 0 0 0 0 0 0 0 0 0 0 0 0 0 0 0 0
0 0 0 0 0 0 0 0 0 0 0 0 0 0 0 0 0 0 0 0 0 0 0 0 0 0 0 0 0 0 0 0
0 0 0 0 0 0 0 0 0 0 0 0 0 0 0 0 0 0 0 0 0 0 0 0 0 0 0 0 0 0 0 0
0 0 0 0 0 0 0 0 0 0 0 0 0 0 0 0 0 0 0 0 0 0 0 0 0 0 0 0 0 0 0 0
0 0 0 0 0 0 0 0 0 0 0 0 0 0 0 0 0 0 0 0 0 0 0 0 0 0 0 0 0 0 0 0
0 0 0 0 0 0 0 0 0 0 0 0 0 0 0 0 0 0 0 0 0 0 0 0 0 0 0 0 0 0 0 0
0 0 0 0 0 0 0 0 0 0 0 0 0 0 0 0 0 0 0 0 0 0 0 0 0 0 0 0 0 0 0 0
0 0 0 0 0 0 0 0 0 0 0 0 0 0 0 0 0 0 0 0 0 0 0 0 0 0 0 0 0 0 0 0
0 0 0 0 0 0 0 0 0 0 0 0 0 0 0 0 0 0 0 0 0 0 0 0 0 0 0 0 0 0 0 0
0 0 0 0 0 0 0 0 0 0 0 0 0 0 0 0 0 0 0 0 0 0 0 0 0 0 0 0 0 0 0 0
0 0 0 0 0 0 0 0 0 0 0 0 0 0 0 0 0 0 0 0 0 0 0 0 0 0 0 0 0 0 0 0
0 0 0 0 0 0 0 0 0 0 0 0 0 0 0 0 0 0 0 0 0 0 0 0 0 0 0 0 0 0 0 0
0 0 0 0 0 0 0 0 0 0 0 0 0 0 0 0 0 0 0 0 0 0 0 0 0 0 0 0 0 0 0 0
0 0 0 0 0 0 0 0 0 0 0 0 0 0 0 0 0 0 0 0 0 0 0 0 0 0 0 0 0 0 0 0
0 0 0 0 0 0 0 0 0 0 0 0 0 0 0 0 0 0 0 0 0 0 0 0 0 0 0 0 0 0 0 0
0 0 0 0 0 0 0 0 0 0 0 0 0 0 0 0 0 0 0 0 0 0 0 0 0 0 0 0 0 0 0 0
0 0 0 0 0 0 0 0 0 0 0 0 0 0 0 0 0 0 0 0 0 0 0 0 0 0 0 0 0 0 0 0
0 0 0 0 0 0 0 0 0 0 0 0 0 0 0 0 0 0 0 0 0 0 0 0 0 0 0 0 0 0 0 0
0 0 0 0 0 0 0 0 0 0 0 0 0 0 0 0 0 0 0 0 0 0 0 0 0 0 0 0 0 0 0 0
0 0 0 0 0 0 0 0 0 0 0 0 0 0 0 0 0 0 0 0 0 0 0 0 0 0 0 0 0 0 0 0
0 0 0 0 0 0 0 0 0 0 0 0 0 0 0 0 0 0 0 0 0 0 0 0 0 0 0 0 0 0 0 0
0 0 0 0 0 0 0 0 0 0 0 0 0 0 0 0 0 0 0 0 0 0 0 0 0 0 0 0 0 0 0 0
0 0 0 0 0 0 0 0 0 0 0 0 0 0 0 0 0 0 0 0 0 0 0 0 0 0 0 0 0 0 0 0
0 0 0 0 0 0 0 0 0 0 0 0 0 0 0 0 0 0 0 0 0 0 0 0 0 0 0 0 0 0 0 0
0 0 0 0 0 0 0 0 0 0 0 0 0 0 0 0 0 0 0 0 0 0 0 0 0 0 0 0 0 0 0 0
0 0 0 0 0 0 0 0 0 0 0 0 0 0 0 0 0 0 0 0 0 0 0 0 0 0 0 0 0 0 0 0
0 0 0 0 0 0 0 0 0 0 0 0 0 0 0 0 0 0 0 0 0 0 0 0 0 0 0 0 0 0 0 0
0 0 0 0 0 0 0 0 0 0 0 0 0 0 0 0 0 0 0 0 0 0 0 0 0 0 0 0 0 0 0 0
0 0 0 0 0 0 0 0 0 0 0 0 0 0 0 0 0 0 0 0 0 0 0 0 0 0 0 0 0 0 0 0
0 0 0 0 0 0 0 0 0 0 0 0 0 0 0 0 0 0 0 0 0 0 0 0 0 0 0 0 0 0 0 0
0 0 0 0 0 0 0 0 0 0 0 0 0 0 0 0 0 0 0 0 0 0 0 0 0 0 0 0 0 0 0 0
-7 -42 -16 0 0 0 0 0 0 0 0 0 0 0 0 0 0 0 25 0 0 -25 0 0 25 0 0 -25 0 0 0 0
-7 -42 -16 0 -20 0 0 0 0 0 0 0 95 0 0 0 0 0 100 0 0 -25 0 0 25 0 0 -25 0 0 0 0
-7 -42 -16 0 -40 0 0 0 0 0 0 0 95 0 0 0 0 0 100 0 0 -25 0 0 25 0 0 -25 0 0 0 0
-7 -42 -16 0 -65 0 0 0 0 0 0 0 95 0 0 0 0 0 100 0 0 -25 0 0 25 0 0 -25 0 0 0 0
-7 -42 -16 0 -90 0 0 0 0 0 0 0 95 0 0 0 0 0 100 0 0 -25 0 0 25 0 0 -25 0 0 0 0
-7 -42 -16 0 -120 0 0 0 0 0 0 0 95 0 0 0 0 0 100 0 0 -25 0 0 25 0 0 -25 0 0 0 0
-7 -42 -16 0 -160 0 0 0 0 0 0 0 95 0 0 0 0 0 100 0 0 -25 0 0 25 0 0 -25 0 0 0 0
-7 -42 -16 0 -205 0 0 0 0 0 0 0 95 0 0 0 0 0 100 0 0 -25 0 0 25 0 0 -25 0 0 0 0
-7 -42 -16 0 -245 0 0 0 0 0 0 0 95 0 0 0 0 0 100 0 0 -25 0 0 25 0 0 -25 0 0 0 0
-7 -42 -16 0 -295 0 0 0 0 0 0 0 95 0 0 0 0 0 100 0 0 -25 0 0 25 0 0 -25 0 0 0 0
-7 -42 -16 0 -340 0 0 0 0 0 0 0 95 0 0 0 0 0 100 0 0 -25 0 0 25 0 0 -25 0 0 0 0
-7 -42 -16 0 -10 0 0 0 0 0 0 0 95 0 0 0 0 0 100 0 0 -25 0 0 25 0 0 -25 0 0 0 0
-7 -42 -16 0 0 0 0 0 0 0 0 0 0 0 0 0 0 0 25 0 0 -25 0 0 25 0 0 -25 0 0 0 0
-7 -42 -16 0 -20 0 0 0 0 0 0 0 95 0 0 0 0 0 100 0 0 -25 0 0 25 0 0 -25 0 0 0 0
-7 -42 -16 0 -40 0 0 0 0 0 0 0 95 0 0 0 0 0 100 0 0 -25 0 0 25 0 0 -25 0 0 0 0
-7 -42 -16 0 -65 0 0 0 0 0 0 0 95 0 0 0 0 0 100 0 0 -25 0 0 25 0 0 -25 0 0 0 0
-7 -42 -16 0 -90 0 0 0 0 0 0 0 95 0 0 0 0 0 100 0 0 -25 0 0 25 0 0 -25 0 0 0 0
-7 -42 -16 0 -120 0 0 0 0 0 0 0 95 0 0 0 0 0 100 0 0 -25 0 0 25 0 0 -25 0 0 0 0
-7 -42 -16 0 -160 0 0 0 0 0 0 0 95 0 0 0 0 0 100 0 0 -25 0 0 25 0 0 -25 0 0 0 0
-7 -42 -16 0 -205 0 0 0 0 0 0 0 95 0 0 0 0 0 100 0 0 -25 0 0 25 0 0 -25 0 0 0 0
-7 -42 -16 0 -245 0 0 0 0 0 0 0 95 0 0 0 0 0 100 0 0 -25 0 0 25 0 0 -25 0 0 0 0
-7 -42 -16 0 -295 0 0 0 0 0 0 0 95 0 0 0 0 0 100 0 0 -25 0 0 25 0 0 -25 0 0 0 0
-7 -42 -16 0 -340 0 0 0 0 0 0 0 95 0 0 0 0 0 100 0 0 -25 0 0 25 0 0 -25 0 0 0 0
-7 -42 -16 0 -10 0 0 0 0 0 0 0 95 0 0 0 0 0 100 0 0 -25 0 0 25 0 0 -25 0 0 0 0
-7 -42 -16 0 0 0 0 0 0 0 0 0 0 0 0 0 0 0 25 0 0 -25 0 0 25 0 0 -25 0 0 0 0
-7 -42 -16 0 -20 0 0 0 0 0 0 0 95 0 0 0 0 0 100 0 0 -25 0 0 25 0 0 -25 0 0 0 0
-7 -42 -16 0 -40 0 0 0 0 0 0 0 95 0 0 0 0 0 100 0 0 -25 0 0 25 0 0 -25 0 0 0 0
-7 -42 -16 0 -65 0 0 0 0 0 0 0 95 0 0 0 0 0 100 0 0 -25 0 0 25 0 0 -25 0 0 0 0
-7 -42 -16 0 -90 0 0 0 0 0 0 0 95 0 0 0 0 0 100 0 0 -25 0 0 25 0 0 -25 0 0 0 0
-7 -42 -16 0 -120 0 0 0 0 0 0 0 95 0 0 0 0 0 100 0 0 -25 0 0 25 0 0 -25 0 0 0 0
-7 -42 -16 0 -160 0 0 0 0 0 0 0 95 0 0 0 0 0 100 0 0 -25 0 0 25 0 0 -25 0 0 0 0
-7 -42 -16 0 -205 0 0 0 0 0 0 0 95 0 0 0 0 0 100 0 0 -25 0 0 25 0 0 -25 0 0 0 0
-7 -42 -16 0 -245 0 0 0 0 0 0 0 95 0 0 0 0 0 100 0 0 -25 0 0 25 0 0 -25 0 0 0 0
-7 -42 -16 0 -295 0 0 0 0 0 0 0 95 0 0 0 0 0 100 0 0 -25 0 0 25 0 0 -25 0 0 0 0
-7 -42 -16 0 -340 0 0 0 0 0 0 0 95 0 0 0 0 0 100 0 0 -25 0 0 25 0 0 -25 0 0 0 0
-7 -42 -16 0 -10 0 0 0 0 0 0 0 95 0 0 0 0 0 100 0 0 -25 0 0 25 0 0 -25 0 0 0 0
-7 -42 -16 0 0 0 0 0 0 0 0 0 0 0 0 0 0 0 25 0 0 -25 0 0 25 0 0 -25 0 0 0 0
-7 -42 -16 0 -20 0 0 0 0 0 0 0 95 0 0 0 0 0 100 0 0 -25 0 0 25 0 0 -25 0 0 0 0
-7 -42 -16 0 -40 0 0 0 0 0 0 0 95 0 0 0 0 0 100 0 0 -25 0 0 25 0 0 -25 0 0 0 0
-7 -42 -16 0 -65 0 0 0 0 0 0 0 95 0 0 0 0 0 100 0 0 -25 0 0 25 0 0 -25 0 0 0 0
-7 -42 -16 0 -90 0 0 0 0 0 0 0 95 0 0 0 0 0 100 0 0 -25 0 0 25 0 0 -25 0 0 0 0
-7 -42 -16 0 -120 0 0 0 0 0 0 0 95 0 0 0 0 0 100 0 0 -25 0 0 25 0 0 -25 0 0 0 0
-7 -42 -16 0 -160 0 0 0 0 0 0 0 95 0 0 0 0 0 100 0 0 -25 0 0 25 0 0 -25 0 0 0 0
-7 -42 -16 0 -205 0 0 0 0 0 0 0 95 0 0 0 0 0 100 0 0 -25 0 0 25 0 0 -25 0 0 0 0
-7 -42 -16 0 -245 0 0 0 0 0 0 0 95 0 0 0 0 0 100 0 0 -25 0 0 25 0 0 -25 0 0 0 0
-7 -42 -16 0 -295 0 0 0 0 0 0 0 95 0 0 0 0 0 100 0 0 -25 0 0 25 0 0 -25 0 0 0 0
-7 -42 -16 0 -340 0 0 0 0 0 0 0 95 0 0 0 0 0 100 0 0 -25 0 0 25 0 0 -25 0 0 0 0
-7 -42 -16 0 -10 0 0 0 0 0 0 0 95 0 0 0 0 0 100 0 0 -25 0 0 25 0 0 -25 0 0 0 0
-7 -42 -16 0 0 0 0 0 0 0 0 0 0 0 0 0 0 0 25 0 0 -25 0 0 25 0 0 -25 0 0 0 0
-7 -42 -16 0 -20 0 0 0 0 0 0 0 95 0 0 0 0 0 100 0 0 -25 0 0 25 0 0 -25 0 0 0 0
-7 -42 -16 0 -40 0 0 0 0 0 0 0 95 0 0 0 0 0 100 0 0 -25 0 0 25 0 0 -25 0 0 0 0
-7 -42 -16 0 -65 0 0 0 0 0 0 0 95 0 0 0 0 0 100 0 0 -25 0 0 25 0 0 -25 0 0 0 0
-7 -42 -16 0 -90 0 0 0 0 0 0 0 95 0 0 0 0 0 100 0 0 -25 0 0 25 0 0 -25 0 0 0 0
-7 -42 -16 0 -120 0 0 0 0 0 0 0 95 0 0 0 0 0 100 0 0 -25 0 0 25 0 0 -25 0 0 0 0
-7 -42 -16 0 -160 0 0 0 0 0 0 0 95 0 0 0 0 0 100 0 0 -25 0 0 25 0 0 -25 0 0 0 0
-7 -42 -16 0 -205 0 0 0 0 0 0 0 95 0 0 0 0 0 100 0 0 -25 0 0 25 0 0 -25 0 0 0 0
-7 -42 -16 0 -245 0 0 0 0 0 0 0 95 0 0 0 0 0 100 0 0 -25 0 0 25 0 0 -25 0 0 0 0
-7 -42 -16 0 -295 0 0 0 0 0 0 0 95 0 0 0 0 0 100 0 0 -25 0 0 25 0 0 -25 0 0 0 0
-7 -42 -16 0 -340 0 0 0 0 0 0 0 95 0 0 0 0 0 100 0 0 -25 0 0 25 0 0 -25 0 0 0 0
-7 -42 -16 0 -10 0 0 0 0 0 0 0 95 0 0 0 0 0 100 0 0 -25 0 0 25 0 0 -25 0 0 0 0
-7 -42 -16 0 0 0 0 0 0 0 0 0 0 0 0 0 0 0 25 0 0 -25 0 0 25 0 0 -25 0 0 0 0
-7 -42 -16 0 -20 0 0 0 0 0 0 0 95 0 0 0 0 0 100 0 0 -25 0 0 25 0 0 -25 0 0 0 0
-7 -42 -16 0 -40 0 0 0 0 0 0 0 95 0 0 0 0 0 100 0 0 -25 0 0 25 0 0 -25 0 0 0 0
-7 -42 -16 0 -65 0 0 0 0 0 0 0 95 0 0 0 0 0 100 0 0 -25 0 0 25 0 0 -25 0 0 0 0
-7 -42 -16 0 -90 0 0 0 0 0 0 0 95 0 0 0 0 0 100 0 0 -25 0 0 25 0 0 -25 0 0 0 0
-7 -42 -16 0 -120 0 0 0 0 0 0 0 95 0 0 0 0 0 100 0 0 -25 0 0 25 0 0 -25 0 0 0 0
-7 -42 -16 0 -160 0 0 0 0 0 0 0 95 0 0 0 0 0 100 0 0 -25 0 0 25 0 0 -25 0 0 0 0
-7 -42 -16 0 -205 0 0 0 0 0 0 0 95 0 0 0 0 0 100 0 0 -25 0 0 25 0 0 -25 0 0 0 0
-7 -42 -16 0 -245 0 0 0 0 0 0 0 95 0 0 0 0 0 100 0 0 -25 0 0 25 0 0 -25 0 0 0 0
-7 -42 -16 0 -295 0 0 0 0 0 0 0 95 0 0 0 0 0 100 0 0 -25 0 0 25 0 0 -25 0 0 0 0
-7 -42 -16 0 -340 0 0 0 0 0 0 0 95 0 0 0 0 0 100 0 0 -25 0 0 25 0 0 -25 0 0 0 0
-7 -42 -16 0 -10 0 0 0 0 0 0 0 95 0 0 0 0 0 100 0 0 -25 0 0 25 0 0 -25 0 0 0 0
-7 -42 -16 0 0 0 0 0 0 0 0 0 0 0 0 0 0 0 25 0 0 -25 0 0 25 0 0 -25 0 0 0 0
-7 -42 -16 0 -20 0 0 0 0 0 0 0 95 0 0 0 0 0 100 0 0 -25 0 0 25 0 0 -25 0 0 0 0
-7 -42 -16 0 -40 0 0 0 0 0 0 0 95 0 0 0 0 0 100 0 0 -25 0 0 25 0 0 -25 0 0 0 0
-7 -42 -16 0 -65 0 0 0 0 0 0 0 95 0 0 0 0 0 100 0 0 -25 0 0 25 0 0 -25 0 0 0 0
-7 -42 -16 0 -90 0 0 0 0 0 0 0 95 0 0 0 0 0 100 0 0 -25 0 0 25 0 0 -25 0 0 0 0
-7 -42 -16 0 -120 0 0 0 0 0 0 0 95 0 0 0 0 0 100 0 0 -25 0 0 25 0 0 -25 0 0 0 0
-7 -42 -16 0 -160 0 0 0 0 0 0 0 95 0 0 0 0 0 100 0 0 -25 0 0 25 0 0 -25 0 0 0 0
-7 -42 -16 0 -205 0 0 0 0 0 0 0 95 0 0 0 0 0 100 0 0 -25 0 0 25 0 0 -25 0 0 0 0
-7 -42 -16 0 -245 0 0 0 0 0 0 0 95 0 0 0 0 0 100 0 0 -25 0 0 25 0 0 -25 0 0 0 0
-7 -42 -16 0 -295 0 0 0 0 0 0 0 95 0 0 0 0 0 100 0 0 -25 0 0 25 0 0 -25 0 0 0 0
-7 -42 -16 0 -340 0 0 0 0 0 0 0 95 0 0 0 0 0 100 0 0 -25 0 0 25 0 0 -25 0 0 0 0
-7 -42 -16 0 -10 0 0 0 0 0 0 0 95 0 0 0 0 0 100 0 0 -25 0 0 25 0 0 -25 0 0 0 0
-7 -42 -16 0 0 0 0 0 0 0 0 0 0 0 0 0 0 0 25 0 0 -25 0 0 25 0 0 -25 0 0 0 0
-7 -42 -16 0 -20 0 0 0 0 0 0 0 95 0 0 0 0 0 100 0 0 -25 0 0 25 0 0 -25 0 0 0 0
-7 -42 -16 0 -40 0 0 0 0 0 0 0 95 0 0 0 0 0 100 0 0 -25 0 0 25 0 0 -25 0 0 0 0
-7 -42 -16 0 -65 0 0 0 0 0 0 0 95 0 0 0 0 0 100 0 0 -25 0 0 25 0 0 -25 0 0 0 0
-7 -42 -16 0 -90 0 0 0 0 0 0 0 95 0 0 0 0 0 100 0 0 -25 0 0 25 0 0 -25 0 0 0 0
-7 -42 -16 0 -120 0 0 0 0 0 0 0 95 0 0 0 0 0 100 0 0 -25 0 0 25 0 0 -25 0 0 0 0
-7 -42 -16 0 -160 0 0 0 0 0 0 0 95 0 0 0 0 0 100 0 0 -25 0 0 25 0 0 -25 0 0 0 0
-7 -42 -16 0 -205 0 0 0 0 0 0 0 95 0 0 0 0 0 100 0 0 -25 0 0 25 0 0 -25 0 0 0 0
-7 -42 -16 0 -245 0 0 0 0 0 0 0 95 0 0 0 0 0 100 0 0 -25 0 0 25 0 0 -25 0 0 0 0
-7 -42 -16 0 -295 0 0 0 0 0 0 0 95 0 0 0 0 0 100 0 0 -25 0 0 25 0 0 -25 0 0 0 0
-7 -42 -16 0 -340 0 0 0 0 0 0 0 95 0 0 0 0 0 100 0 0 -25 0 0 25 0 0 -25 0 0 0 0
-7 -42 -16 0 -10 0 0 0 0 0 0 0 95 0 0 0 0 0 100 0 0 -25 0 0 25 0 0 -25 0 0 0 0
-7 -42 -16 0 0 0 0 0 0 0 0 0 0 0 0 0 0 0 25 0 0 -25 0 0 25 0 0 -25 0 0 0 0
-7 -42 -16 0 -20 0 0 0 0 0 0 0 95 0 0 0 0 0 100 0 0 -25 0 0 25 0 0 -25 0 0 0 0
-7 -42 -16 0 -40 0 0 0 0 0 0 0 95 0 0 0 0 0 100 0 0 -25 0 0 25 0 0 -25 0 0 0 0
-7 -42 -16 0 -65 0 0 0 0 0 0 0 95 0 0 0 0 0 100 0 0 -25 0 0 25 0 0 -25 0 0 0 0
-7 -42 -16 0 -90 0 0 0 0 0 0 0 95 0 0 0 0 0 100 0 0 -25 0 0 25 0 0 -25 0 0 0 0
-7 -42 -16 0 -120 0 0 0 0 0 0 0 95 0 0 0 0 0 100 0 0 -25 0 0 25 0 0 -25 0 0 0 0
-7 -42 -16 0 -160 0 0 0 0 0 0 0 95 0 0 0 0 0 100 0 0 -25 0 0 25 0 0 -25 0 0 0 0
-7 -42 -16 0 -205 0 0 0 0 0 0 0 95 0 0 0 0 0 100 0 0 -25 0 0 25 0 0 -25 0 0 0 0
-7 -42 -16 0 -245 0 0 0 0 0 0 0 95 0 0 0 0 0 100 0 0 -25 0 0 25 0 0 -25 0 0 0 0
-7 -42 -16 0 -295 0 0 0 0 0 0 0 95 0 0 0 0 0 100 0 0 -25 0 0 25 0 0 -25 0 0 0 0
-7 -42 -16 0 -340 0 0 0 0 0 0 0 95 0 0 0 0 0 100 0 0 -25 0 0 25 0 0 -25 0 0 0 0
-7 -42 -16 0 -10 0 0 0 0 0 0 0 95 0 0 0 0 0 100 0 0 -25 0 0 25 0 0 -25 0 0 0 0
-7 -41 -16 0 -10 -5 0 0 0 0 0 0 -5 0 0 5 0 0 25 0 0 -25 0 0 25 0 0 -25 0 0 0 0
-7 -41 -16 0 -10 -5 0 0 0 0 0 0 -5 0 0 5 0 0 25 0 0 -25 0 0 25 0 0 -25 0 0 0 0
-7 -41 -16 0 -10 -5 0 0 0 0 0 0 -5 0 0 5 0 0 25 0 0 -25 0 0 25 0 0 -25 0 0 0 0
-7 -41 -16 0 -10 -5 0 0 0 0 0 0 -5 0 0 5 0 0 25 0 0 -25 0 0 25 0 0 -25 0 0 0 0
-7 -41 -16 0 -10 -5 0 0 0 0 0 0 -5 0 0 5 0 0 25 0 0 -25 0 0 25 0 0 -25 0 0 0 0
-7 -41 -16 0 -10 -5 0 0 0 0 0 0 -5 0 0 5 0 0 25 0 0 -25 0 0 25 0 0 -25 0 0 0 0
-7 -41 -16 0 -10 -5 30 0 0 0 0 0 25 0 0 5 0 0 25 0 0 -25 0 0 25 0 0 -25 0 0 0 0
-7 -41 -16 0 -10 -5 60 0 0 0 0 0 55 0 0 5 0 0 25 0 0 -25 0 0 25 0 0 -25 0 0 0 0
-7 -41 -16 0 -10 -5 95 0 0 0 0 0 90 0 0 5 0 0 25 0 0 -25 0 0 25 0 0 -25 0 0 0 0
-7 -41 -16 0 -10 -5 125 0 0 0 0 0 120 0 0 5 0 0 25 0 0 -25 0 0 25 0 0 -25 0 0 0 0
-7 -41 -16 0 -10 -5 160 0 0 0 0 0 155 0 0 5 0 0 25 0 0 -25 0 0 25 0 0 -25 0 0 0 0
-7 -41 -16 0 -10 -5 180 0 0 0 0 0 175 0 0 5 0 0 25 0 0 -25 0 0 25 0 0 -25 0 0 0 0
-7 -41 -16 0 0 -5 180 0 0 0 0 0 175 0 0 5 0 0 25 0 0 -25 0 0 25 0 0 -25 0 0 0 0
-7 -41 -16 0 35 -5 180 0 0 0 0 0 175 0 0 5 0 0 25 0 0 -25 0 0 25 0 0 -25 0 0 0 0
-7 -41 -16 0 70 -5 180 0 0 0 0 0 175 0 0 5 0 0 25 0 0 -25 0 0 25 0 0 -25 0 0 0 0
-7 -41 -16 0 110 -5 180 0 0 0 0 0 175 0 0 5 0 0 25 0 0 -25 0 0 25 0 0 -25 0 0 0 0
-7 -41 -16 0 165 -5 180 0 0 0 0 0 175 0 0 5 0 0 25 0 0 -25 0 0 25 0 0 -25 0 0 0 0
-7 -41 -16 0 200 -5 180 0 0 0 0 0 175 0 0 5 0 0 25 0 0 -25 0 0 25 0 0 -25 0 0 0 0
-7 -41 -16 0 250 -5 180 0 0 0 0 0 175 0 0 5 0 0 25 0 0 -25 0 0 25 0 0 -25 0 0 0 0
-7 -41 -16 0 305 -5 180 0 0 0 0 0 175 0 0 5 0 0 25 0 0 -25 0 0 25 0 0 -25 0 0 0 0
-7 -41 -16 0 355 -5 180 0 0 0 0 0 175 0 0 5 0 0 25 0 0 -25 0 0 25 0 0 -25 0 0 0 0
-7 -41 -16 0 60 -5 180 0 0 0 0 0 175 0 0 5 0 0 25 0 0 -25 0 0 25 0 0 -25 0 0 0 0
-7 -41 -16 0 105 -5 180 0 0 0 0 0 175 0 0 5 0 0 25 0 0 -25 0 0 25 0 0 -25 0 0 0 0
-7 -41 -16 0 160 -5 180 0 0 0 0 0 175 0 0 5 0 0 25 0 0 -25 0 0 25 0 0 -25 0 0 0 0
-7 -41 -16 0 235 -5 180 0 0 0 0 0 175 0 0 5 0 0 25 0 0 -25 0 0 25 0 0 -25 0 0 0 0
-7 -41 -16 0 280 -5 180 0 0 0 0 0 175 0 0 5 0 0 25 0 0 -25 0 0 25 0 0 -25 0 0 0 0
-7 -41 -16 0 310 -5 180 0 0 0 0 0 175 0 0 5 0 0 25 0 0 -25 0 0 25 0 0 -25 0 0 0 0
-7 -41 -16 0 335 -5 180 0 0 0 0 0 175 0 0 5 0 0 25 0 0 -25 0 0 25 0 0 -25 0 0 0 0
-7 -41 -16 0 5 -5 180 0 0 0 0 0 175 0 0 5 0 0 25 0 0 -25 0 0 25 0 0 -25 0 0 0 0
-7 -41 -16 0 5 -5 180 0 -35 0 0 0 175 0 35 5 0 0 25 0 0 -25 0 0 25 0 0 -25 0 0 0 0
-7 -41 -16 0 5 -5 180 0 -50 0 0 0 175 0 50 5 0 0 25 0 0 -25 0 0 25 0 0 -25 0 0 0 0
-7 -41 -16 0 5 -5 180 0 -50 0 0 40 175 0 50 5 0 -40 25 0 0 -25 0 0 25 0 0 -25 0 0 0 0
-7 -41 -16 0 5 -5 180 0 -50 0 0 70 175 0 50 5 0 -70 25 0 0 -25 0 0 25 0 0 -25 0 0 0 0
-7 -41 -16 0 5 -5 180 0 -50 0 0 110 175 0 50 5 0 -110 25 0 0 -25 0 0 25 0 0 -25 0 0 0 0
-7 -41 -16 0 5 -5 180 0 -50 0 0 50 175 0 50 5 0 -50 25 0 0 -25 0 0 25 0 0 -25 0 0 0 0
-7 -41 -16 0 5 -5 180 0 -50 0 0 0 175 0 50 5 0 0 25 0 0 -25 0 0 25 0 0 -25 0 0 0 0
-7 -41 -16 0 5 -5 180 0 -50 0 0 75 175 0 50 5 0 -75 25 0 0 -25 0 0 25 0 0 -25 0 0 0 0
-7 -41 -16 0 5 -5 180 0 -50 0 0 110 175 0 50 5 0 -110 25 0 0 -25 0 0 25 0 0 -25 0 0 0 0
-7 -41 -16 0 5 -5 125 0 -50 0 0 110 120 0 50 5 0 -110 25 0 0 -25 0 0 25 0 0 -25 0 0 0 0
-7 -41 -16 0 5 -5 85 0 -50 0 0 110 80 0 50 5 0 -110 25 0 0 -25 0 0 25 0 0 -25 0 0 0 0
-7 -41 -16 0 5 -5 30 0 -50 0 0 110 25 0 50 5 0 -110 25 0 0 -25 0 0 25 0 0 -25 0 0 0 0
-7 -41 -16 0 5 -5 10 0 -50 0 0 110 5 0 50 5 0 -110 25 0 0 -25 0 0 25 0 0 -25 0 0 0 0
-7 -41 -16 0 5 -5 80 0 -50 0 0 110 75 0 50 5 0 -110 25 0 0 -25 0 0 25 0 0 -25 0 0 0 0
-7 -41 -16 0 5 -5 145 0 -50 0 0 110 140 0 50 5 0 -110 25 0 0 -25 0 0 25 0 0 -25 0 0 0 0
-7 -41 -16 0 5 -5 180 0 -50 0 0 110 175 0 50 5 0 -110 25 0 0 -25 0 0 25 0 0 -25 0 0 0 0
-7 -41 -16 0 5 -5 180 35 -50 0 0 110 175 -35 50 5 0 -110 25 0 0 -25 0 0 25 0 0 -25 0 0 0 0
-7 -41 -16 0 5 -5 180 80 -50 0 0 110 175 -80 50 5 0 -110 25 0 0 -25 0 0 25 0 0 -25 0 0 0 0
-7 -41 -16 0 5 -5 180 95 -50 0 0 110 175 -95 50 5 0 -110 25 0 0 -25 0 0 25 0 0 -25 0 0 0 0
-7 -41 -16 0 5 -5 180 40 -50 0 0 110 175 -40 50 5 0 -110 25 0 0 -25 0 0 25 0 0 -25 0 0 0 0
-7 -41 -16 0 5 -5 180 10 -50 0 0 110 175 -10 50 5 0 -110 25 0 0 -25 0 0 25 0 0 -25 0 0 0 0
-7 -41 -16 0 5 -5 180 10 -50 0 -5 60 175 -10 50 5 5 -60 25 0 0 -25 0 0 25 0 0 -25 0 0 0 0
-7 -41 -16 0 5 -5 180 10 -50 0 -5 25 175 -10 50 5 5 -25 25 0 0 -25 0 0 25 0 0 -25 0 0 0 0
-7 -41 -16 0 5 -5 180 10 -50 0 -5 0 175 -10 50 5 5 0 25 0 0 -25 0 0 25 0 0 -25 0 0 0 0
-7 -41 -16 0 5 -5 180 50 -50 0 -5 0 175 -50 50 5 5 0 25 0 0 -25 0 0 25 0 0 -25 0 0 0 0
-7 -41 -16 0 5 -5 180 70 -50 0 -5 0 175 -70 50 5 5 0 25 0 0 -25 0 0 25 0 0 -25 0 0 0 0
-7 -41 -16 0 5 -5 180 90 -50 0 -5 0 175 -90 50 5 5 0 25 0 0 -25 0 0 25 0 0 -25 0 0 0 0
-7 -41 -16 0 5 -5 180 90 0 0 -5 0 175 -90 0 5 5 0 25 0 0 -25 0 0 25 0 0 -25 0 0 0 0
-7 -41 -16 0 75 -5 180 90 0 0 -5 0 175 -90 0 5 5 0 25 0 0 -25 0 0 25 0 0 -25 0 0 0 0
-7 -41 -16 0 115 -5 180 90 0 0 -5 0 175 -90 0 5 5 0 25 0 0 -25 0 0 25 0 0 -25 0 0 0 0
-7 -41 -16 0 170 -5 180 90 0 0 -5 0 175 -90 0 5 5 0 25 0 0 -25 0 0 25 0 0 -25 0 0 0 0
-7 -41 -16 0 210 -5 180 90 0 0 -5 0 175 -90 0 5 5 0 25 0 0 -25 0 0 25 0 0 -25 0 0 0 0
-7 -41 -16 0 260 -5 180 90 0 0 -5 0 175 -90 0 5 5 0 25 0 0 -25 0 0 25 0 0 -25 0 0 0 0
-7 -41 -16 0 315 -5 180 90 0 0 -5 0 175 -90 0 5 5 0 25 0 0 -25 0 0 25 0 0 -25 0 0 0 0
-7 -41 -16 0 25 -5 180 90 0 0 -5 0 175 -90 0 5 5 0 25 0 0 -25 0 0 25 0 0 -25 0 0 0 0
-7 -41 -16 0 75 -5 180 90 0 0 -5 0 175 -90 0 5 5 0 25 0 0 -25 0 0 25 0 0 -25 0 0 0 0
-7 -41 -16 0 135 -5 180 90 0 0 -5 0 175 -90 0 5 5 0 25 0 0 -25 0 0 25 0 0 -25 0 0 0 0
-7 -41 -16 0 195 -5 180 90 0 0 -5 0 175 -90 0 5 5 0 25 0 0 -25 0 0 25 0 0 -25 0 0 0 0
-7 -41 -16 0 235 -5 180 90 0 0 -5 0 175 -90 0 5 5 0 25 0 0 -25 0 0 25 0 0 -25 0 0 0 0
-7 -41 -16 0 285 -5 180 90 0 0 -5 0 175 -90 0 5 5 0 25 0 0 -25 0 0 25 0 0 -25 0 0 0 0
-7 -41 -16 0 340 -5 180 90 0 0 -5 0 175 -90 0 5 5 0 25 0 0 -25 0 0 25 0 0 -25 0 0 0 0
-7 -41 -16 0 355 -5 180 90 0 0 -5 0 175 -90 0 5 5 0 25 0 0 -25 0 0 25 0 0 -25 0 0 0 0
-7 -41 -16 0 5 -5 180 0 0 0 0 0 175 0 0 5 0 0 25 0 0 -25 0 0 25 0 0 -25 0 0 0 0
-7 -41 -16 0 5 -5 180 0 -35 0 0 0 175 0 35 5 0 0 25 0 0 -25 0 0 25 0 0 -25 0 0 0 0
-7 -41 -16 0 5 -5 180 0 -50 0 0 0 175 0 50 5 0 0 25 0 0 -25 0 0 25 0 0 -25 0 0 0 0
-7 -41 -16 0 5 -5 180 0 -50 0 0 40 175 0 50 5 0 -40 25 0 0 -25 0 0 25 0 0 -25 0 0 0 0
-7 -41 -16 0 5 -5 180 0 -50 0 0 70 175 0 50 5 0 -70 25 0 0 -25 0 0 25 0 0 -25 0 0 0 0
-7 -41 -16 0 5 -5 180 0 -50 0 0 110 175 0 50 5 0 -110 25 0 0 -25 0 0 25 0 0 -25 0 0 0 0
-7 -41 -16 0 5 -5 180 0 -50 0 0 50 175 0 50 5 0 -50 25 0 0 -25 0 0 25 0 0 -25 0 0 0 0
-7 -41 -16 0 5 -5 180 0 -50 0 0 0 175 0 50 5 0 0 25 0 0 -25 0 0 25 0 0 -25 0 0 0 0
-7 -41 -16 0 5 -5 180 0 -50 0 0 75 175 0 50 5 0 -75 25 0 0 -25 0 0 25 0 0 -25 0 0 0 0
-7 -41 -16 0 5 -5 180 0 -50 0 0 110 175 0 50 5 0 -110 25 0 0 -25 0 0 25 0 0 -25 0 0 0 0
-7 -41 -16 0 5 -5 125 0 -50 0 0 110 120 0 50 5 0 -110 25 0 0 -25 0 0 25 0 0 -25 0 0 0 0
-7 -41 -16 0 5 -5 85 0 -50 0 0 110 80 0 50 5 0 -110 25 0 0 -25 0 0 25 0 0 -25 0 0 0 0
-7 -41 -16 0 5 -5 30 0 -50 0 0 110 25 0 50 5 0 -110 25 0 0 -25 0 0 25 0 0 -25 0 0 0 0
-7 -41 -16 0 5 -5 10 0 -50 0 0 110 5 0 50 5 0 -110 25 0 0 -25 0 0 25 0 0 -25 0 0 0 0
-7 -41 -16 0 5 -5 80 0 -50 0 0 110 75 0 50 5 0 -110 25 0 0 -25 0 0 25 0 0 -25 0 0 0 0
-7 -41 -16 0 5 -5 145 0 -50 0 0 110 140 0 50 5 0 -110 25 0 0 -25 0 0 25 0 0 -25 0 0 0 0
-7 -41 -16 0 5 -5 180 0 -50 0 0 110 175 0 50 5 0 -110 25 0 0 -25 0 0 25 0 0 -25 0 0 0 0
-7 -41 -16 0 5 -5 180 35 -50 0 0 110 175 -35 50 5 0 -110 25 0 0 -25 0 0 25 0 0 -25 0 0 0 0
-7 -41 -16 0 5 -5 180 80 -50 0 0 110 175 -80 50 5 0 -110 25 0 0 -25 0 0 25 0 0 -25 0 0 0 0
-7 -41 -16 0 5 -5 180 95 -50 0 0 110 175 -95 50 5 0 -110 25 0 0 -25 0 0 25 0 0 -25 0 0 0 0
-7 -41 -16 0 5 -5 180 40 -50 0 0 110 175 -40 50 5 0 -110 25 0 0 -25 0 0 25 0 0 -25 0 0 0 0
-7 -41 -16 0 5 -5 180 10 -50 0 0 110 175 -10 50 5 0 -110 25 0 0 -25 0 0 25 0 0 -25 0 0 0 0
-7 -41 -16 0 5 -5 180 10 -50 0 -5 60 175 -10 50 5 5 -60 25 0 0 -25 0 0 25 0 0 -25 0 0 0 0
-7 -41 -16 0 5 -5 180 10 -50 0 -5 25 175 -10 50 5 5 -25 25 0 0 -25 0 0 25 0 0 -25 0 0 0 0
-7 -41 -16 0 5 -5 180 10 -50 0 -5 0 175 -10 50 5 5 0 25 0 0 -25 0 0 25 0 0 -25 0 0 0 0
-7 -41 -16 0 5 -5 180 50 -50 0 -5 0 175 -50 50 5 5 0 25 0 0 -25 0 0 25 0 0 -25 0 0 0 0
-7 -41 -16 0 5 -5 180 70 -50 0 -5 0 175 -70 50 5 5 0 25 0 0 -25 0 0 25 0 0 -25 0 0 0 0
-7 -41 -16 0 5 -5 180 90 -50 0 -5 0 175 -90 50 5 5 0 25 0 0 -25 0 0 25 0 0 -25 0 0 0 0
-7 -41 -16 0 5 -5 180 90 0 0 -5 0 175 -90 0 5 5 0 25 0 0 -25 0 0 25 0 0 -25 0 0 0 0
-7 -41 -16 0 75 -5 180 90 0 0 -5 0 175 -90 0 5 5 0 25 0 0 -25 0 0 25 0 0 -25 0 0 0 0
-7 -41 -16 0 115 -5 180 90 0 0 -5 0 175 -90 0 5 5 0 25 0 0 -25 0 0 25 0 0 -25 0 0 0 0
-7 -41 -16 0 170 -5 180 90 0 0 -5 0 175 -90 0 5 5 0 25 0 0 -25 0 0 25 0 0 -25 0 0 0 0
-7 -41 -16 0 210 -5 180 90 0 0 -5 0 175 -90 0 5 5 0 25 0 0 -25 0 0 25 0 0 -25 0 0 0 0
-7 -41 -16 0 260 -5 180 90 0 0 -5 0 175 -90 0 5 5 0 25 0 0 -25 0 0 25 0 0 -25 0 0 0 0
-7 -41 -16 0 315 -5 180 90 0 0 -5 0 175 -90 0 5 5 0 25 0 0 -25 0 0 25 0 0 -25 0 0 0 0
-7 -41 -16 0 25 -5 180 90 0 0 -5 0 175 -90 0 5 5 0 25 0 0 -25 0 0 25 0 0 -25 0 0 0 0
-7 -41 -16 0 75 -5 180 90 0 0 -5 0 175 -90 0 5 5 0 25 0 0 -25 0 0 25 0 0 -25 0 0 0 0
-7 -41 -16 0 135 -5 180 90 0 0 -5 0 175 -90 0 5 5 0 25 0 0 -25 0 0 25 0 0 -25 0 0 0 0
-7 -41 -16 0 195 -5 180 90 0 0 -5 0 175 -90 0 5 5 0 25 0 0 -25 0 0 25 0 0 -25 0 0 0 0
-7 -41 -16 0 235 -5 180 90 0 0 -5 0 175 -90 0 5 5 0 25 0 0 -25 0 0 25 0 0 -25 0 0 0 0
-7 -41 -16 0 285 -5 180 90 0 0 -5 0 175 -90 0 5 5 0 25 0 0 -25 0 0 25 0 0 -25 0 0 0 0
-7 -41 -16 0 340 -5 180 90 0 0 -5 0 175 -90 0 5 5 0 25 0 0 -25 0 0 25 0 0 -25 0 0 0 0
-7 -41 -16 0 355 -5 180 90 0 0 -5 0 175 -90 0 5 5 0 25 0 0 -25 0 0 25 0 0 -25 0 0 0 0
-7 -41 -16 0 5 -5 180 0 0 0 0 0 175 0 0 5 0 0 25 0 0 -25 0 0 25 0 0 -25 0 0 0 0
-7 -41 -16 0 5 -5 180 0 -35 0 0 0 175 0 35 5 0 0 25 0 0 -25 0 0 25 0 0 -25 0 0 0 0
-7 -41 -16 0 5 -5 180 0 -50 0 0 0 175 0 50 5 0 0 25 0 0 -25 0 0 25 0 0 -25 0 0 0 0
-7 -41 -16 0 5 -5 180 0 -50 0 0 40 175 0 50 5 0 -40 25 0 0 -25 0 0 25 0 0 -25 0 0 0 0
-7 -41 -16 0 5 -5 180 0 -50 0 0 70 175 0 50 5 0 -70 25 0 0 -25 0 0 25 0 0 -25 0 0 0 0
-7 -41 -16 0 5 -5 180 0 -50 0 0 110 175 0 50 5 0 -110 25 0 0 -25 0 0 25 0 0 -25 0 0 0 0
-7 -41 -16 0 5 -5 180 0 -50 0 0 50 175 0 50 5 0 -50 25 0 0 -25 0 0 25 0 0 -25 0 0 0 0
-7 -41 -16 0 5 -5 180 0 -50 0 0 0 175 0 50 5 0 0 25 0 0 -25 0 0 25 0 0 -25 0 0 0 0
-7 -41 -16 0 5 -5 180 0 -50 0 0 75 175 0 50 5 0 -75 25 0 0 -25 0 0 25 0 0 -25 0 0 0 0
-7 -41 -16 0 5 -5 180 0 -50 0 0 110 175 0 50 5 0 -110 25 0 0 -25 0 0 25 0 0 -25 0 0 0 0
-7 -41 -16 0 5 -5 125 0 -50 0 0 110 120 0 50 5 0 -110 25 0 0 -25 0 0 25 0 0 -25 0 0 0 0
-7 -41 -16 0 5 -5 85 0 -50 0 0 110 80 0 50 5 0 -110 25 0 0 -25 0 0 25 0 0 -25 0 0 0 0
-7 -41 -16 0 5 -5 30 0 -50 0 0 110 25 0 50 5 0 -110 25 0 0 -25 0 0 25 0 0 -25 0 0 0 0
-7 -41 -16 0 5 -5 10 0 -50 0 0 110 5 0 50 5 0 -110 25 0 0 -25 0 0 25 0 0 -25 0 0 0 0
-7 -41 -16 0 5 -5 80 0 -50 0 0 110 75 0 50 5 0 -110 25 0 0 -25 0 0 25 0 0 -25 0 0 0 0
-7 -41 -16 0 5 -5 145 0 -50 0 0 110 140 0 50 5 0 -110 25 0 0 -25 0 0 25 0 0 -25 0 0 0 0
-7 -41 -16 0 5 -5 180 0 -50 0 0 110 175 0 50 5 0 -110 25 0 0 -25 0 0 25 0 0 -25 0 0 0 0
-7 -41 -16 0 5 -5 180 35 -50 0 0 110 175 -35 50 5 0 -110 25 0 0 -25 0 0 25 0 0 -25 0 0 0 0
-7 -41 -16 0 5 -5 180 80 -50 0 0 110 175 -80 50 5 0 -110 25 0 0 -25 0 0 25 0 0 -25 0 0 0 0
-7 -41 -16 0 5 -5 180 95 -50 0 0 110 175 -95 50 5 0 -110 25 0 0 -25 0 0 25 0 0 -25 0 0 0 0
-7 -41 -16 0 5 -5 180 40 -50 0 0 110 175 -40 50 5 0 -110 25 0 0 -25 0 0 25 0 0 -25 0 0 0 0
-7 -41 -16 0 5 -5 180 10 -50 0 0 110 175 -10 50 5 0 -110 25 0 0 -25 0 0 25 0 0 -25 0 0 0 0
-7 -41 -16 0 5 -5 180 10 -50 0 -5 60 175 -10 50 5 5 -60 25 0 0 -25 0 0 25 0 0 -25 0 0 0 0
-7 -41 -16 0 5 -5 180 10 -50 0 -5 25 175 -10 50 5 5 -25 25 0 0 -25 0 0 25 0 0 -25 0 0 0 0
-7 -41 -16 0 5 -5 180 10 -50 0 -5 0 175 -10 50 5 5 0 25 0 0 -25 0 0 25 0 0 -25 0 0 0 0
-7 -41 -16 0 5 -5 180 50 -50 0 -5 0 175 -50 50 5 5 0 25 0 0 -25 0 0 25 0 0 -25 0 0 0 0
-7 -41 -16 0 5 -5 180 70 -50 0 -5 0 175 -70 50 5 5 0 25 0 0 -25 0 0 25 0 0 -25 0 0 0 0
-7 -41 -16 0 5 -5 180 90 -50 0 -5 0 175 -90 50 5 5 0 25 0 0 -25 0 0 25 0 0 -25 0 0 0 0
-7 -41 -16 0 5 -5 180 90 0 0 -5 0 175 -90 0 5 5 0 25 0 0 -25 0 0 25 0 0 -25 0 0 0 0
-7 -41 -16 0 75 -5 180 90 0 0 -5 0 175 -90 0 5 5 0 25 0 0 -25 0 0 25 0 0 -25 0 0 0 0
-7 -41 -16 0 115 -5 180 90 0 0 -5 0 175 -90 0 5 5 0 25 0 0 -25 0 0 25 0 0 -25 0 0 0 0
-7 -41 -16 0 170 -5 180 90 0 0 -5 0 175 -90 0 5 5 0 25 0 0 -25 0 0 25 0 0 -25 0 0 0 0
-7 -41 -16 0 210 -5 180 90 0 0 -5 0 175 -90 0 5 5 0 25 0 0 -25 0 0 25 0 0 -25 0 0 0 0
-7 -41 -16 0 260 -5 180 90 0 0 -5 0 175 -90 0 5 5 0 25 0 0 -25 0 0 25 0 0 -25 0 0 0 0
-7 -41 -16 0 315 -5 180 90 0 0 -5 0 175 -90 0 5 5 0 25 0 0 -25 0 0 25 0 0 -25 0 0 0 0
-7 -41 -16 0 25 -5 180 90 0 0 -5 0 175 -90 0 5 5 0 25 0 0 -25 0 0 25 0 0 -25 0 0 0 0
-7 -41 -16 0 75 -5 180 90 0 0 -5 0 175 -90 0 5 5 0 25 0 0 -25 0 0 25 0 0 -25 0 0 0 0
-7 -41 -16 0 135 -5 180 90 0 0 -5 0 175 -90 0 5 5 0 25 0 0 -25 0 0 25 0 0 -25 0 0 0 0
-7 -41 -16 0 195 -5 180 90 0 0 -5 0 175 -90 0 5 5 0 25 0 0 -25 0 0 25 0 0 -25 0 0 0 0
-7 -41 -16 0 235 -5 180 90 0 0 -5 0 175 -90 0 5 5 0 25 0 0 -25 0 0 25 0 0 -25 0 0 0 0
-7 -41 -16 0 285 -5 180 90 0 0 -5 0 175 -90 0 5 5 0 25 0 0 -25 0 0 25 0 0 -25 0 0 0 0
-7 -41 -16 0 340 -5 180 90 0 0 -5 0 175 -90 0 5 5 0 25 0 0 -25 0 0 25 0 0 -25 0 0 0 0
-7 -41 -16 0 355 -5 180 90 0 0 -5 0 175 -90 0 5 5 0 25 0 0 -25 0 0 25 0 0 -25 0 0 0 0
-7 -41 -16 0 355 0 145 90 0 0 -5 0 140 -90 0 5 5 0 25 0 0 -25 0 0 25 0 0 -25 0 0 0 0
-7 -41 -16 0 355 0 110 90 0 0 -5 0 105 -90 0 5 5 0 25 0 0 -25 0 0 25 0 0 -25 0 0 0 0
-7 -41 -16 0 355 0 90 90 0 0 -5 0 85 -90 0 5 5 0 25 0 0 -25 0 0 25 0 0 -25 0 0 0 0
-7 -41 -16 0 355 0 110 90 0 0 -5 0 65 -90 0 5 5 0 25 0 0 -25 0 0 25 0 0 -25 0 0 0 0
-7 -41 -16 0 355 0 140 90 0 0 -5 0 35 -90 0 5 5 0 25 0 0 -25 0 0 25 0 0 -25 0 0 0 0
-7 -41 -16 0 355 0 170 90 0 0 -5 0 5 -90 0 5 5 0 25 0 0 -25 0 0 25 0 0 -25 0 0 0 0
-7 -41 -16 0 355 0 145 90 0 0 -5 0 30 -90 0 5 5 0 25 0 0 -25 0 0 25 0 0 -25 0 0 0 0
-7 -41 -16 0 355 0 120 90 0 0 -5 0 55 -90 0 5 5 0 25 0 0 -25 0 0 25 0 0 -25 0 0 0 0
-7 -41 -16 0 355 0 85 90 0 0 -5 0 90 -90 0 5 5 0 25 0 0 -25 0 0 25 0 0 -25 0 0 0 0
-7 -41 -16 0 355 0 55 90 0 0 -5 0 120 -90 0 5 5 0 25 0 0 -25 0 0 25 0 0 -25 0 0 0 0
-7 -41 -16 0 355 0 25 90 0 0 -5 0 150 -90 0 5 5 0 25 0 0 -25 0 0 25 0 0 -25 0 0 0 0
-7 -41 -16 0 355 0 0 90 0 0 -5 0 175 -90 0 5 5 0 25 0 0 -25 0 0 25 0 0 -25 0 0 0 0
-7 -41 -16 0 355 0 40 90 0 0 -5 0 135 -90 0 5 5 0 25 0 0 -25 0 0 25 0 0 -25 0 0 0 0
-7 -41 -16 0 355 0 75 90 0 0 -5 0 100 -90 0 5 5 0 25 0 0 -25 0 0 25 0 0 -25 0 0 0 0
-7 -41 -16 0 355 0 110 90 0 0 -5 0 65 -90 0 5 5 0 25 0 0 -25 0 0 25 0 0 -25 0 0 0 0
-7 -41 -16 0 355 0 145 90 0 0 -5 0 30 -90 0 5 5 0 25 0 0 -25 0 0 25 0 0 -25 0 0 0 0
-7 -41 -16 0 355 0 170 90 0 0 -5 0 5 -90 0 5 5 0 25 0 0 -25 0 0 25 0 0 -25 0 0 0 0
-7 -41 -16 0 355 0 140 90 0 0 -5 0 35 -90 0 5 5 0 25 0 0 -25 0 0 25 0 0 -25 0 0 0 0
-7 -41 -16 0 355 0 110 90 0 0 -5 0 65 -90 0 5 5 0 25 0 0 -25 0 0 25 0 0 -25 0 0 0 0
-7 -41 -16 0 355 0 80 90 0 0 -5 0 95 -90 0 5 5 0 25 0 0 -25 0 0 25 0 0 -25 0 0 0 0
-7 -41 -16 0 355 0 50 90 0 0 -5 0 125 -90 0 5 5 0 25 0 0 -25 0 0 25 0 0 -25 0 0 0 0
-7 -41 -16 0 355 0 15 90 0 0 -5 0 160 -90 0 5 5 0 25 0 0 -25 0 0 25 0 0 -25 0 0 0 0
-7 -41 -16 0 355 0 45 90 0 0 -5 0 130 -90 0 5 5 0 25 0 0 -25 0 0 25 0 0 -25 0 0 0 0
-7 -41 -16 0 355 0 75 90 0 0 -5 0 100 -90 0 5 5 0 25 0 0 -25 0 0 25 0 0 -25 0 0 0 0
-7 -41 -16 0 355 0 90 90 0 0 -5 0 85 -90 0 5 5 0 25 0 0 -25 0 0 25 0 0 -25 0 0 0 0
-7 -41 -16 0 355 0 90 90 0 0 -5 0 85 -90 0 5 5 0 -10 0 0 -25 0 0 25 0 0 -25 0 0 0 0
-7 -41 -16 0 355 0 90 90 0 0 -5 0 85 -90 0 5 5 0 -25 0 0 -25 0 0 25 0 0 -25 0 0 0 0
-7 -41 -16 0 355 0 90 90 0 0 -5 0 85 -90 0 5 5 0 -25 0 0 -70 0 0 25 0 0 -25 0 0 0 0
-7 -41 -16 0 355 0 90 90 0 0 -5 0 85 -90 0 5 5 0 -25 0 0 -90 0 0 25 0 0 -25 0 0 0 0
-7 -41 -16 0 355 0 90 90 0 0 -5 0 85 -90 0 5 5 0 15 0 0 -70 0 0 25 0 0 -25 0 0 0 0
-7 -41 -16 0 355 0 90 90 0 0 -5 0 85 -90 0 5 5 0 70 0 0 -70 0 0 25 0 0 -25 0 0 0 0
-7 -41 -16 0 355 0 90 90 0 0 -5 0 85 -90 0 5 5 0 100 0 0 -100 0 0 25 0 0 -25 0 0 0 0
-7 -41 -16 0 355 0 90 90 0 0 -5 0 85 -90 0 5 5 0 120 0 0 -115 0 0 25 0 0 -25 0 0 0 0
-7 -41 -16 0 355 0 90 90 0 0 -5 0 85 -90 0 5 5 0 70 0 0 -115 0 0 25 0 0 -25 0 0 0 0
-7 -41 -16 0 355 0 90 90 0 0 -5 0 85 -90 0 5 5 0 40 0 0 -115 0 0 25 0 0 -25 0 0 0 0
-7 -41 -16 0 355 0 90 90 0 0 -5 0 85 -90 0 5 5 0 85 0 0 -115 0 0 25 0 0 -25 0 0 0 0
-7 -41 -16 0 355 0 90 90 0 0 -5 0 85 -90 0 5 5 0 125 0 0 -115 0 0 25 0 0 -25 0 0 0 0
-7 -41 -16 0 355 0 90 90 0 0 -5 0 85 -90 0 5 5 0 70 0 0 -115 0 0 25 0 0 -25 0 0 0 0
-7 -41 -16 0 355 0 90 90 0 0 -5 0 85 -90 0 5 5 0 30 0 0 -115 0 0 25 0 0 -25 0 0 0 0
-7 -41 -16 0 355 0 90 90 0 0 -5 0 85 -90 0 5 5 0 0 0 0 -115 0 0 25 0 0 -25 0 0 0 0
-7 -41 -16 0 355 0 90 90 0 0 -5 0 85 -90 0 5 5 0 0 0 0 -130 0 0 25 0 0 -25 0 0 0 0
-7 -41 -16 0 355 0 90 90 0 0 -5 0 85 -90 0 5 5 0 50 0 0 -130 0 0 25 0 0 -25 0 0 0 0
-7 -41 -16 0 355 0 90 90 0 0 -5 0 85 -90 0 5 5 0 80 0 0 -130 0 0 25 0 0 -25 0 0 0 0
-7 -41 -16 0 355 0 90 90 0 0 -5 0 85 -90 0 5 5 0 125 0 0 -130 0 0 25 0 0 -25 0 0 0 0
-7 -41 -16 0 355 0 90 90 0 0 -5 0 85 -90 0 5 5 0 70 0 0 -130 0 0 25 0 0 -25 0 0 0 0
-7 -41 -16 0 355 0 90 90 0 0 -5 0 85 -90 0 5 5 0 15 0 0 -130 0 0 25 0 0 -25 0 0 0 0
-7 -41 -16 0 355 0 90 90 0 0 -5 0 85 -90 0 5 5 0 80 0 0 -130 0 0 25 0 0 -25 0 0 0 0
-7 -41 -16 0 355 0 90 90 0 0 -5 0 85 -90 0 5 5 0 125 0 0 -130 0 0 25 0 0 -25 0 0 0 0
-7 -41 -16 0 355 0 90 90 0 0 -5 0 85 -90 0 5 5 0 55 0 0 -130 0 0 25 0 0 -25 0 0 0 0
-7 -41 -16 0 355 0 90 90 0 0 -5 0 85 -90 0 5 5 0 0 0 0 -130 0 0 25 0 0 -25 0 0 0 0
-7 -41 -16 0 355 0 90 90 0 0 -5 0 85 -90 0 5 5 0 0 0 0 -60 0 0 25 0 0 -25 0 0 0 0
-7 -41 -16 0 355 0 90 90 0 0 -5 0 85 -90 0 5 5 0 0 0 0 -25 0 0 25 0 0 -25 0 0 0 0
-7 -41 -16 0 355 0 90 90 0 0 -5 0 85 -90 0 5 5 0 0 0 0 -75 0 0 25 0 0 -25 0 0 0 0
-7 -41 -16 0 355 0 90 90 0 0 -5 0 85 -90 0 5 5 0 0 0 0 -100 0 0 25 0 0 -25 0 0 0 0
-7 -41 -16 0 355 0 90 90 0 0 -5 0 85 -90 0 5 5 0 0 0 0 -65 0 0 25 0 0 -25 0 0 0 0
-7 -41 -16 0 355 0 90 90 0 0 -5 0 85 -90 0 5 5 0 0 0 0 -30 0 0 25 0 0 -25 0 0 0 0
-7 -41 -16 0 355 0 90 90 0 0 -5 0 85 -90 0 5 5 0 0 0 0 -75 0 0 25 0 0 -25 0 0 0 0
-7 -41 -16 0 355 0 90 90 0 0 -5 0 85 -90 0 5 5 0 0 0 0 -95 0 0 25 0 0 -25 0 0 0 0
-7 -41 -16 0 355 0 90 90 0 0 -5 0 85 -90 0 5 5 0 0 0 0 -115 0 0 25 0 0 -25 0 0 0 0
-7 -41 -16 0 355 0 90 90 0 0 -5 0 85 -90 0 5 5 0 0 0 0 -130 0 0 25 0 0 -25 0 0 0 0
-7 -41 -16 0 355 0 90 90 0 0 -5 0 85 -90 0 5 5 0 50 0 0 -130 0 0 25 0 0 -25 0 0 0 0
-7 -41 -16 0 355 0 90 90 0 0 -5 0 85 -90 0 5 5 0 80 0 0 -130 0 0 25 0 0 -25 0 0 0 0
-7 -41 -16 0 355 0 90 90 0 0 -5 0 85 -90 0 5 5 0 125 0 0 -130 0 0 25 0 0 -25 0 0 0 0
-7 -41 -16 0 355 0 90 90 0 0 -5 0 85 -90 0 5 5 0 70 0 0 -130 0 0 25 0 0 -25 0 0 0 0
-7 -41 -16 0 355 0 90 90 0 0 -5 0 85 -90 0 5 5 0 15 0 0 -130 0 0 25 0 0 -25 0 0 0 0
-7 -41 -16 0 355 0 90 90 0 0 -5 0 85 -90 0 5 5 0 80 0 0 -130 0 0 25 0 0 -25 0 0 0 0
-7 -41 -16 0 355 0 90 90 0 0 -5 0 85 -90 0 5 5 0 125 0 0 -130 0 0 25 0 0 -25 0 0 0 0
-7 -41 -16 0 355 0 90 90 0 0 -5 0 85 -90 0 5 5 0 55 0 0 -130 0 0 25 0 0 -25 0 0 0 0
-7 -41 -16 0 355 0 90 90 0 0 -5 0 85 -90 0 5 5 0 0 0 0 -130 0 0 25 0 0 -25 0 0 0 0
-7 -41 -16 0 355 0 90 90 0 0 -5 0 85 -90 0 5 5 0 0 0 0 -60 0 0 25 0 0 -25 0 0 0 0
-7 -41 -16 0 355 0 90 90 0 0 -5 0 85 -90 0 5 5 0 0 0 0 -25 0 0 25 0 0 -25 0 0 0 0
-7 -41 -16 0 355 0 90 90 0 0 -5 0 85 -90 0 5 5 0 0 0 0 -75 0 0 25 0 0 -25 0 0 0 0
-7 -41 -16 0 355 0 90 90 0 0 -5 0 85 -90 0 5 5 0 0 0 0 -100 0 0 25 0 0 -25 0 0 0 0
-7 -41 -16 0 355 0 90 90 0 0 -5 0 85 -90 0 5 5 0 0 0 0 -65 0 0 25 0 0 -25 0 0 0 0
-7 -41 -16 0 355 0 90 90 0 0 -5 0 85 -90 0 5 5 0 0 0 0 -30 0 0 25 0 0 -25 0 0 0 0
-7 -41 -16 0 355 0 90 90 0 0 -5 0 85 -90 0 5 5 0 0 0 0 -75 0 0 25 0 0 -25 0 0 0 0
-7 -41 -16 0 355 0 90 90 0 0 -5 0 85 -90 0 5 5 0 0 0 0 -95 0 0 25 0 0 -25 0 0 0 0
-7 -41 -16 0 355 0 90 90 0 0 -5 0 85 -90 0 5 5 0 0 0 0 -115 0 0 25 0 0 -25 0 0 0 0
-7 -41 -16 0 355 0 90 90 0 0 -5 0 85 -90 0 5 5 0 0 0 0 -130 0 0 25 0 0 -25 0 0 0 0
-7 -41 -16 0 355 0 90 90 0 0 -5 0 85 -90 0 5 5 0 50 0 0 -130 0 0 25 0 0 -25 0 0 0 0
-7 -41 -16 0 355 0 90 90 0 0 -5 0 85 -90 0 5 5 0 80 0 0 -130 0 0 25 0 0 -25 0 0 0 0
-7 -41 -16 0 355 0 90 90 0 0 -5 0 85 -90 0 5 5 0 125 0 0 -130 0 0 25 0 0 -25 0 0 0 0
-7 -41 -16 0 355 0 90 90 0 0 -5 0 85 -90 0 5 5 0 70 0 0 -130 0 0 25 0 0 -25 0 0 0 0
-7 -41 -16 0 355 0 90 90 0 0 -5 0 85 -90 0 5 5 0 15 0 0 -130 0 0 25 0 0 -25 0 0 0 0
-7 -41 -16 0 355 0 90 90 0 0 -5 0 85 -90 0 5 5 0 80 0 0 -130 0 0 25 0 0 -25 0 0 0 0
-7 -41 -16 0 355 0 90 90 0 0 -5 0 85 -90 0 5 5 0 125 0 0 -130 0 0 25 0 0 -25 0 0 0 0
-7 -41 -16 0 355 0 90 90 0 0 -5 0 85 -90 0 5 5 0 55 0 0 -130 0 0 25 0 0 -25 0 0 0 0
-7 -41 -16 0 355 0 90 90 0 0 -5 0 85 -90 0 5 5 0 0 0 0 -130 0 0 25 0 0 -25 0 0 0 0
-7 -41 -16 0 355 0 90 90 0 0 -5 0 85 -90 0 5 5 0 0 0 0 -60 0 0 25 0 0 -25 0 0 0 0
-7 -41 -16 0 355 0 90 90 0 0 -5 0 85 -90 0 5 5 0 0 0 0 -25 0 0 25 0 0 -25 0 0 0 0
-7 -41 -16 0 355 0 90 90 0 0 -5 0 85 -90 0 5 5 0 0 0 0 -75 0 0 25 0 0 -25 0 0 0 0
-7 -41 -16 0 355 0 90 90 0 0 -5 0 85 -90 0 5 5 0 0 0 0 -100 0 0 25 0 0 -25 0 0 0 0
-7 -41 -16 0 355 0 90 90 0 0 -5 0 85 -90 0 5 5 0 0 0 0 -65 0 0 25 0 0 -25 0 0 0 0
-7 -41 -16 0 355 0 90 90 0 0 -5 0 85 -90 0 5 5 0 0 0 0 -30 0 0 25 0 0 -25 0 0 0 0
-7 -41 -16 0 355 0 90 90 0 0 -5 0 85 -90 0 5 5 0 0 0 0 -75 0 0 25 0 0 -25 0 0 0 0
-7 -41 -16 0 355 0 90 90 0 0 -5 0 85 -90 0 5 5 0 0 0 0 -95 0 0 25 0 0 -25 0 0 0 0
-7 -41 -16 0 355 0 90 90 0 0 -5 0 120 25 0 5 5 0 30 0 0 -95 0 0 25 0 0 -25 0 0 0 0
-7 -41 -16 0 355 0 85 90 0 0 -5 0 145 25 15 0 5 -35 30 0 0 -60 0 0 25 0 0 -25 0 0 0 0
-7 -41 -16 0 355 0 60 90 0 -50 -5 0 170 25 0 0 5 -65 30 0 0 -60 0 0 25 0 0 -25 0 0 0 0
-7 -41 -16 0 355 0 60 90 0 -50 0 0 170 25 -20 0 5 -65 30 0 0 -30 0 0 25 0 0 -25 0 0 0 0
-7 -41 -16 0 355 0 60 90 0 -50 0 0 170 25 15 0 5 -65 30 0 0 -30 0 0 25 0 0 -25 0 0 0 0
-7 -41 -16 0 355 0 60 90 0 -50 0 0 170 25 50 0 5 -65 30 0 0 -30 0 0 25 0 0 -25 0 0 0 0
-7 -41 -16 0 355 0 60 90 0 -50 0 0 170 25 50 0 0 -35 30 0 0 -30 0 0 25 0 0 -25 0 0 0 0
-7 -41 -16 0 355 0 60 90 0 -50 0 0 170 25 50 0 0 -5 30 0 0 -30 0 0 25 0 0 -25 0 0 0 0
-7 -41 -16 0 355 0 60 90 0 -50 0 0 170 25 50 0 0 -50 30 0 0 -30 0 0 25 0 0 -25 0 0 0 0
-7 -41 -16 0 355 0 60 90 0 -50 0 0 170 25 50 0 0 -75 30 0 0 -30 0 0 25 0 0 -25 0 0 0 0
-7 -41 -16 0 355 0 60 90 0 -50 0 0 170 25 15 0 0 -75 30 0 0 -30 0 0 25 0 0 -25 0 0 0 0
-7 -41 -16 0 355 0 60 90 0 -50 0 0 170 25 -15 0 0 -75 30 0 0 -30 0 0 25 0 0 -25 0 0 0 0
-7 -41 -16 0 355 0 60 90 0 -50 0 0 170 25 -25 0 0 -75 30 0 0 -30 0 0 25 0 0 -25 0 0 0 0
-7 -41 -16 0 355 0 60 90 0 -50 0 0 170 25 25 0 0 -75 30 0 0 -30 0 0 25 0 0 -25 0 0 0 0
-7 -41 -16 0 355 0 60 90 0 -50 0 0 170 25 50 0 0 -75 30 0 0 -30 0 0 25 0 0 -25 0 0 0 0
-7 -41 -16 0 355 0 60 90 0 -50 0 0 170 25 50 0 0 -40 30 0 0 -30 0 0 25 0 0 -25 0 0 0 0
-7 -41 -16 0 355 0 60 90 0 -50 0 0 170 25 50 0 0 -5 30 0 0 -30 0 0 25 0 0 -25 0 0 0 0
-7 -41 -16 0 355 0 60 90 0 -50 0 0 170 25 50 0 0 -50 30 0 0 -30 0 0 25 0 0 -25 0 0 0 0
-7 -41 -16 0 355 0 60 90 0 -50 0 0 170 25 50 0 0 -75 30 0 0 -30 0 0 25 0 0 -25 0 0 0 0
-7 -41 -16 0 355 0 60 90 0 -50 0 0 170 25 15 0 0 -75 30 0 0 -30 0 0 25 0 0 -25 0 0 0 0
-7 -41 -16 0 355 0 60 90 0 -50 0 0 170 25 -15 0 0 -75 30 0 0 -30 0 0 25 0 0 -25 0 0 0 0
-7 -41 -16 0 355 0 60 90 0 -50 0 0 170 25 -25 0 0 -75 30 0 0 -30 0 0 25 0 0 -25 0 0 0 0
-7 -41 -16 0 355 0 60 90 0 -50 0 0 170 25 25 0 0 -75 30 0 0 -30 0 0 25 0 0 -25 0 0 0 0
-7 -41 -16 0 355 0 60 90 0 -50 0 0 170 25 50 0 0 -75 30 0 0 -30 0 0 25 0 0 -25 0 0 0 0
-7 -41 -16 0 355 0 60 90 0 -50 0 0 170 25 50 0 0 -40 30 0 0 -30 0 0 25 0 0 -25 0 0 0 0
-7 -41 -16 0 355 0 60 90 0 -50 0 0 170 25 50 0 0 -5 30 0 0 -30 0 0 25 0 0 -25 0 0 0 0
-7 -41 -16 0 355 0 60 90 0 -50 0 0 170 25 50 0 0 -50 30 0 0 -30 0 0 25 0 0 -25 0 0 0 0
-7 -41 -16 0 355 0 60 90 0 -50 0 0 170 25 50 0 0 -75 30 0 0 -30 0 0 25 0 0 -25 0 0 0 0
-7 -41 -16 0 355 0 60 90 0 -50 0 0 170 25 15 0 0 -75 30 0 0 -30 0 0 25 0 0 -25 0 0 0 0
-7 -41 -16 0 355 0 60 90 0 -50 0 0 170 25 -15 0 0 -75 30 0 0 -30 0 0 25 0 0 -25 0 0 0 0
-7 -41 -16 0 355 0 60 90 0 -50 0 0 170 25 -25 0 0 -75 30 0 0 -30 0 0 25 0 0 -25 0 0 0 0
-7 -41 -16 0 355 0 60 90 0 -50 0 0 170 25 25 0 0 -75 30 0 0 -30 0 0 25 0 0 -25 0 0 0 0
-7 -41 -16 0 355 0 60 90 0 -50 0 0 170 25 50 0 0 -75 30 0 0 -30 0 0 25 0 0 -25 0 0 0 0
-7 -41 -16 0 355 0 60 90 0 -50 0 0 170 25 50 0 0 -40 30 0 0 -30 0 0 25 0 0 -25 0 0 0 0
-7 -41 -16 0 355 0 60 90 0 -50 0 0 170 25 50 0 0 -5 30 0 0 -30 0 0 25 0 0 -25 0 0 0 0
-7 -41 -16 0 355 0 60 90 0 -50 0 0 170 25 50 0 0 -50 30 0 0 -30 0 0 25 0 0 -25 0 0 0 0
-7 -41 -16 0 355 0 60 90 0 -50 0 0 170 25 50 0 0 -75 30 0 0 -30 0 0 25 0 0 -25 0 0 0 0
-7 -41 -16 0 355 0 60 90 0 -50 0 0 170 25 15 0 0 -75 30 0 0 -30 0 0 25 0 0 -25 0 0 0 0
-7 -41 -16 0 355 0 60 90 0 -50 0 0 170 25 -15 0 0 -75 30 0 0 -30 0 0 25 0 0 -25 0 0 0 0
-7 -41 -16 0 355 0 60 90 0 -50 0 0 170 25 -25 0 0 -75 30 0 0 -30 0 0 25 0 0 -25 0 0 0 0
-7 -41 -16 0 355 0 60 90 0 -50 0 0 170 25 25 0 0 -75 30 0 0 -30 0 0 25 0 0 -25 0 0 0 0
-7 -41 -16 0 355 0 60 90 0 -50 0 0 170 25 50 0 0 -75 30 0 0 -30 0 0 25 0 0 -25 0 0 0 0
-7 -41 -16 0 355 0 60 90 0 -50 0 0 170 25 50 0 0 -40 30 0 0 -30 0 0 25 0 0 -25 0 0 0 0
-7 -41 -16 0 355 0 60 90 0 -50 0 0 170 25 50 0 0 -5 30 0 0 -30 0 0 25 0 0 -25 0 0 0 0
-7 -41 -16 0 355 0 60 90 0 -50 0 0 170 25 50 0 0 -50 30 0 0 -30 0 0 25 0 0 -25 0 0 0 0
-7 -41 -16 0 355 0 60 90 0 -50 0 0 170 25 50 0 0 -75 30 0 0 -30 0 0 25 0 0 -25 0 0 0 0
-7 -41 -16 0 355 0 60 90 0 -50 0 0 170 25 15 0 0 -75 30 0 0 -30 0 0 25 0 0 -25 0 0 0 0
-7 -41 -16 0 355 0 60 90 0 -50 0 0 170 25 -15 0 0 -75 30 0 0 -30 0 0 25 0 0 -25 0 0 0 0
-7 -41 -16 0 355 0 60 90 0 -50 0 0 170 25 -25 0 0 -75 30 0 0 -30 0 0 25 0 0 -25 0 0 0 0
-7 -41 -16 0 355 0 60 90 0 -50 0 0 170 25 25 0 0 -75 30 0 0 -30 0 0 25 0 0 -25 0 0 0 0
-7 -41 -16 0 355 0 60 90 0 -50 0 0 170 25 50 0 0 -75 30 0 0 -30 0 0 25 0 0 -25 0 0 0 0
-7 -41 -16 0 355 0 60 90 0 -50 0 0 170 25 50 0 0 -40 30 0 0 -30 0 0 25 0 0 -25 0 0 0 0
-7 -41 -16 0 355 0 60 90 0 -50 0 0 170 25 50 0 0 -5 30 0 0 -30 0 0 25 0 0 -25 0 0 0 0
-7 -41 -16 0 355 0 60 90 0 -50 0 0 170 25 50 0 0 -50 30 0 0 -30 0 0 25 0 0 -25 0 0 0 0
-7 -41 -16 0 355 0 60 90 0 -50 0 0 170 25 50 0 0 -75 30 0 0 -30 0 0 25 0 0 -25 0 0 0 0
-7 -41 -16 0 355 0 60 90 0 -50 0 0 170 25 15 0 0 -75 30 0 0 -30 0 0 25 0 0 -25 0 0 0 0
-7 -41 -16 0 355 0 60 90 0 -50 0 0 170 25 -15 0 0 -75 30 0 0 -30 0 0 25 0 0 -25 0 0 0 0
-7 -41 -16 0 355 0 60 90 0 -50 0 0 170 25 -25 0 0 -75 30 0 0 -30 0 0 25 0 0 -25 0 0 0 0
-7 -41 -16 0 355 0 60 90 0 -50 0 0 170 25 25 0 0 -75 30 0 0 -30 0 0 25 0 0 -25 0 0 0 0
-7 -41 -16 0 355 0 60 90 0 -50 0 0 170 25 50 0 0 -75 30 0 0 -30 0 0 25 0 0 -25 0 0 0 0
-7 -41 -16 0 355 0 60 90 0 -50 0 0 170 25 50 0 0 -40 30 0 0 -30 0 0 25 0 0 -25 0 0 0 0
-7 -41 -16 0 355 0 60 90 0 -50 0 0 170 25 50 0 0 -5 30 0 0 -30 0 0 25 0 0 -25 0 0 0 0
-7 -41 -16 0 355 0 95 90 0 -50 0 0 170 25 50 0 0 -5 30 0 0 -30 0 0 25 0 0 -25 0 0 0 0
-7 -41 -16 0 355 0 70 115 80 -50 0 0 170 25 50 0 0 -5 30 0 0 -30 0 0 25 0 0 -25 0 0 0 0
-7 -41 -16 0 355 0 95 130 80 -90 0 0 170 25 50 0 0 -5 30 0 0 -30 0 0 25 0 0 -25 0 0 0 0
-7 -41 -16 0 355 0 95 135 80 -105 0 0 170 25 50 0 0 -5 30 0 0 -30 0 0 25 0 0 -25 0 0 0 0
-7 -41 -16 0 355 0 95 135 50 -105 0 0 170 25 50 0 0 -5 30 0 0 -30 0 0 25 0 0 -25 0 0 0 0
-7 -41 -16 0 355 0 95 135 20 -105 0 0 170 25 50 0 0 -5 30 0 0 -30 0 0 25 0 0 -25 0 0 0 0
-7 -41 -16 0 355 0 95 135 5 -105 0 0 170 25 50 0 0 -5 30 0 0 -30 0 0 25 0 0 -25 0 0 0 0
-7 -41 -16 0 355 0 95 135 35 -105 0 0 170 25 50 0 0 -5 30 0 0 -30 0 0 25 0 0 -25 0 0 0 0
-7 -41 -16 0 355 0 95 135 65 -105 0 0 170 25 50 0 0 -5 30 0 0 -30 0 0 25 0 0 -25 0 0 0 0
-7 -41 -16 0 355 0 95 135 85 -105 0 0 170 25 50 0 0 -5 30 0 0 -30 0 0 25 0 0 -25 0 0 0 0
-7 -41 -16 0 355 0 95 135 50 -105 0 0 170 25 50 0 0 -5 30 0 0 -30 0 0 25 0 0 -25 0 0 0 0
-7 -41 -16 0 355 0 95 135 20 -105 0 0 170 25 50 0 0 -5 30 0 0 -30 0 0 25 0 0 -25 0 0 0 0
-7 -41 -16 0 355 0 95 135 5 -105 0 0 170 25 50 0 0 -5 30 0 0 -30 0 0 25 0 0 -25 0 0 0 0
-7 -41 -16 0 355 0 95 135 35 -105 0 0 170 25 50 0 0 -5 30 0 0 -30 0 0 25 0 0 -25 0 0 0 0
-7 -41 -16 0 355 0 95 135 65 -105 0 0 170 25 50 0 0 -5 30 0 0 -30 0 0 25 0 0 -25 0 0 0 0
-7 -41 -16 0 355 0 95 135 85 -105 0 0 170 25 50 0 0 -5 30 0 0 -30 0 0 25 0 0 -25 0 0 0 0
-7 -41 -16 0 355 0 95 135 50 -105 0 0 170 25 50 0 0 -5 30 0 0 -30 0 0 25 0 0 -25 0 0 0 0
-7 -41 -16 0 355 0 95 135 20 -105 0 0 170 25 50 0 0 -5 30 0 0 -30 0 0 25 0 0 -25 0 0 0 0
-7 -41 -16 0 355 0 95 135 5 -105 0 0 170 25 50 0 0 -5 30 0 0 -30 0 0 25 0 0 -25 0 0 0 0
-7 -41 -16 0 355 0 95 135 35 -105 0 0 170 25 50 0 0 -5 30 0 0 -30 0 0 25 0 0 -25 0 0 0 0
-7 -41 -16 0 355 0 95 135 65 -105 0 0 170 25 50 0 0 -5 30 0 0 -30 0 0 25 0 0 -25 0 0 0 0
-7 -41 -16 0 355 0 95 135 85 -105 0 0 170 25 50 0 0 -5 30 0 0 -30 0 0 25 0 0 -25 0 0 0 0
-7 -41 -16 0 355 0 95 135 50 -105 0 0 170 25 50 0 0 -5 30 0 0 -30 0 0 25 0 0 -25 0 0 0 0
-7 -41 -16 0 355 0 95 135 20 -105 0 0 170 25 50 0 0 -5 30 0 0 -30 0 0 25 0 0 -25 0 0 0 0
-7 -41 -16 0 355 0 95 135 5 -105 0 0 170 25 50 0 0 -5 30 0 0 -30 0 0 25 0 0 -25 0 0 0 0
-7 -41 -16 0 355 0 95 135 35 -105 0 0 170 25 50 0 0 -5 30 0 0 -30 0 0 25 0 0 -25 0 0 0 0
-7 -41 -16 0 355 0 95 135 65 -105 0 0 170 25 50 0 0 -5 30 0 0 -30 0 0 25 0 0 -25 0 0 0 0
-7 -41 -16 0 355 0 95 135 85 -105 0 0 170 25 50 0 0 -5 30 0 0 -30 0 0 25 0 0 -25 0 0 0 0
-7 -41 -16 0 355 0 95 135 50 -105 0 0 170 25 50 0 0 -5 30 0 0 -30 0 0 25 0 0 -25 0 0 0 0
-7 -41 -16 0 355 0 95 135 20 -105 0 0 170 25 50 0 0 -5 30 0 0 -30 0 0 25 0 0 -25 0 0 0 0
-7 -41 -16 0 355 0 95 135 5 -105 0 0 170 25 50 0 0 -5 30 0 0 -30 0 0 25 0 0 -25 0 0 0 0
-7 -41 -16 0 355 0 95 135 35 -105 0 0 170 25 50 0 0 -5 30 0 0 -30 0 0 25 0 0 -25 0 0 0 0
-7 -41 -16 0 355 0 95 135 65 -105 0 0 170 25 50 0 0 -5 30 0 0 -30 0 0 25 0 0 -25 0 0 0 0
-7 -41 -16 0 355 0 95 135 85 -105 0 0 170 25 50 0 0 -5 30 0 0 -30 0 0 25 0 0 -25 0 0 0 0
-7 -41 -16 0 355 0 95 135 50 -105 0 0 170 25 50 0 0 -5 30 0 0 -30 0 0 25 0 0 -25 0 0 0 0
-7 -41 -16 0 355 0 95 135 20 -105 0 0 170 25 50 0 0 -5 30 0 0 -30 0 0 25 0 0 -25 0 0 0 0
-7 -41 -16 0 355 0 95 135 5 -105 0 0 170 25 50 0 0 -5 30 0 0 -30 0 0 25 0 0 -25 0 0 0 0
-7 -41 -16 0 355 0 95 135 35 -105 0 0 170 25 50 0 0 -5 30 0 0 -30 0 0 25 0 0 -25 0 0 0 0
-7 -41 -16 0 355 0 95 135 65 -105 0 0 170 25 50 0 0 -5 30 0 0 -30 0 0 25 0 0 -25 0 0 0 0
-7 -41 -16 0 355 0 95 135 85 -105 0 0 170 25 50 0 0 -5 30 0 0 -30 0 0 25 0 0 -25 0 0 0 0
-7 -41 -16 0 355 0 95 135 50 -105 0 0 170 25 50 0 0 -5 30 0 0 -30 0 0 25 0 0 -25 0 0 0 0
-7 -41 -16 0 355 0 95 135 20 -105 0 0 170 25 50 0 0 -5 30 0 0 -30 0 0 25 0 0 -25 0 0 0 0
-7 -41 -16 0 355 0 95 135 5 -105 0 0 170 25 50 0 0 -5 30 0 0 -30 0 0 25 0 0 -25 0 0 0 0
-7 -41 -16 0 355 0 95 135 35 -105 0 0 170 25 50 0 0 -5 30 0 0 -30 0 0 25 0 0 -25 0 0 0 0
-7 -41 -16 0 355 0 95 135 65 -105 0 0 170 25 50 0 0 -5 30 0 0 -30 0 0 25 0 0 -25 0 0 0 0
-7 -41 -16 0 355 0 95 135 85 -105 0 0 170 25 50 0 0 -5 30 0 0 -30 0 0 25 0 0 -25 0 0 0 0
-7 -41 -16 0 355 0 95 135 50 -105 0 0 170 25 50 0 0 -5 30 0 0 -30 0 0 25 0 0 -25 0 0 0 0
-7 -41 -16 0 355 0 95 135 20 -105 0 0 170 25 50 0 0 -5 30 0 0 -30 0 0 25 0 0 -25 0 0 0 0
-7 -41 -16 0 355 0 95 135 5 -105 0 0 170 25 50 0 0 -5 30 0 0 -30 0 0 25 0 0 -25 0 0 0 0
-7 -41 -16 0 355 0 95 135 35 -105 0 0 170 25 50 0 0 -5 30 0 0 -30 0 0 25 0 0 -25 0 0 0 0
-7 -41 -16 0 355 0 95 135 65 -105 0 0 170 25 50 0 0 -5 30 0 0 -30 0 0 25 0 0 -25 0 0 0 0
-7 -41 -16 0 355 0 95 135 85 -105 0 0 170 25 50 0 0 -5 30 0 0 -30 0 0 25 0 0 -25 0 0 0 0
-7 -41 -16 0 355 0 95 135 50 -105 0 0 170 25 50 0 0 -5 30 0 0 -30 0 0 25 0 0 -25 0 0 0 0
-7 -41 -16 0 355 0 95 135 20 -105 0 0 170 25 50 0 0 -5 30 0 0 -30 0 0 25 0 0 -25 0 0 0 0
-7 -41 -16 0 355 0 95 135 5 -105 0 0 170 25 50 0 0 -5 30 0 0 -30 0 0 25 0 0 -25 0 0 0 0
-7 -41 -16 0 355 0 95 135 35 -105 0 0 170 25 50 0 0 -5 30 0 0 -30 0 0 25 0 0 -25 0 0 0 0
-7 -41 -16 0 355 0 95 135 65 -105 0 0 170 25 50 0 0 -5 30 0 0 -30 0 0 25 0 0 -25 0 0 0 0
-7 -41 -16 0 355 0 95 135 85 -105 0 0 170 25 50 0 0 -5 30 0 0 -30 0 0 25 0 0 -25 0 0 0 0
-7 -41 -16 0 355 0 95 135 15 -105 0 0 175 -5 65 0 0 -50 30 0 0 -30 0 0 25 0 0 -25 0 0 0 0
-7 -41 -16 0 355 0 80 160 15 -105 0 0 175 -40 95 0 0 -75 30 0 0 -30 0 0 25 0 0 -25 0 0 0 0
-7 -41 -16 0 355 0 60 180 0 -105 0 0 145 -70 95 0 5 -90 30 0 0 -30 0 0 25 0 0 -25 0 0 0 0
-7 -41 -16 0 355 0 25 180 0 -105 0 0 145 -90 95 0 5 -60 30 0 0 -30 0 0 25 0 0 -25 0 0 0 0
-7 -41 -16 0 355 0 5 180 0 -90 5 0 105 -90 95 0 5 -85 30 0 0 -30 0 0 25 0 0 -25 0 0 0 0
-7 -41 -16 0 355 0 -5 180 0 -100 5 0 80 -90 95 0 5 -95 30 0 0 -30 0 0 25 0 0 -25 0 0 0 0
-7 -41 -16 0 355 0 -5 180 0 -100 5 0 120 -90 95 0 5 -95 75 0 0 -75 0 0 25 0 0 -25 0 0 0 0
-7 -41 -16 0 355 0 -5 180 0 -100 5 0 150 -90 95 0 5 -95 105 0 0 -105 0 0 25 0 0 -25 0 0 0 0
-7 -41 -16 0 355 0 -5 180 0 -100 5 0 195 -90 95 0 5 -95 120 0 0 -130 0 0 25 0 0 -25 0 0 0 0
-7 -41 -16 0 355 0 -5 180 0 -100 5 0 125 -90 95 0 5 -95 80 0 0 -85 0 0 25 0 0 -25 0 0 0 0
-7 -41 -16 0 355 0 -5 180 0 -100 5 0 85 -90 95 0 5 -95 30 0 0 -30 0 0 25 0 0 -25 0 0 0 0
-7 -41 -16 0 355 0 40 180 0 -100 5 0 85 -90 95 0 5 -95 30 0 0 -30 0 0 75 0 0 -70 0 0 0 0
-7 -41 -16 0 355 0 70 180 0 -100 5 0 85 -90 95 0 5 -95 30 0 0 -30 0 0 110 0 0 -100 0 0 0 0
-7 -41 -16 0 355 0 95 180 0 -100 5 0 85 -90 95 0 5 -95 30 0 0 -30 0 0 130 0 0 -130 0 0 0 0
-7 -41 -16 0 355 0 45 180 0 -100 5 0 85 -90 95 0 5 -95 30 0 0 -30 0 0 75 0 0 -85 0 0 0 0
-7 -41 -16 0 355 0 -5 180 0 -100 5 0 85 -90 95 0 5 -95 30 0 0 -30 0 0 30 0 0 -30 0 0 0 0
-7 -41 -16 0 355 0 -5 180 0 -100 5 0 120 -90 95 0 5 -95 75 0 0 -75 0 0 25 0 0 -25 0 0 0 0
-7 -41 -16 0 355 0 -5 180 0 -100 5 0 150 -90 95 0 5 -95 105 0 0 -105 0 0 25 0 0 -25 0 0 0 0
-7 -41 -16 0 355 0 -5 180 0 -100 5 0 195 -90 95 0 5 -95 120 0 0 -130 0 0 25 0 0 -25 0 0 0 0
-7 -41 -16 0 355 0 -5 180 0 -100 5 0 125 -90 95 0 5 -95 80 0 0 -85 0 0 25 0 0 -25 0 0 0 0
-7 -41 -16 0 355 0 -5 180 0 -100 5 0 85 -90 95 0 5 -95 30 0 0 -30 0 0 25 0 0 -25 0 0 0 0
-7 -41 -16 0 355 0 40 180 0 -100 5 0 85 -90 95 0 5 -95 30 0 0 -30 0 0 75 0 0 -70 0 0 0 0
-7 -41 -16 0 355 0 70 180 0 -100 5 0 85 -90 95 0 5 -95 30 0 0 -30 0 0 110 0 0 -100 0 0 0 0
-7 -41 -16 0 355 0 95 180 0 -100 5 0 85 -90 95 0 5 -95 30 0 0 -30 0 0 130 0 0 -130 0 0 0 0
-7 -41 -16 0 355 0 45 180 0 -100 5 0 85 -90 95 0 5 -95 30 0 0 -30 0 0 75 0 0 -85 0 0 0 0
-7 -41 -16 0 355 0 -5 180 0 -100 5 0 85 -90 95 0 5 -95 30 0 0 -30 0 0 30 0 0 -30 0 0 0 0
-7 -41 -16 0 355 0 -5 180 0 -100 5 0 120 -90 95 0 5 -95 75 0 0 -75 0 0 25 0 0 -25 0 0 0 0
-7 -41 -16 0 355 0 -5 180 0 -100 5 0 150 -90 95 0 5 -95 105 0 0 -105 0 0 25 0 0 -25 0 0 0 0
-7 -41 -16 0 355 0 -5 180 0 -100 5 0 195 -90 95 0 5 -95 120 0 0 -130 0 0 25 0 0 -25 0 0 0 0
-7 -41 -16 0 355 0 -5 180 0 -100 5 0 125 -90 95 0 5 -95 80 0 0 -85 0 0 25 0 0 -25 0 0 0 0
-7 -41 -16 0 355 0 -5 180 0 -100 5 0 85 -90 95 0 5 -95 30 0 0 -30 0 0 25 0 0 -25 0 0 0 0
-7 -41 -16 0 355 0 40 180 0 -100 5 0 85 -90 95 0 5 -95 30 0 0 -30 0 0 75 0 0 -70 0 0 0 0
-7 -41 -16 0 355 0 70 180 0 -100 5 0 85 -90 95 0 5 -95 30 0 0 -30 0 0 110 0 0 -100 0 0 0 0
-7 -41 -16 0 355 0 95 180 0 -100 5 0 85 -90 95 0 5 -95 30 0 0 -30 0 0 130 0 0 -130 0 0 0 0
-7 -41 -16 0 355 0 45 180 0 -100 5 0 85 -90 95 0 5 -95 30 0 0 -30 0 0 75 0 0 -85 0 0 0 0
-7 -41 -16 0 355 0 -5 180 0 -100 5 0 85 -90 95 0 5 -95 30 0 0 -30 0 0 30 0 0 -30 0 0 0 0
-7 -41 -16 0 355 0 -5 180 0 -100 5 0 120 -90 95 0 5 -95 75 0 0 -75 0 0 25 0 0 -25 0 0 0 0
-7 -41 -16 0 355 0 -5 180 0 -100 5 0 150 -90 95 0 5 -95 105 0 0 -105 0 0 25 0 0 -25 0 0 0 0
-7 -41 -16 0 355 0 -5 180 0 -100 5 0 195 -90 95 0 5 -95 120 0 0 -130 0 0 25 0 0 -25 0 0 0 0
-7 -41 -16 0 355 0 -5 180 0 -100 5 0 125 -90 95 0 5 -95 80 0 0 -85 0 0 25 0 0 -25 0 0 0 0
-7 -41 -16 0 355 0 -5 180 0 -100 5 0 85 -90 95 0 5 -95 30 0 0 -30 0 0 25 0 0 -25 0 0 0 0
-7 -41 -16 0 355 0 40 180 0 -100 5 0 85 -90 95 0 5 -95 30 0 0 -30 0 0 75 0 0 -70 0 0 0 0
-7 -41 -16 0 355 0 70 180 0 -100 5 0 85 -90 95 0 5 -95 30 0 0 -30 0 0 110 0 0 -100 0 0 0 0
-7 -41 -16 0 355 0 95 180 0 -100 5 0 85 -90 95 0 5 -95 30 0 0 -30 0 0 130 0 0 -130 0 0 0 0
-7 -41 -16 0 355 0 45 180 0 -100 5 0 85 -90 95 0 5 -95 30 0 0 -30 0 0 75 0 0 -85 0 0 0 0
-7 -41 -16 0 355 0 -5 180 0 -100 5 0 85 -90 95 0 5 -95 30 0 0 -30 0 0 30 0 0 -30 0 0 0 0
-7 -41 -16 0 355 0 -5 180 0 -100 5 0 120 -90 95 0 5 -95 75 0 0 -75 0 0 25 0 0 -25 0 0 0 0
-7 -41 -16 0 355 0 -5 180 0 -100 5 0 150 -90 95 0 5 -95 105 0 0 -105 0 0 25 0 0 -25 0 0 0 0
-7 -41 -16 0 355 0 -5 180 0 -100 5 0 195 -90 95 0 5 -95 120 0 0 -130 0 0 25 0 0 -25 0 0 0 0
-7 -41 -16 0 355 0 -5 180 0 -100 5 0 125 -90 95 0 5 -95 80 0 0 -85 0 0 25 0 0 -25 0 0 0 0
-7 -41 -16 0 355 0 -5 180 0 -100 5 0 85 -90 95 0 5 -95 30 0 0 -30 0 0 25 0 0 -25 0 0 0 0
-7 -41 -16 0 355 0 40 180 0 -100 5 0 85 -90 95 0 5 -95 30 0 0 -30 0 0 75 0 0 -70 0 0 0 0
-7 -41 -16 0 355 0 70 180 0 -100 5 0 85 -90 95 0 5 -95 30 0 0 -30 0 0 110 0 0 -100 0 0 0 0
-7 -41 -16 0 355 0 95 180 0 -100 5 0 85 -90 95 0 5 -95 30 0 0 -30 0 0 130 0 0 -130 0 0 0 0
-7 -41 -16 0 355 0 45 180 0 -100 5 0 85 -90 95 0 5 -95 30 0 0 -30 0 0 75 0 0 -85 0 0 0 0
-7 -41 -16 0 355 0 -5 180 0 -100 5 0 85 -90 95 0 5 -95 30 0 0 -30 0 0 30 0 0 -30 0 0 0 0
-7 -41 -16 0 355 0 -5 180 0 -100 5 0 120 -90 95 0 5 -95 75 0 0 -75 0 0 25 0 0 -25 0 0 0 0
-7 -41 -16 0 355 0 -5 180 0 -100 5 0 150 -90 95 0 5 -95 105 0 0 -105 0 0 25 0 0 -25 0 0 0 0
-7 -41 -16 0 355 0 -5 180 0 -100 5 0 195 -90 95 0 5 -95 120 0 0 -130 0 0 25 0 0 -25 0 0 0 0
-7 -41 -16 0 355 0 -5 180 0 -100 5 0 125 -90 95 0 5 -95 80 0 0 -85 0 0 25 0 0 -25 0 0 0 0
-7 -41 -16 0 355 0 -5 180 0 -100 5 0 85 -90 95 0 5 -95 30 0 0 -30 0 0 25 0 0 -25 0 0 0 0
-7 -41 -16 0 355 0 40 180 0 -100 5 0 85 -90 95 0 5 -95 30 0 0 -30 0 0 75 0 0 -70 0 0 0 0
-7 -41 -16 0 355 0 70 180 0 -100 5 0 85 -90 95 0 5 -95 30 0 0 -30 0 0 110 0 0 -100 0 0 0 0
-7 -41 -16 0 355 0 95 180 0 -100 5 0 85 -90 95 0 5 -95 30 0 0 -30 0 0 130 0 0 -130 0 0 0 0
-7 -41 -16 0 355 0 45 180 0 -100 5 0 85 -90 95 0 5 -95 30 0 0 -30 0 0 75 0 0 -85 0 0 0 0
-7 -41 -16 0 355 0 -5 180 0 -100 5 0 85 -90 95 0 5 -95 30 0 0 -30 0 0 30 0 0 -30 0 0 0 0
-7 -41 -16 0 355 0 -5 180 0 -100 5 0 120 -90 95 0 5 -95 75 0 0 -75 0 0 25 0 0 -25 0 0 0 0
-7 -41 -16 0 355 0 -5 180 0 -100 5 0 150 -90 95 0 5 -95 105 0 0 -105 0 0 25 0 0 -25 0 0 0 0
-7 -41 -16 0 355 0 -5 180 0 -100 5 0 195 -90 95 0 5 -95 120 0 0 -130 0 0 25 0 0 -25 0 0 0 0
-7 -41 -16 0 355 0 -5 180 0 -100 5 0 125 -90 95 0 5 -95 80 0 0 -85 0 0 25 0 0 -25 0 0 0 0
-7 -41 -16 0 355 0 -5 180 0 -100 5 0 85 -90 95 0 5 -95 30 0 0 -30 0 0 25 0 0 -25 0 0 0 0
-7 -41 -16 0 355 0 40 180 0 -100 5 0 85 -90 95 0 5 -95 30 0 0 -30 0 0 75 0 0 -70 0 0 0 0
-7 -41 -16 0 355 0 70 180 0 -100 5 0 85 -90 95 0 5 -95 30 0 0 -30 0 0 110 0 0 -100 0 0 0 0
-7 -41 -16 0 355 0 95 180 0 -100 5 0 85 -90 95 0 5 -95 30 0 0 -30 0 0 130 0 0 -130 0 0 0 0
-7 -41 -16 0 355 0 45 180 0 -100 5 0 85 -90 95 0 5 -95 30 0 0 -30 0 0 75 0 0 -85 0 0 0 0
-7 -41 -16 0 355 0 -5 180 0 -100 5 0 85 -90 95 0 5 -95 30 0 0 -30 0 0 30 0 0 -30 0 0 0 0
-7 -41 -16 0 355 0 -5 180 0 -100 5 0 120 -90 95 0 5 -95 75 0 0 -75 0 0 25 0 0 -25 0 0 0 0
-7 -41 -16 0 355 0 -5 180 0 -100 5 0 150 -90 95 0 5 -95 105 0 0 -105 0 0 25 0 0 -25 0 0 0 0
-7 -41 -16 0 355 0 -5 180 0 -100 5 0 195 -90 95 0 5 -95 120 0 0 -130 0 0 25 0 0 -25 0 0 0 0
-7 -41 -16 0 355 0 -5 180 0 -100 5 0 125 -90 95 0 5 -95 80 0 0 -85 0 0 25 0 0 -25 0 0 0 0
-7 -41 -16 0 355 0 -5 180 0 -100 5 0 85 -90 95 0 5 -95 30 0 0 -30 0 0 25 0 0 -25 0 0 0 0
-7 -41 -16 0 355 0 40 180 0 -100 5 0 85 -90 95 0 5 -95 30 0 0 -30 0 0 75 0 0 -70 0 0 0 0
-7 -41 -16 0 355 0 70 180 0 -100 5 0 85 -90 95 0 5 -95 30 0 0 -30 0 0 110 0 0 -100 0 0 0 0
-7 -41 -16 0 355 0 95 180 0 -100 5 0 85 -90 95 0 5 -95 30 0 0 -30 0 0 130 0 0 -130 0 0 0 0
-7 -41 -16 0 355 0 45 180 0 -100 5 0 85 -90 95 0 5 -95 30 0 0 -30 0 0 75 0 0 -85 0 0 0 0
-7 -41 -16 0 355 0 -5 180 0 -100 5 0 85 -90 95 0 5 -95 30 0 0 -30 0 0 30 0 0 -30 0 0 0 0
-7 -41 -16 0 355 0 -5 180 0 -100 5 0 120 -90 95 0 5 -95 75 0 0 -75 0 0 25 0 0 -25 0 0 0 0
-7 -41 -16 0 355 0 -5 180 0 -100 5 0 150 -90 95 0 5 -95 105 0 0 -105 0 0 25 0 0 -25 0 0 0 0
-7 -41 -16 0 355 0 -5 180 0 -100 5 0 195 -90 95 0 5 -95 120 0 0 -130 0 0 25 0 0 -25 0 0 0 0
-7 -41 -16 0 355 0 -5 180 0 -100 5 0 125 -90 95 0 5 -95 80 0 0 -85 0 0 25 0 0 -25 0 0 0 0
-7 -41 -16 0 355 0 -5 180 0 -100 5 0 85 -90 95 0 5 -95 30 0 0 -30 0 0 25 0 0 -25 0 0 0 0
-7 -41 -16 0 355 0 40 180 0 -100 5 0 85 -90 95 0 5 -95 30 0 0 -30 0 0 75 0 0 -70 0 0 0 0
-7 -41 -16 0 355 0 70 180 0 -100 5 0 85 -90 95 0 5 -95 30 0 0 -30 0 0 110 0 0 -100 0 0 0 0
-7 -41 -16 0 355 0 95 180 0 -100 5 0 85 -90 95 0 5 -95 30 0 0 -30 0 0 130 0 0 -130 0 0 0 0
-7 -41 -16 0 355 0 45 180 0 -100 5 0 85 -90 95 0 5 -95 30 0 0 -30 0 0 75 0 0 -85 0 0 0 0
-7 -41 -16 0 355 0 -5 180 0 -100 5 0 85 -90 95 0 5 -95 30 0 0 -30 0 0 30 0 0 -30 0 0 0 0
-7 -41 -16 0 355 0 -5 180 0 -100 5 0 120 -90 95 0 5 -95 75 0 0 -75 0 0 25 0 0 -25 0 0 0 0
-7 -41 -16 0 355 0 -5 180 0 -100 5 0 150 -90 95 0 5 -95 105 0 0 -105 0 0 25 0 0 -25 0 0 0 0
-7 -41 -16 0 355 0 -5 180 0 -100 5 0 195 -90 95 0 5 -95 120 0 0 -130 0 0 25 0 0 -25 0 0 0 0
-7 -41 -16 0 355 0 -5 180 0 -100 5 0 125 -90 95 0 5 -95 80 0 0 -85 0 0 25 0 0 -25 0 0 0 0
-7 -41 -16 0 355 0 -5 180 0 -100 5 0 85 -90 95 0 5 -95 30 0 0 -30 0 0 25 0 0 -25 0 0 0 0
-7 -41 -16 0 355 0 40 180 0 -100 5 0 85 -90 95 0 5 -95 30 0 0 -30 0 0 75 0 0 -70 0 0 0 0
-7 -41 -16 0 355 0 70 180 0 -100 5 0 85 -90 95 0 5 -95 30 0 0 -30 0 0 110 0 0 -100 0 0 0 0
-7 -41 -16 0 355 0 95 180 0 -100 5 0 85 -90 95 0 5 -95 30 0 0 -30 0 0 130 0 0 -130 0 0 0 0
-7 -41 -16 0 355 0 45 180 0 -100 5 0 85 -90 95 0 5 -95 30 0 0 -30 0 0 75 0 0 -85 0 0 0 0
-7 -41 -16 0 355 0 -5 180 0 -100 5 0 85 -90 95 0 5 -95 30 0 0 -30 0 0 30 0 0 -30 0 0 0 0
-7 -41 -16 0 355 0 -5 180 0 -100 5 0 120 -90 95 0 5 -95 75 0 0 -75 0 0 25 0 0 -25 0 0 0 0
-7 -41 -16 0 355 0 -5 180 0 -100 5 0 150 -90 95 0 5 -95 105 0 0 -105 0 0 25 0 0 -25 0 0 0 0
-7 -41 -16 0 355 0 -5 180 0 -100 5 0 195 -90 95 0 5 -95 120 0 0 -130 0 0 25 0 0 -25 0 0 0 0
-7 -41 -16 0 355 0 -5 180 0 -100 5 0 125 -90 95 0 5 -95 80 0 0 -85 0 0 25 0 0 -25 0 0 0 0
-7 -41 -16 0 355 0 -5 180 0 -100 5 0 85 -90 95 0 5 -95 30 0 0 -30 0 0 25 0 0 -25 0 0 0 0
-7 -41 -16 0 355 0 40 180 0 -100 5 0 85 -90 95 0 5 -95 30 0 0 -30 0 0 75 0 0 -70 0 0 0 0
-7 -41 -16 0 355 0 70 180 0 -100 5 0 85 -90 95 0 5 -95 30 0 0 -30 0 0 110 0 0 -100 0 0 0 0
-7 -41 -16 0 355 0 95 180 0 -100 5 0 85 -90 95 0 5 -95 30 0 0 -30 0 0 130 0 0 -130 0 0 0 0
-7 -41 -16 0 355 0 45 180 0 -100 5 0 85 -90 95 0 5 -95 30 0 0 -30 0 0 75 0 0 -85 0 0 0 0
-7 -41 -16 0 355 0 -5 180 0 -100 5 0 85 -90 95 0 5 -95 30 0 0 -30 0 0 30 0 0 -30 0 0 0 0
-7 -41 -16 0 355 0 -5 180 0 -100 5 0 120 -90 95 0 5 -95 75 0 0 -75 0 0 25 0 0 -25 0 0 0 0
-7 -41 -16 0 355 0 -5 180 0 -100 5 0 150 -90 95 0 5 -95 105 0 0 -105 0 0 25 0 0 -25 0 0 0 0
-7 -41 -16 0 355 0 -5 180 0 -100 5 0 195 -90 95 0 5 -95 120 0 0 -130 0 0 25 0 0 -25 0 0 0 0
-7 -41 -16 0 355 0 -5 180 0 -100 5 0 125 -90 95 0 5 -95 80 0 0 -85 0 0 25 0 0 -25 0 0 0 0
-7 -41 -16 0 355 0 -5 180 0 -100 5 0 85 -90 95 0 5 -95 30 0 0 -30 0 0 25 0 0 -25 0 0 0 0
-7 -41 -16 0 355 0 40 180 0 -100 5 0 85 -90 95 0 5 -95 30 0 0 -30 0 0 75 0 0 -70 0 0 0 0
-7 -41 -16 0 355 0 70 180 0 -100 5 0 85 -90 95 0 5 -95 30 0 0 -30 0 0 110 0 0 -100 0 0 0 0
-7 -41 -16 0 355 0 95 180 0 -100 5 0 85 -90 95 0 5 -95 30 0 0 -30 0 0 130 0 0 -130 0 0 0 0
-7 -41 -16 0 355 0 45 180 0 -100 5 0 85 -90 95 0 5 -95 30 0 0 -30 0 0 75 0 0 -85 0 0 0 0
-7 -41 -16 0 355 0 -5 180 0 -100 5 0 85 -90 95 0 5 -95 30 0 0 -30 0 0 30 0 0 -30 0 0 0 0
-7 -41 -16 0 355 0 -5 180 0 -100 5 0 120 -90 95 0 5 -95 75 0 0 -75 0 0 25 0 0 -25 0 0 0 0
-7 -41 -16 0 355 0 -5 180 0 -100 5 0 150 -90 95 0 5 -95 105 0 0 -105 0 0 25 0 0 -25 0 0 0 0
-7 -41 -16 0 355 0 -5 180 0 -100 5 0 195 -90 95 0 5 -95 120 0 0 -130 0 0 25 0 0 -25 0 0 0 0
-7 -41 -16 0 355 0 -5 180 0 -100 5 0 125 -90 95 0 5 -95 80 0 0 -85 0 0 25 0 0 -25 0 0 0 0
-7 -41 -16 0 355 0 -5 180 0 -100 5 0 85 -90 95 0 5 -95 30 0 0 -30 0 0 25 0 0 -25 0 0 0 0
-7 -41 -16 0 355 0 40 180 0 -100 5 0 85 -90 95 0 5 -95 30 0 0 -30 0 0 75 0 0 -70 0 0 0 0
-7 -41 -16 0 355 0 70 180 0 -100 5 0 85 -90 95 0 5 -95 30 0 0 -30 0 0 110 0 0 -100 0 0 0 0
-7 -41 -16 0 355 0 95 180 0 -100 5 0 85 -90 95 0 5 -95 30 0 0 -30 0 0 130 0 0 -130 0 0 0 0
-7 -41 -16 0 355 0 45 180 0 -100 5 0 85 -90 95 0 5 -95 30 0 0 -30 0 0 75 0 0 -85 0 0 0 0
-7 -41 -16 0 355 0 -5 180 0 -100 5 0 85 -90 95 0 5 -95 30 0 0 -30 0 0 30 0 0 -30 0 0 0 0
-7 -41 -16 0 355 0 45 180 0 -100 5 0 130 -90 95 0 5 -95 30 0 0 -30 0 0 30 0 0 -30 0 0 0 0
-7 -41 -16 0 355 0 45 180 0 -135 5 0 130 -90 95 0 5 -125 30 0 0 -30 0 0 30 0 0 -30 0 0 0 0
-7 -41 -16 0 355 0 45 180 0 -135 5 0 165 -90 95 0 5 -20 30 0 0 -30 0 0 30 0 0 -30 0 0 0 0
-7 -41 -16 0 355 0 45 180 0 -135 5 0 115 -90 95 0 5 -145 30 0 0 -30 0 0 30 0 0 -30 0 0 0 0
-7 -41 -16 0 355 0 90 180 0 -25 5 0 115 -90 95 0 5 -145 30 0 0 -30 0 0 30 0 0 -30 0 0 0 0
-7 -41 -16 0 355 0 25 180 0 -165 5 0 115 -90 95 0 5 -145 30 0 0 -30 0 0 30 0 0 -30 0 0 0 0
-7 -41 -16 0 355 0 45 180 0 -135 5 0 165 -90 95 0 5 -20 30 0 0 -30 0 0 30 0 0 -30 0 0 0 0
-7 -41 -16 0 355 0 45 180 0 -135 5 0 115 -90 95 0 5 -145 30 0 0 -30 0 0 30 0 0 -30 0 0 0 0
-7 -41 -16 0 355 0 90 180 0 -25 5 0 115 -90 95 0 5 -145 30 0 0 -30 0 0 30 0 0 -30 0 0 0 0
-7 -41 -16 0 355 0 25 180 0 -165 5 0 115 -90 95 0 5 -145 30 0 0 -30 0 0 30 0 0 -30 0 0 0 0
-7 -41 -16 0 355 0 45 180 0 -135 5 0 165 -90 95 0 5 -20 30 0 0 -30 0 0 30 0 0 -30 0 0 0 0
-7 -41 -16 0 355 0 45 180 0 -135 5 0 115 -90 95 0 5 -145 30 0 0 -30 0 0 30 0 0 -30 0 0 0 0
-7 -41 -16 0 355 0 90 180 0 -25 5 0 115 -90 95 0 5 -145 30 0 0 -30 0 0 30 0 0 -30 0 0 0 0
-7 -41 -16 0 355 0 25 180 0 -165 5 0 115 -90 95 0 5 -145 30 0 0 -30 0 0 30 0 0 -30 0 0 0 0
-7 -41 -16 0 355 0 45 180 0 -135 5 0 165 -90 95 0 5 -20 30 0 0 -30 0 0 30 0 0 -30 0 0 0 0
-7 -41 -16 0 355 0 45 180 0 -135 5 0 115 -90 95 0 5 -145 30 0 0 -30 0 0 30 0 0 -30 0 0 0 0
-7 -41 -16 0 355 0 90 180 0 -25 5 0 115 -90 95 0 5 -145 30 0 0 -30 0 0 30 0 0 -30 0 0 0 0
-7 -41 -16 0 355 0 25 180 0 -165 5 0 115 -90 95 0 5 -145 30 0 0 -30 0 0 30 0 0 -30 0 0 0 0
-7 -41 -16 0 355 0 45 180 0 -135 5 0 165 -90 95 0 5 -20 30 0 0 -30 0 0 30 0 0 -30 0 0 0 0
-7 -41 -16 0 355 0 45 180 0 -135 5 0 115 -90 95 0 5 -145 30 0 0 -30 0 0 30 0 0 -30 0 0 0 0
-7 -41 -16 0 355 0 90 180 0 -25 5 0 115 -90 95 0 5 -145 30 0 0 -30 0 0 30 0 0 -30 0 0 0 0
-7 -41 -16 0 355 0 25 180 0 -165 5 0 115 -90 95 0 5 -145 30 0 0 -30 0 0 30 0 0 -30 0 0 0 0
-7 -41 -16 0 355 0 45 180 0 -135 5 0 165 -90 95 0 5 -20 30 0 0 -30 0 0 30 0 0 -30 0 0 0 0
-7 -41 -16 0 355 0 45 180 0 -135 5 0 115 -90 95 0 5 -145 30 0 0 -30 0 0 30 0 0 -30 0 0 0 0
-7 -41 -16 0 355 0 90 180 0 -25 5 0 115 -90 95 0 5 -145 30 0 0 -30 0 0 30 0 0 -30 0 0 0 0
-7 -41 -16 0 355 0 25 180 0 -165 5 0 115 -90 95 0 5 -145 30 0 0 -30 0 0 30 0 0 -30 0 0 0 0
-7 -41 -16 0 355 0 45 180 0 -135 5 0 165 -90 95 0 5 -20 30 0 0 -30 0 0 30 0 0 -30 0 0 0 0
-7 -41 -16 0 355 0 45 180 0 -135 5 0 115 -90 95 0 5 -145 30 0 0 -30 0 0 30 0 0 -30 0 0 0 0
-7 -41 -16 0 355 0 90 180 0 -25 5 0 115 -90 95 0 5 -145 30 0 0 -30 0 0 30 0 0 -30 0 0 0 0
-7 -41 -16 0 355 0 25 180 0 -165 5 0 115 -90 95 0 5 -145 30 0 0 -30 0 0 30 0 0 -30 0 0 0 0
-7 -41 -16 0 355 0 45 180 0 -135 5 0 165 -90 95 0 5 -20 30 0 0 -30 0 0 30 0 0 -30 0 0 0 0
-7 -41 -16 0 355 0 45 180 0 -135 5 0 115 -90 95 0 5 -145 30 0 0 -30 0 0 30 0 0 -30 0 0 0 0
-7 -41 -16 0 355 0 90 180 0 -25 5 0 115 -90 95 0 5 -145 30 0 0 -30 0 0 30 0 0 -30 0 0 0 0
-7 -41 -16 0 355 0 25 180 0 -165 5 0 115 -90 95 0 5 -145 30 0 0 -30 0 0 30 0 0 -30 0 0 0 0
-7 -41 -16 0 355 0 45 180 0 -135 5 0 165 -90 95 0 5 -20 30 0 0 -30 0 0 30 0 0 -30 0 0 0 0
-7 -41 -16 0 355 0 45 180 0 -135 5 0 115 -90 95 0 5 -145 30 0 0 -30 0 0 30 0 0 -30 0 0 0 0
-7 -41 -16 0 355 0 90 180 0 -25 5 0 115 -90 95 0 5 -145 30 0 0 -30 0 0 30 0 0 -30 0 0 0 0
-7 -41 -16 0 355 0 25 180 0 -165 5 0 115 -90 95 0 5 -145 30 0 0 -30 0 0 30 0 0 -30 0 0 0 0
-7 -41 -16 0 355 0 45 180 0 -135 5 0 165 -90 95 0 5 -20 30 0 0 -30 0 0 30 0 0 -30 0 0 0 0
-7 -41 -16 0 355 0 25 180 0 -165 5 0 115 -90 95 0 5 -145 30 0 0 -30 0 0 95 0 0 -95 0 0 0 0
-7 -41 -16 0 355 0 25 180 0 -165 5 0 115 -90 95 0 5 -145 30 0 0 -30 0 0 115 0 0 -25 0 0 0 0
-7 -41 -16 0 355 0 25 180 0 -165 5 0 115 -90 95 0 5 -145 30 0 0 -30 0 0 60 0 0 -60 0 0 0 0
-7 -41 -16 0 355 0 25 180 0 -165 5 0 115 -90 95 0 5 -145 30 0 0 -30 0 0 30 0 0 -25 0 0 0 0
-7 -41 -16 0 355 0 45 180 0 -135 5 0 115 -90 95 0 5 -145 30 0 0 -30 0 0 30 0 0 -30 0 0 0 0
-7 -41 -16 0 355 0 90 180 0 -25 5 0 115 -90 95 0 5 -145 30 0 0 -30 0 0 30 0 0 -30 0 0 0 0
-7 -41 -16 0 355 0 25 180 0 -165 5 0 115 -90 95 0 5 -145 30 0 0 -30 0 0 30 0 0 -30 0 0 0 0
-7 -41 -16 0 355 0 45 180 0 -135 5 0 165 -90 95 0 5 -20 30 0 0 -30 0 0 30 0 0 -30 0 0 0 0
-7 -41 -16 0 355 0 45 180 0 -135 5 0 115 -90 95 0 5 -145 30 0 0 -30 0 0 30 0 0 -30 0 0 0 0
-7 -41 -16 0 355 0 90 180 0 -25 5 0 115 -90 95 0 5 -145 30 0 0 -30 0 0 30 0 0 -30 0 0 0 0
-7 -41 -16 0 355 0 25 180 0 -165 5 0 115 -90 95 0 5 -145 30 0 0 -30 0 0 30 0 0 -30 0 0 0 0
-7 -41 -16 0 355 0 45 180 0 -135 5 0 165 -90 95 0 5 -20 30 0 0 -30 0 0 30 0 0 -30 0 0 0 0
-7 -41 -16 0 355 0 45 180 0 -135 5 0 115 -90 95 0 5 -145 30 0 0 -30 0 0 30 0 0 -30 0 0 0 0
-7 -41 -16 0 355 0 90 180 0 -25 5 0 115 -90 95 0 5 -145 30 0 0 -30 0 0 30 0 0 -30 0 0 0 0
-7 -41 -16 0 355 0 25 180 0 -165 5 0 115 -90 95 0 5 -145 30 0 0 -30 0 0 30 0 0 -30 0 0 0 0
-7 -41 -16 0 355 0 45 180 0 -135 5 0 165 -90 95 0 5 -20 30 0 0 -30 0 0 30 0 0 -30 0 0 0 0
-7 -41 -16 0 355 0 25 180 0 -165 5 0 115 -90 95 0 5 -145 30 0 0 -30 0 0 95 0 0 -95 0 0 0 0
-7 -41 -16 0 355 0 25 180 0 -165 5 0 115 -90 95 0 5 -145 30 0 0 -30 0 0 115 0 0 -25 0 0 0 0
-7 -41 -16 0 355 0 25 180 0 -165 5 0 115 -90 95 0 5 -145 30 0 0 -30 0 0 60 0 0 -60 0 0 0 0
-7 -41 -16 0 355 0 25 180 0 -165 5 0 115 -90 95 0 5 -145 30 0 0 -30 0 0 30 0 0 -25 0 0 0 0
-7 -41 -16 0 355 0 45 180 0 -135 5 0 165 -90 95 0 5 -20 30 0 0 -30 0 0 30 0 0 -30 0 0 0 0
-7 -41 -16 0 355 0 45 180 0 -135 5 0 115 -90 95 0 5 -145 30 0 0 -30 0 0 30 0 0 -30 0 0 0 0
-7 -41 -16 0 355 0 90 180 0 -25 5 0 115 -90 95 0 5 -145 30 0 0 -30 0 0 30 0 0 -30 0 0 0 0
-7 -41 -16 0 355 0 25 180 0 -165 5 0 115 -90 95 0 5 -145 30 0 0 -30 0 0 30 0 0 -30 0 0 0 0
-7 -41 -16 0 355 0 45 180 0 -135 5 0 165 -90 95 0 5 -20 30 0 0 -30 0 0 30 0 0 -30 0 0 0 0
-7 -41 -16 0 355 0 45 180 0 -135 5 0 115 -90 95 0 5 -145 30 0 0 -30 0 0 30 0 0 -30 0 0 0 0
-7 -41 -16 0 355 0 90 180 0 -25 5 0 115 -90 95 0 5 -145 30 0 0 -30 0 0 30 0 0 -30 0 0 0 0
-7 -41 -16 0 355 0 25 180 0 -165 5 0 115 -90 95 0 5 -145 30 0 0 -30 0 0 30 0 0 -30 0 0 0 0
-7 -41 -16 0 355 0 45 180 0 -135 5 0 165 -90 95 0 5 -20 30 0 0 -30 0 0 30 0 0 -30 0 0 0 0
-7 -41 -16 0 355 0 45 180 0 -135 5 0 115 -90 95 0 5 -145 30 0 0 -30 0 0 30 0 0 -30 0 0 0 0
-7 -41 -16 0 355 0 90 180 0 -25 5 0 115 -90 95 0 5 -145 30 0 0 -30 0 0 30 0 0 -30 0 0 0 0
-7 -41 -16 0 355 0 25 180 0 -165 5 0 115 -90 95 0 5 -145 30 0 0 -30 0 0 30 0 0 -30 0 0 0 0
-7 -41 -16 0 355 0 45 180 0 -135 5 0 165 -90 95 0 5 -20 30 0 0 -30 0 0 30 0 0 -30 0 0 0 0
-7 -41 -16 0 355 0 45 180 0 -135 5 0 115 -90 95 0 5 -145 30 0 0 -30 0 0 30 0 0 -30 0 0 0 0
-7 -41 -16 0 355 0 90 180 0 -25 5 0 115 -90 95 0 5 -145 30 0 0 -30 0 0 30 0 0 -30 0 0 0 0
-7 -41 -16 0 355 0 25 180 0 -165 5 0 115 -90 95 0 5 -145 30 0 0 -30 0 0 30 0 0 -30 0 0 0 0
-7 -41 -16 0 355 0 45 180 0 -135 5 0 165 -90 95 0 5 -20 30 0 0 -30 0 0 30 0 0 -30 0 0 0 0
-7 -41 -16 0 355 0 45 180 0 -135 5 0 115 -90 95 0 5 -145 30 0 0 -30 0 0 30 0 0 -30 0 0 0 0
-7 -41 -16 0 355 0 90 180 0 -25 5 0 115 -90 95 0 5 -145 30 0 0 -30 0 0 30 0 0 -30 0 0 0 0
-7 -41 -16 0 355 0 25 180 0 -165 5 0 115 -90 95 0 5 -145 30 0 0 -30 0 0 30 0 0 -30 0 0 0 0
-7 -41 -16 0 355 0 45 180 0 -135 5 0 165 -90 95 0 5 -20 30 0 0 -30 0 0 30 0 0 -30 0 0 0 0
-7 -41 -16 0 355 0 45 180 0 -135 5 0 115 -90 95 0 5 -145 30 0 0 -30 0 0 30 0 0 -30 0 0 0 0
-7 -41 -16 0 355 0 90 180 0 -25 5 0 115 -90 95 0 5 -145 30 0 0 -30 0 0 30 0 0 -30 0 0 0 0
-7 -41 -16 0 355 0 25 180 0 -165 5 0 115 -90 95 0 5 -145 30 0 0 -30 0 0 30 0 0 -30 0 0 0 0
-7 -41 -16 0 355 0 45 180 0 -135 5 0 165 -90 95 0 5 -20 30 0 0 -30 0 0 30 0 0 -30 0 0 0 0
-7 -41 -16 0 355 0 45 180 0 -135 5 0 115 -90 95 0 5 -145 30 0 0 -30 0 0 30 0 0 -30 0 0 0 0
-7 -41 -16 0 355 0 90 180 0 -25 5 0 115 -90 95 0 5 -145 30 0 0 -30 0 0 30 0 0 -30 0 0 0 0
-7 -41 -16 0 355 0 25 180 0 -165 5 0 115 -90 95 0 5 -145 30 0 0 -30 0 0 30 0 0 -30 0 0 0 0
-7 -41 -16 0 355 0 45 180 0 -135 5 0 165 -90 95 0 5 -20 30 0 0 -30 0 0 30 0 0 -30 0 0 0 0
-7 -41 -16 0 355 0 45 180 0 -135 5 0 115 -90 95 0 5 -145 30 0 0 -30 0 0 30 0 0 -30 0 0 0 0
-7 -41 -16 0 355 0 90 180 0 -25 5 0 115 -90 95 0 5 -145 30 0 0 -30 0 0 30 0 0 -30 0 0 0 0
-7 -41 -16 0 355 0 25 180 0 -165 5 0 115 -90 95 0 5 -145 30 0 0 -30 0 0 30 0 0 -30 0 0 0 0
-7 -41 -16 0 355 0 45 180 0 -135 5 0 165 -90 95 0 5 -20 30 0 0 -30 0 0 30 0 0 -30 0 0 0 0
-7 -41 -16 0 355 0 45 180 0 -135 5 0 115 -90 95 0 5 -145 30 0 0 -30 0 0 30 0 0 -30 0 0 0 0
-7 -41 -16 0 355 0 90 180 0 -25 5 0 115 -90 95 0 5 -145 30 0 0 -30 0 0 30 0 0 -30 0 0 0 0
-7 -41 -16 0 355 0 25 180 0 -165 5 0 115 -90 95 0 5 -145 30 0 0 -30 0 0 30 0 0 -30 0 0 0 0
-7 -41 -16 0 355 0 45 180 0 -135 5 0 165 -90 95 0 5 -20 30 0 0 -30 0 0 30 0 0 -30 0 0 0 0
-7 -41 -16 0 355 0 45 180 0 -135 5 0 115 -90 95 0 5 -145 30 0 0 -30 0 0 30 0 0 -30 0 0 0 0
-7 -41 -16 0 355 0 90 180 0 -25 5 0 115 -90 95 0 5 -145 30 0 0 -30 0 0 30 0 0 -30 0 0 0 0
-7 -41 -16 0 355 0 25 180 0 -165 5 0 115 -90 95 0 5 -145 30 0 0 -30 0 0 30 0 0 -30 0 0 0 0
-7 -41 -16 0 355 0 45 180 0 -135 5 0 165 -90 95 0 5 -20 30 0 0 -30 0 0 30 0 0 -30 0 0 0 0
-7 -41 -16 0 355 0 45 180 0 -135 5 0 115 -90 95 0 5 -145 30 0 0 -30 0 0 30 0 0 -30 0 0 0 0
-7 -41 -16 0 355 0 90 180 0 -25 5 0 115 -90 95 0 5 -145 30 0 0 -30 0 0 30 0 0 -30 0 0 0 0
-7 -41 -16 0 355 0 25 180 0 -165 5 0 115 -90 95 0 5 -145 30 0 0 -30 0 0 30 0 0 -30 0 0 0 0
-7 -41 -16 0 355 0 45 180 0 -135 5 0 165 -90 95 0 5 -20 30 0 0 -30 0 0 30 0 0 -30 0 0 0 0
-7 -41 -16 0 355 0 25 180 0 -165 5 0 115 -90 95 0 5 -145 30 0 0 -30 0 0 95 0 0 -95 0 0 0 0
-7 -41 -16 0 355 0 25 180 0 -165 5 0 115 -90 95 0 5 -145 30 0 0 -30 0 0 115 0 0 -25 0 0 0 0
-7 -41 -16 0 355 0 25 180 0 -165 5 0 115 -90 95 0 5 -145 30 0 0 -30 0 0 60 0 0 -60 0 0 0 0
-7 -41 -16 0 355 0 25 180 0 -165 5 0 115 -90 95 0 5 -145 30 0 0 -30 0 0 30 0 0 -25 0 0 0 0
-7 -41 -16 0 355 0 45 180 0 -135 5 0 115 -90 95 0 5 -145 30 0 0 -30 0 0 30 0 0 -30 0 0 0 0
-7 -41 -16 0 355 0 90 180 0 -25 5 0 115 -90 95 0 5 -145 30 0 0 -30 0 0 30 0 0 -30 0 0 0 0
-7 -41 -16 0 355 0 25 180 0 -165 5 0 115 -90 95 0 5 -145 30 0 0 -30 0 0 30 0 0 -30 0 0 0 0
-7 -41 -16 0 355 0 45 180 0 -135 5 0 165 -90 95 0 5 -20 30 0 0 -30 0 0 30 0 0 -30 0 0 0 0
-7 -41 -16 0 355 0 45 180 0 -135 5 0 115 -90 95 0 5 -145 30 0 0 -30 0 0 30 0 0 -30 0 0 0 0
-7 -41 -16 0 355 0 90 180 0 -25 5 0 115 -90 95 0 5 -145 30 0 0 -30 0 0 30 0 0 -30 0 0 0 0
-7 -41 -16 0 355 0 25 180 0 -165 5 0 115 -90 95 0 5 -145 30 0 0 -30 0 0 30 0 0 -30 0 0 0 0
-7 -41 -16 0 355 0 45 180 0 -135 5 0 165 -90 95 0 5 -20 30 0 0 -30 0 0 30 0 0 -30 0 0 0 0
-7 -41 -16 0 355 0 45 180 0 -135 5 0 115 -90 95 0 5 -145 30 0 0 -30 0 0 30 0 0 -30 0 0 0 0
-7 -41 -16 0 355 0 90 180 0 -25 5 0 115 -90 95 0 5 -145 30 0 0 -30 0 0 30 0 0 -30 0 0 0 0
-7 -41 -16 0 355 0 25 180 0 -165 5 0 115 -90 95 0 5 -145 30 0 0 -30 0 0 30 0 0 -30 0 0 0 0
-7 -41 -16 0 355 0 45 180 0 -135 5 0 165 -90 95 0 5 -20 30 0 0 -30 0 0 30 0 0 -30 0 0 0 0
-7 -41 -16 0 355 0 25 180 0 -165 5 0 115 -90 95 0 5 -145 30 0 0 -30 0 0 95 0 0 -95 0 0 0 0
-7 -41 -16 0 355 0 25 180 0 -165 5 0 115 -90 95 0 5 -145 30 0 0 -30 0 0 115 0 0 -25 0 0 0 0
-7 -41 -16 0 355 0 25 180 0 -165 5 0 115 -90 95 0 5 -145 30 0 0 -30 0 0 60 0 0 -60 0 0 0 0
-7 -41 -16 0 355 0 25 180 0 -165 5 0 115 -90 95 0 5 -145 30 0 0 -30 0 0 30 0 0 -25 0 0 0 0
-7 -41 -16 0 355 0 45 180 0 -135 5 0 115 -90 95 0 5 -145 30 0 0 -30 0 0 30 0 0 -30 0 0 0 0
-7 -41 -16 0 355 0 90 180 0 -25 5 0 115 -90 95 0 5 -145 30 0 0 -30 0 0 30 0 0 -30 0 0 0 0
-7 -41 -16 0 355 0 25 180 0 -165 5 0 115 -90 95 0 5 -145 30 0 0 -30 0 0 30 0 0 -30 0 0 0 0
-7 -41 -16 0 355 0 45 180 0 -135 5 0 165 -90 95 0 5 -20 30 0 0 -30 0 0 30 0 0 -30 0 0 0 0
-7 -41 -16 0 355 0 45 180 0 -135 5 0 115 -90 95 0 5 -145 30 0 0 -30 0 0 30 0 0 -30 0 0 0 0
-7 -41 -16 0 355 0 90 180 0 -25 5 0 115 -90 95 0 5 -145 30 0 0 -30 0 0 30 0 0 -30 0 0 0 0
-7 -41 -16 0 355 0 25 180 0 -165 5 0 115 -90 95 0 5 -145 30 0 0 -30 0 0 30 0 0 -30 0 0 0 0
-7 -41 -16 0 355 0 45 180 0 -135 5 0 165 -90 95 0 5 -20 30 0 0 -30 0 0 30 0 0 -30 0 0 0 0
-7 -41 -16 0 355 0 45 180 0 -135 5 0 115 -90 95 0 5 -145 30 0 0 -30 0 0 30 0 0 -30 0 0 0 0
-7 -41 -16 0 355 0 90 180 0 -25 5 0 115 -90 95 0 5 -145 30 0 0 -30 0 0 30 0 0 -30 0 0 0 0
-7 -41 -16 0 355 0 25 180 0 -165 5 0 115 -90 95 0 5 -145 30 0 0 -30 0 0 30 0 0 -30 0 0 0 0
-7 -41 -16 0 355 0 45 180 0 -135 5 0 165 -90 95 0 5 -20 30 0 0 -30 0 0 30 0 0 -30 0 0 0 0
-7 -41 -16 0 355 0 45 180 0 -135 5 0 115 -90 95 0 5 -145 30 0 0 -30 0 0 30 0 0 -30 0 0 0 0
-7 -41 -16 0 355 0 90 180 0 -25 5 0 115 -90 95 0 5 -145 30 0 0 -30 0 0 30 0 0 -30 0 0 0 0
-7 -41 -16 0 355 0 25 180 0 -165 5 0 115 -90 95 0 5 -145 30 0 0 -30 0 0 30 0 0 -30 0 0 0 0
-7 -41 -16 0 355 0 45 180 0 -135 5 0 165 -90 95 0 5 -20 30 0 0 -30 0 0 30 0 0 -30 0 0 0 0
-7 -41 -16 0 355 0 45 180 0 -135 5 0 115 -90 95 0 5 -145 30 0 0 -30 0 0 30 0 0 -30 0 0 0 0
-7 -41 -16 0 355 0 90 180 0 -25 5 0 115 -90 95 0 5 -145 30 0 0 -30 0 0 30 0 0 -30 0 0 0 0
-7 -41 -16 0 355 0 25 180 0 -165 5 0 115 -90 95 0 5 -145 30 0 0 -30 0 0 30 0 0 -30 0 0 0 0
-7 -41 -16 0 355 0 45 180 0 -135 5 0 165 -90 95 0 5 -20 30 0 0 -30 0 0 30 0 0 -30 0 0 0 0
-7 -41 -16 0 355 0 45 180 0 -135 5 0 115 -90 95 0 5 -145 30 0 0 -30 0 0 30 0 0 -30 0 0 0 0
-7 -41 -16 0 355 0 90 180 0 -25 5 0 115 -90 95 0 5 -145 30 0 0 -30 0 0 30 0 0 -30 0 0 0 0
-7 -41 -16 0 355 0 25 180 0 -165 5 0 115 -90 95 0 5 -145 30 0 0 -30 0 0 30 0 0 -30 0 0 0 0
-7 -41 -16 0 355 0 45 180 0 -135 5 0 165 -90 95 0 5 -20 30 0 0 -30 0 0 30 0 0 -30 0 0 0 0
-7 -41 -16 0 355 0 45 180 0 -135 5 0 115 -90 95 0 5 -145 30 0 0 -30 0 0 30 0 0 -30 0 0 0 0
-7 -41 -16 0 355 0 90 180 0 -25 5 0 115 -90 95 0 5 -145 30 0 0 -30 0 0 30 0 0 -30 0 0 0 0
-7 -41 -16 0 355 0 25 180 0 -165 5 0 115 -90 95 0 5 -145 30 0 0 -30 0 0 30 0 0 -30 0 0 0 0
-7 -41 -16 0 355 0 45 180 0 -135 5 0 165 -90 95 0 5 -20 30 0 0 -30 0 0 30 0 0 -30 0 0 0 0
-7 -41 -16 0 355 0 45 180 0 -135 5 0 115 -90 95 0 5 -145 30 0 0 -30 0 0 30 0 0 -30 0 0 0 0
-7 -41 -16 0 355 0 90 180 0 -25 5 0 115 -90 95 0 5 -145 30 0 0 -30 0 0 30 0 0 -30 0 0 0 0
-7 -41 -16 0 355 0 25 180 0 -165 5 0 115 -90 95 0 5 -145 30 0 0 -30 0 0 30 0 0 -30 0 0 0 0
-7 -41 -16 0 355 0 45 180 0 -135 5 0 165 -90 95 0 5 -20 30 0 0 -30 0 0 30 0 0 -30 0 0 0 0
-7 -41 -16 0 355 0 45 180 0 -135 5 0 115 -90 95 0 5 -145 30 0 0 -30 0 0 30 0 0 -30 0 0 0 0
-7 -41 -16 0 355 0 90 180 0 -25 5 0 115 -90 95 0 5 -145 30 0 0 -30 0 0 30 0 0 -30 0 0 0 0
-7 -41 -16 0 355 0 25 180 0 -165 5 0 115 -90 95 0 5 -145 30 0 0 -30 0 0 30 0 0 -30 0 0 0 0
-7 -41 -16 0 355 0 45 180 0 -135 5 0 165 -90 95 0 5 -20 30 0 0 -30 0 0 30 0 0 -30 0 0 0 0
-7 -41 -16 0 355 0 45 180 0 -135 5 0 115 -90 95 0 5 -145 30 0 0 -30 0 0 30 0 0 -30 0 0 0 0
-7 -41 -16 0 355 0 90 180 0 -25 5 0 115 -90 95 0 5 -145 30 0 0 -30 0 0 30 0 0 -30 0 0 0 0
-7 -41 -16 0 355 0 25 180 0 -165 5 0 115 -90 95 0 5 -145 30 0 0 -30 0 0 30 0 0 -30 0 0 0 0
-7 -41 -16 0 355 0 45 180 0 -135 5 0 165 -90 95 0 5 -20 30 0 0 -30 0 0 30 0 0 -30 0 0 0 0
-7 -41 -16 0 355 0 45 180 0 -135 5 0 115 -90 95 0 5 -145 30 0 0 -30 0 0 30 0 0 -30 0 0 0 0
-7 -41 -16 0 355 0 90 180 0 -25 5 0 115 -90 95 0 5 -145 30 0 0 -30 0 0 30 0 0 -30 0 0 0 0
-7 -41 -16 0 355 0 25 180 0 -165 5 0 115 -90 95 0 5 -145 30 0 0 -30 0 0 30 0 0 -30 0 0 0 0
-7 -41 -16 0 355 0 45 180 0 -135 5 0 165 -90 95 0 5 -20 30 0 0 -30 0 0 30 0 0 -30 0 0 0 0
-7 -41 -16 0 355 0 45 180 0 -135 5 0 115 -90 95 0 5 -145 30 0 0 -30 0 0 30 0 0 -30 0 0 0 0
-7 -41 -16 0 355 0 90 180 0 -25 5 0 115 -90 95 0 5 -145 30 0 0 -30 0 0 30 0 0 -30 0 0 0 0
-7 -41 -16 0 355 0 25 180 0 -165 5 0 115 -90 95 0 5 -145 30 0 0 -30 0 0 30 0 0 -30 0 0 0 0
-7 -41 -16 0 355 0 45 180 0 -135 5 0 165 -90 95 0 5 -20 30 0 0 -30 0 0 30 0 0 -30 0 0 0 0
-7 -41 -16 0 355 0 45 180 0 -135 5 0 115 -90 95 0 5 -145 30 0 0 -30 0 0 30 0 0 -30 0 0 0 0
-7 -41 -16 0 355 0 90 180 0 -25 5 0 115 -90 95 0 5 -145 30 0 0 -30 0 0 30 0 0 -30 0 0 0 0
-7 -41 -16 0 355 0 25 180 0 -165 5 0 115 -90 95 0 5 -145 30 0 0 -30 0 0 30 0 0 -30 0 0 0 0
-7 -41 -16 0 355 0 45 180 0 -135 5 0 165 -90 95 0 5 -20 30 0 0 -30 0 0 30 0 0 -30 0 0 0 0
-7 -41 -16 0 355 0 45 180 0 -135 5 0 115 -90 95 0 5 -145 30 0 0 -30 0 0 30 0 0 -30 0 0 0 0
-7 -41 -16 0 355 0 90 180 0 -25 5 0 115 -90 95 0 5 -145 30 0 0 -30 0 0 30 0 0 -30 0 0 0 0
-7 -41 -16 0 355 0 25 180 0 -165 5 0 115 -90 95 0 5 -145 30 0 0 -30 0 0 30 0 0 -30 0 0 0 0
-7 -41 -16 0 355 0 45 180 0 -135 5 0 165 -90 95 0 5 -20 30 0 0 -30 0 0 30 0 0 -30 0 0 0 0
-7 -41 -16 0 355 0 45 180 0 -135 5 0 115 -90 95 0 5 -145 30 0 0 -30 0 0 30 0 0 -30 0 0 0 0
-7 -41 -16 0 355 0 90 180 0 -25 5 0 115 -90 95 0 5 -145 30 0 0 -30 0 0 30 0 0 -30 0 0 0 0
-7 -41 -16 0 355 0 25 180 0 -165 5 0 115 -90 95 0 5 -145 30 0 0 -30 0 0 30 0 0 -30 0 0 0 0
-7 -41 -16 0 355 0 45 180 0 -135 5 0 165 -90 95 0 5 -20 30 0 0 -30 0 0 30 0 0 -30 0 0 0 0
-7 -41 -16 0 355 0 25 180 0 -40 5 0 120 -90 95 0 5 -20 30 0 0 -30 0 0 30 0 0 -30 0 0 0 0
-7 -41 -16 0 355 0 0 180 0 -10 5 0 85 -90 95 5 5 -10 30 0 0 -30 0 0 30 0 0 -30 0 0 0 0
-7 -41 -16 0 355 0 0 180 0 -10 5 0 85 -90 95 5 5 -10 30 0 0 -30 0 0 30 0 0 -30 0 0 0 0
-7 -41 -16 0 355 0 0 180 0 -10 5 0 85 -90 95 5 5 -10 30 0 0 -30 0 0 30 0 0 -30 0 0 0 0
-7 -41 -16 0 355 0 0 180 0 -10 5 0 85 -90 95 5 5 -10 30 0 0 -30 0 0 30 0 0 -30 0 0 0 0
-7 -41 -16 0 355 0 0 180 0 -10 5 0 85 -90 95 5 5 -10 30 0 0 -30 0 0 30 0 0 -30 0 0 0 0
-7 -41 -16 0 355 0 0 180 0 -10 5 0 85 -90 95 5 5 -10 30 0 0 -30 0 0 30 0 0 -30 0 0 0 0
-7 -41 -16 0 355 0 0 180 0 -10 5 0 85 -90 95 5 5 -10 30 0 0 -30 0 0 30 0 0 -30 0 0 0 0
-7 -41 -16 0 355 0 0 180 0 -10 5 0 85 -90 95 5 5 -10 30 0 0 -30 0 0 30 0 0 -30 0 0 0 0
-7 -41 -16 0 355 0 0 180 0 -10 5 0 85 -90 95 5 5 -10 30 0 0 -30 0 0 30 0 0 -30 0 0 0 0
-7 -41 -16 0 355 0 0 180 0 -10 5 0 85 -90 95 5 5 -10 30 0 0 -30 0 0 30 0 0 -30 0 0 0 0
-7 -41 -16 0 355 0 0 180 0 -10 5 0 85 -90 95 5 5 -10 30 0 0 -30 0 0 30 0 0 -30 0 0 0 0
-7 -41 -16 0 355 0 0 180 0 -10 5 0 85 -90 95 5 5 -10 30 0 0 -30 0 0 30 0 0 -30 0 0 0 0
-7 -41 -16 0 355 0 0 180 0 -10 5 0 85 -90 95 5 5 -10 30 0 0 -30 0 0 30 0 0 -30 0 0 0 0
-7 -41 -16 0 355 0 0 180 0 -10 5 0 85 -90 95 5 5 -10 30 0 0 -30 0 0 30 0 0 -30 0 0 0 0
-7 -41 -16 0 355 0 0 180 0 -10 5 0 85 -90 95 5 5 -10 30 0 0 -30 0 0 30 0 0 -30 0 0 0 0
-7 -41 -16 0 355 0 0 180 0 -10 5 0 85 -90 95 5 5 -10 30 0 0 -30 0 0 30 0 0 -30 0 0 0 0
-7 -41 -16 0 355 0 0 180 0 -10 5 0 85 -90 95 5 5 -10 30 0 0 -30 0 0 30 0 0 -30 0 0 0 0
-7 -41 -16 0 355 0 0 180 0 -10 5 0 85 -90 95 5 5 -10 30 0 0 -30 0 0 30 0 0 -30 0 0 0 0
-7 -41 -16 0 355 0 0 180 0 -10 5 0 85 -90 95 5 5 -10 30 0 0 -30 0 0 30 0 0 -30 0 0 0 0
-7 -41 -16 0 355 0 0 180 0 -10 5 0 85 -90 95 5 5 -10 30 0 0 -30 0 0 30 0 0 -30 0 0 0 0
-7 -41 -16 0 355 0 0 180 0 -10 5 0 85 -90 95 5 5 -10 30 0 0 -30 0 0 30 0 0 -30 0 0 0 0
-7 -41 -16 0 355 0 0 180 0 -10 5 0 85 -90 95 5 5 -10 30 0 0 -30 0 0 30 0 0 -30 0 0 0 0
-7 -41 -16 0 355 0 0 180 0 -10 5 0 85 -90 95 5 5 -10 30 0 0 -30 0 0 30 0 0 -30 0 0 0 0
-7 -41 -16 0 355 0 0 180 0 -10 5 0 85 -90 95 5 5 -10 30 0 0 -30 0 0 30 0 0 -30 0 0 0 0
-7 -41 -16 0 355 0 35 180 0 -10 5 -30 140 -90 95 -30 5 -10 55 30 -20 -30 0 0 55 -25 20 -30 0 0 0 0
-7 -41 -16 0 355 0 60 180 0 -10 5 -80 245 -90 95 -40 5 -10 55 40 -35 -40 0 0 65 -35 20 -45 0 0 0 0
-7 -41 -16 10 5 10 65 180 0 -10 5 -80 230 -90 95 180 130 145 55 40 -35 -40 0 0 65 -35 20 -45 0 0 0 0
-7 -41 -16 0 -5 0 65 180 0 -10 5 -80 210 -90 95 180 190 145 55 40 -35 -40 0 0 65 -35 20 -45 0 0 0 0
-7 -41 -16 10 5 10 65 180 0 -10 5 -80 225 -90 95 180 210 145 55 40 -35 -40 0 0 65 -35 20 -45 0 0 0 0
-7 -41 -16 0 -5 0 65 180 0 -10 5 -80 215 -90 95 180 230 145 55 40 -35 -40 0 0 65 -35 20 -45 0 0 0 0
-7 -41 -16 -10 -15 -10 65 180 0 -10 5 -80 235 -90 95 180 10 145 55 40 -35 -40 0 0 65 -35 20 -45 0 0 0 0
-7 -41 -16 -5 -5 0 65 180 0 -10 5 -80 255 -90 95 180 55 145 55 40 -35 -40 0 0 65 -35 20 -45 0 0 0 0
-7 -41 -16 0 355 0 35 180 0 -10 5 -30 140 -90 95 -30 5 -10 55 30 -20 -30 0 0 55 -25 20 -30 0 0 0 0
-7 -41 -16 0 355 0 60 180 0 -10 5 -80 245 -90 95 -40 5 -10 55 40 -35 -40 0 0 65 -35 20 -45 0 0 0 0
-7 -41 -16 10 5 10 65 180 0 -10 5 -80 230 -90 95 180 130 145 55 40 -35 -40 0 0 65 -35 20 -45 0 0 0 0
-7 -41 -16 0 -5 0 65 180 0 -10 5 -80 210 -90 95 180 190 145 55 40 -35 -40 0 0 65 -35 20 -45 0 0 0 0
-7 -41 -16 10 5 10 65 180 0 -10 5 -80 225 -90 95 180 210 145 55 40 -35 -40 0 0 65 -35 20 -45 0 0 0 0
-7 -41 -16 0 -5 0 65 180 0 -10 5 -80 215 -90 95 180 230 145 55 40 -35 -40 0 0 65 -35 20 -45 0 0 0 0
-7 -41 -16 -10 -15 -10 65 180 0 -10 5 -80 235 -90 95 180 10 145 55 40 -35 -40 0 0 65 -35 20 -45 0 0 0 0
-7 -41 -16 -5 -5 0 65 180 0 -10 5 -80 255 -90 95 180 55 145 55 40 -35 -40 0 0 65 -35 20 -45 0 0 0 0
-7 -41 -16 0 355 0 35 180 0 -10 5 -30 140 -90 95 -30 5 -10 55 30 -20 -30 0 0 55 -25 20 -30 0 0 0 0
-7 -41 -16 0 355 0 60 180 0 -10 5 -80 245 -90 95 -40 5 -10 55 40 -35 -40 0 0 65 -35 20 -45 0 0 0 0
-7 -41 -16 10 5 10 65 180 0 -10 5 -80 230 -90 95 180 130 145 55 40 -35 -40 0 0 65 -35 20 -45 0 0 0 0
-7 -41 -16 0 -5 0 65 180 0 -10 5 -80 210 -90 95 180 190 145 55 40 -35 -40 0 0 65 -35 20 -45 0 0 0 0
-7 -41 -16 10 5 10 65 180 0 -10 5 -80 225 -90 95 180 210 145 55 40 -35 -40 0 0 65 -35 20 -45 0 0 0 0
-7 -41 -16 0 -5 0 65 180 0 -10 5 -80 215 -90 95 180 230 145 55 40 -35 -40 0 0 65 -35 20 -45 0 0 0 0
-7 -41 -16 -10 -15 -10 65 180 0 -10 5 -80 235 -90 95 180 10 145 55 40 -35 -40 0 0 65 -35 20 -45 0 0 0 0
-7 -41 -16 -5 -5 0 65 180 0 -10 5 -80 255 -90 95 180 55 145 55 40 -35 -40 0 0 65 -35 20 -45 0 0 0 0
-7 -41 -16 0 355 0 35 180 0 -10 5 -30 140 -90 95 -30 5 -10 55 30 -20 -30 0 0 55 -25 20 -30 0 0 0 0
-7 -41 -16 0 355 0 60 180 0 -10 5 -80 245 -90 95 -40 5 -10 55 40 -35 -40 0 0 65 -35 20 -45 0 0 0 0
-7 -41 -16 10 5 10 65 180 0 -10 5 -80 230 -90 95 180 130 145 55 40 -35 -40 0 0 65 -35 20 -45 0 0 0 0
-7 -41 -16 0 -5 0 65 180 0 -10 5 -80 210 -90 95 180 190 145 55 40 -35 -40 0 0 65 -35 20 -45 0 0 0 0
-7 -41 -16 10 5 10 65 180 0 -10 5 -80 225 -90 95 180 210 145 55 40 -35 -40 0 0 65 -35 20 -45 0 0 0 0
-7 -41 -16 0 -5 0 65 180 0 -10 5 -80 215 -90 95 180 230 145 55 40 -35 -40 0 0 65 -35 20 -45 0 0 0 0
-7 -41 -16 -10 -15 -10 65 180 0 -10 5 -80 235 -90 95 180 10 145 55 40 -35 -40 0 0 65 -35 20 -45 0 0 0 0
-7 -41 -16 -5 -5 0 65 180 0 -10 5 -80 255 -90 95 180 55 145 55 40 -35 -40 0 0 65 -35 20 -45 0 0 0 0
-7 -41 -16 0 355 0 35 180 0 -10 5 -30 140 -90 95 -30 5 -10 55 30 -20 -30 0 0 55 -25 20 -30 0 0 0 0
-7 -41 -16 0 355 0 60 180 0 -10 5 -80 245 -90 95 -40 5 -10 55 40 -35 -40 0 0 65 -35 20 -45 0 0 0 0
-7 -41 -16 10 5 10 65 180 0 -10 5 -80 230 -90 95 180 130 145 55 40 -35 -40 0 0 65 -35 20 -45 0 0 0 0
-7 -41 -16 0 -5 0 65 180 0 -10 5 -80 210 -90 95 180 190 145 55 40 -35 -40 0 0 65 -35 20 -45 0 0 0 0
-7 -41 -16 10 5 10 65 180 0 -10 5 -80 225 -90 95 180 210 145 55 40 -35 -40 0 0 65 -35 20 -45 0 0 0 0
-7 -41 -16 0 -5 0 65 180 0 -10 5 -80 215 -90 95 180 230 145 55 40 -35 -40 0 0 65 -35 20 -45 0 0 0 0
-7 -41 -16 -10 -15 -10 65 180 0 -10 5 -80 235 -90 95 180 10 145 55 40 -35 -40 0 0 65 -35 20 -45 0 0 0 0
-7 -41 -16 -5 -5 0 65 180 0 -10 5 -80 255 -90 95 180 55 145 55 40 -35 -40 0 0 65 -35 20 -45 0 0 0 0
-7 -41 -16 0 355 0 35 180 0 -10 5 -30 140 -90 95 -30 5 -10 55 30 -20 -30 0 0 55 -25 20 -30 0 0 0 0
-7 -41 -16 0 355 0 60 180 0 -10 5 -80 245 -90 95 -40 5 -10 55 40 -35 -40 0 0 65 -35 20 -45 0 0 0 0
-7 -41 -16 10 5 10 65 180 0 -10 5 -80 230 -90 95 180 130 145 55 40 -35 -40 0 0 65 -35 20 -45 0 0 0 0
-7 -41 -16 0 -5 0 65 180 0 -10 5 -80 210 -90 95 180 190 145 55 40 -35 -40 0 0 65 -35 20 -45 0 0 0 0
-7 -41 -16 10 5 10 65 180 0 -10 5 -80 225 -90 95 180 210 145 55 40 -35 -40 0 0 65 -35 20 -45 0 0 0 0
-7 -41 -16 0 -5 0 65 180 0 -10 5 -80 215 -90 95 180 230 145 55 40 -35 -40 0 0 65 -35 20 -45 0 0 0 0
-7 -41 -16 -10 -15 -10 65 180 0 -10 5 -80 235 -90 95 180 10 145 55 40 -35 -40 0 0 65 -35 20 -45 0 0 0 0
-7 -41 -16 -5 -5 0 65 180 0 -10 5 -80 255 -90 95 180 55 145 55 40 -35 -40 0 0 65 -35 20 -45 0 0 0 0
-7 -41 -16 0 355 0 35 180 0 -10 5 -30 140 -90 95 -30 5 -10 55 30 -20 -30 0 0 55 -25 20 -30 0 0 0 0
-7 -41 -16 0 355 0 60 180 0 -10 5 -80 245 -90 95 -40 5 -10 55 40 -35 -40 0 0 65 -35 20 -45 0 0 0 0
-7 -41 -16 10 5 10 65 180 0 -10 5 -80 230 -90 95 180 130 145 55 40 -35 -40 0 0 65 -35 20 -45 0 0 0 0
-7 -41 -16 0 -5 0 65 180 0 -10 5 -80 210 -90 95 180 190 145 55 40 -35 -40 0 0 65 -35 20 -45 0 0 0 0
-7 -41 -16 10 5 10 65 180 0 -10 5 -80 225 -90 95 180 210 145 55 40 -35 -40 0 0 65 -35 20 -45 0 0 0 0
-7 -41 -16 0 -5 0 65 180 0 -10 5 -80 215 -90 95 180 230 145 55 40 -35 -40 0 0 65 -35 20 -45 0 0 0 0
-7 -41 -16 -10 -15 -10 65 180 0 -10 5 -80 235 -90 95 180 10 145 55 40 -35 -40 0 0 65 -35 20 -45 0 0 0 0
-7 -41 -16 -5 -5 0 65 180 0 -10 5 -80 255 -90 95 180 55 145 55 40 -35 -40 0 0 65 -35 20 -45 0 0 0 0
-7 -41 -16 0 355 0 35 180 0 -10 5 -30 140 -90 95 -30 5 -10 55 30 -20 -30 0 0 55 -25 20 -30 0 0 0 0
-7 -41 -16 0 355 0 60 180 0 -10 5 -80 245 -90 95 -40 5 -10 55 40 -35 -40 0 0 65 -35 20 -45 0 0 0 0
-7 -41 -16 10 5 10 65 180 0 -10 5 -80 230 -90 95 180 130 145 55 40 -35 -40 0 0 65 -35 20 -45 0 0 0 0
-7 -41 -16 0 -5 0 65 180 0 -10 5 -80 210 -90 95 180 190 145 55 40 -35 -40 0 0 65 -35 20 -45 0 0 0 0
-7 -41 -16 10 5 10 65 180 0 -10 5 -80 225 -90 95 180 210 145 55 40 -35 -40 0 0 65 -35 20 -45 0 0 0 0
-7 -41 -16 0 -5 0 65 180 0 -10 5 -80 215 -90 95 180 230 145 55 40 -35 -40 0 0 65 -35 20 -45 0 0 0 0
-7 -41 -16 -10 -15 -10 65 180 0 -10 5 -80 235 -90 95 180 10 145 55 40 -35 -40 0 0 65 -35 20 -45 0 0 0 0
-7 -41 -16 -5 -5 0 65 180 0 -10 5 -80 255 -90 95 180 55 145 55 40 -35 -40 0 0 65 -35 20 -45 0 0 0 0
-7 -41 -16 0 355 0 35 180 0 -10 5 -30 140 -90 95 -30 5 -10 55 30 -20 -30 0 0 55 -25 20 -30 0 0 0 0
-7 -41 -16 0 355 0 60 180 0 -10 5 -80 245 -90 95 -40 5 -10 55 40 -35 -40 0 0 65 -35 20 -45 0 0 0 0
-7 -41 -16 10 5 10 65 180 0 -10 5 -80 230 -90 95 180 130 145 55 40 -35 -40 0 0 65 -35 20 -45 0 0 0 0
-7 -41 -16 0 -5 0 65 180 0 -10 5 -80 210 -90 95 180 190 145 55 40 -35 -40 0 0 65 -35 20 -45 0 0 0 0
-7 -41 -16 10 5 10 65 180 0 -10 5 -80 225 -90 95 180 210 145 55 40 -35 -40 0 0 65 -35 20 -45 0 0 0 0
-7 -41 -16 0 -5 0 65 180 0 -10 5 -80 215 -90 95 180 230 145 55 40 -35 -40 0 0 65 -35 20 -45 0 0 0 0
-7 -41 -16 -10 -15 -10 65 180 0 -10 5 -80 235 -90 95 180 10 145 55 40 -35 -40 0 0 65 -35 20 -45 0 0 0 0
-7 -41 -16 -5 -5 0 65 180 0 -10 5 -80 255 -90 95 180 55 145 55 40 -35 -40 0 0 65 -35 20 -45 0 0 0 0
-7 -41 -16 0 355 0 35 180 0 -10 5 -30 140 -90 95 -30 5 -10 55 30 -20 -30 0 0 55 -25 20 -30 0 0 0 0
-7 -41 -16 0 355 0 60 180 0 -10 5 -80 245 -90 95 -40 5 -10 55 40 -35 -40 0 0 65 -35 20 -45 0 0 0 0
-7 -41 -16 10 5 10 65 180 0 -10 5 -80 230 -90 95 180 130 145 55 40 -35 -40 0 0 65 -35 20 -45 0 0 0 0
-7 -41 -16 0 -5 0 65 180 0 -10 5 -80 210 -90 95 180 190 145 55 40 -35 -40 0 0 65 -35 20 -45 0 0 0 0
-7 -41 -16 10 5 10 65 180 0 -10 5 -80 225 -90 95 180 210 145 55 40 -35 -40 0 0 65 -35 20 -45 0 0 0 0
-7 -41 -16 0 -5 0 65 180 0 -10 5 -80 215 -90 95 180 230 145 55 40 -35 -40 0 0 65 -35 20 -45 0 0 0 0
-7 -41 -16 -10 -15 -10 65 180 0 -10 5 -80 235 -90 95 180 10 145 55 40 -35 -40 0 0 65 -35 20 -45 0 0 0 0
-7 -41 -16 -5 -5 0 65 180 0 -10 5 -80 255 -90 95 180 55 145 55 40 -35 -40 0 0 65 -35 20 -45 0 0 0 0
-7 -41 -16 0 355 0 35 180 0 -10 5 -30 140 -90 95 -30 5 -10 55 30 -20 -30 0 0 55 -25 20 -30 0 0 0 0
-7 -41 -16 0 355 0 60 180 0 -10 5 -80 245 -90 95 -40 5 -10 55 40 -35 -40 0 0 65 -35 20 -45 0 0 0 0
-7 -41 -16 10 5 10 65 180 0 -10 5 -80 230 -90 95 180 130 145 55 40 -35 -40 0 0 65 -35 20 -45 0 0 0 0
-7 -41 -16 0 -5 0 65 180 0 -10 5 -80 210 -90 95 180 190 145 55 40 -35 -40 0 0 65 -35 20 -45 0 0 0 0
-7 -41 -16 10 5 10 65 180 0 -10 5 -80 225 -90 95 180 210 145 55 40 -35 -40 0 0 65 -35 20 -45 0 0 0 0
-7 -41 -16 0 -5 0 65 180 0 -10 5 -80 215 -90 95 180 230 145 55 40 -35 -40 0 0 65 -35 20 -45 0 0 0 0
-7 -41 -16 -10 -15 -10 65 180 0 -10 5 -80 235 -90 95 180 10 145 55 40 -35 -40 0 0 65 -35 20 -45 0 0 0 0
-7 -41 -16 -5 -5 0 65 180 0 -10 5 -80 255 -90 95 180 55 145 55 40 -35 -40 0 0 65 -35 20 -45 0 0 0 0
