0 0 0 0 0 0 0 0 0 0 0 0 0 0 0 0 0 0 0 0 0 0 0 0 0 0 0 0 0 0 0 0
0 0 0 0 0 0 0 0 0 0 0 0 0 0 0 0 0 0 0 0 0 0 0 0 0 0 0 0 0 0 0 0
0 0 0 0 0 0 0 0 0 0 0 0 0 0 0 0 0 0 0 0 0 0 0 0 0 0 0 0 0 0 0 0
0 0 0 0 0 0 0 0 0 0 0 0 0 0 0 0 0 0 0 0 0 0 0 0 0 0 0 0 0 0 0 0
0 0 0 0 0 0 0 0 0 0 0 0 0 0 0 0 0 0 0 0 0 0 0 0 0 0 0 0 0 0 0 0
0 0 0 0 0 0 0 0 0 0 0 0 0 0 0 0 0 0 0 0 0 0 0 0 0 0 0 0 0 0 0 0
0 0 0 0 0 0 0 0 0 0 0 0 0 0 0 0 0 0 0 0 0 0 0 0 0 0 0 0 0 0 0 0
0 0 0 0 0 0 0 0 0 0 0 0 0 0 0 0 0 0 0 0 0 0 0 0 0 0 0 0 0 0 0 0
0 0 0 0 0 0 0 0 0 0 0 0 0 0 0 0 0 0 0 0 0 0 0 0 0 0 0 0 0 0 0 0
0 0 0 0 0 0 0 0 0 0 0 0 0 0 0 0 0 0 0 0 0 0 0 0 0 0 0 0 0 0 0 0
0 0 0 0 0 0 0 0 0 0 0 0 0 0 0 0 0 0 0 0 0 0 0 0 0 0 0 0 0 0 0 0
0 0 0 0 0 0 0 0 0 0 0 0 0 0 0 0 0 0 0 0 0 0 0 0 0 0 0 0 0 0 0 0
0 0 0 0 0 0 25 0 0 25 0 0 25 0 0 25 0 0 0 0 0 0 0 0 0 0 0 0 0 0 0 0
0 0 0 0 0 0 55 0 0 50 0 0 55 0 0 50 0 0 0 0 0 0 0 0 0 0 0 0 0 0 0 0
0 0 0 0 0 0 95 0 0 50 0 0 95 0 0 50 0 0 0 0 0 0 0 0 0 0 0 0 0 0 0 0
0 0 0 0 0 0 125 0 0 30 0 0 125 0 0 30 0 0 0 0 0 0 0 0 0 0 0 0 0 0 0 0
0 0 0 0 0 0 100 0 0 50 0 0 105 0 0 50 0 0 0 0 0 0 0 0 0 0 0 0 0 0 0 0
0 0 0 0 0 0 80 0 0 50 0 0 85 0 0 50 0 0 0 0 0 0 0 0 0 0 0 0 0 0 0 0
0 0 0 0 0 0 50 0 0 50 0 0 55 0 0 50 0 0 0 0 0 0 0 0 0 0 0 0 0 0 0 0
0 0 0 0 0 0 20 0 0 20 0 0 25 0 0 20 0 0 0 0 0 0 0 0 0 0 0 0 0 0 0 0
0 0 0 0 0 0 0 0 0 10 0 0 5 0 0 5 0 0 0 0 0 0 0 0 0 0 0 0 0 0 0 0
0 0 0 0 0 0 25 0 0 25 0 0 25 0 0 25 0 0 0 0 0 0 0 0 0 0 0 0 0 0 0 0
0 0 0 0 0 0 55 0 0 50 0 0 55 0 0 50 0 0 0 0 0 0 0 0 0 0 0 0 0 0 0 0
0 0 0 0 0 0 95 0 0 50 0 0 95 0 0 50 0 0 0 0 0 0 0 0 0 0 0 0 0 0 0 0
0 0 0 0 0 0 125 0 0 30 0 0 125 0 0 30 0 0 0 0 0 0 0 0 0 0 0 0 0 0 0 0
0 0 0 0 0 0 100 0 0 50 0 0 105 0 0 50 0 0 0 0 0 0 0 0 0 0 0 0 0 0 0 0
0 0 0 0 0 0 80 0 0 50 0 0 85 0 0 50 0 0 0 0 0 0 0 0 0 0 0 0 0 0 0 0
0 0 0 0 0 0 50 0 0 50 0 0 55 0 0 50 0 0 0 0 0 0 0 0 0 0 0 0 0 0 0 0
0 0 0 0 0 0 20 0 0 20 0 0 25 0 0 20 0 0 0 0 0 0 0 0 0 0 0 0 0 0 0 0
0 0 0 0 0 0 0 0 0 10 0 0 5 0 0 5 0 0 0 0 0 0 0 0 0 0 0 0 0 0 0 0
0 0 0 0 0 0 25 0 0 25 0 0 25 0 0 25 0 0 0 0 0 0 0 0 0 0 0 0 0 0 0 0
0 0 0 0 0 0 55 0 0 50 0 0 55 0 0 50 0 0 0 0 0 0 0 0 0 0 0 0 0 0 0 0
0 0 0 0 0 0 95 0 0 50 0 0 95 0 0 50 0 0 0 0 0 0 0 0 0 0 0 0 0 0 0 0
0 0 0 0 0 0 125 0 0 30 0 0 125 0 0 30 0 0 0 0 0 0 0 0 0 0 0 0 0 0 0 0
0 0 0 0 0 0 100 0 0 50 0 0 105 0 0 50 0 0 0 0 0 0 0 0 0 0 0 0 0 0 0 0
0 0 0 0 0 0 80 0 0 50 0 0 85 0 0 50 0 0 0 0 0 0 0 0 0 0 0 0 0 0 0 0
0 0 0 0 0 0 50 0 0 50 0 0 55 0 0 50 0 0 0 0 0 0 0 0 0 0 0 0 0 0 0 0
0 0 0 0 0 0 20 0 0 20 0 0 25 0 0 20 0 0 0 0 0 0 0 0 0 0 0 0 0 0 0 0
0 0 0 0 0 0 0 0 0 10 0 0 5 0 0 5 0 0 0 0 0 0 0 0 0 0 0 0 0 0 0 0
0 0 0 0 0 0 25 0 0 25 0 0 25 0 0 25 0 0 0 0 0 0 0 0 0 0 0 0 0 0 0 0
0 0 0 0 0 0 55 0 0 50 0 0 55 0 0 50 0 0 0 0 0 0 0 0 0 0 0 0 0 0 0 0
0 0 0 0 0 0 95 0 0 50 0 0 95 0 0 50 0 0 0 0 0 0 0 0 0 0 0 0 0 0 0 0
0 0 0 0 0 0 125 0 0 30 0 0 125 0 0 30 0 0 0 0 0 0 0 0 0 0 0 0 0 0 0 0
0 0 0 0 0 0 100 0 0 50 0 0 105 0 0 50 0 0 0 0 0 0 0 0 0 0 0 0 0 0 0 0
0 0 0 0 0 0 80 0 0 50 0 0 85 0 0 50 0 0 0 0 0 0 0 0 0 0 0 0 0 0 0 0
0 0 0 0 0 0 50 0 0 50 0 0 55 0 0 50 0 0 0 0 0 0 0 0 0 0 0 0 0 0 0 0
0 0 0 0 0 0 20 0 0 20 0 0 25 0 0 20 0 0 0 0 0 0 0 0 0 0 0 0 0 0 0 0
0 0 0 0 0 0 0 0 0 10 0 0 5 0 0 5 0 0 0 0 0 0 0 0 0 0 0 0 0 0 0 0
0 0 0 0 0 0 25 0 0 25 0 0 25 0 0 25 0 0 0 0 0 0 0 0 0 0 0 0 0 0 0 0
0 0 0 0 0 0 55 0 0 50 0 0 55 0 0 50 0 0 0 0 0 0 0 0 0 0 0 0 0 0 0 0
0 0 0 0 0 0 95 0 0 50 0 0 95 0 0 50 0 0 0 0 0 0 0 0 0 0 0 0 0 0 0 0
0 0 0 0 0 0 125 0 0 30 0 0 125 0 0 30 0 0 0 0 0 0 0 0 0 0 0 0 0 0 0 0
0 0 0 0 0 0 100 0 0 50 0 0 105 0 0 50 0 0 0 0 0 0 0 0 0 0 0 0 0 0 0 0
0 0 0 0 0 0 80 0 0 50 0 0 85 0 0 50 0 0 0 0 0 0 0 0 0 0 0 0 0 0 0 0
0 0 0 0 0 0 50 0 0 50 0 0 55 0 0 50 0 0 0 0 0 0 0 0 0 0 0 0 0 0 0 0
0 0 0 0 0 0 20 0 0 20 0 0 25 0 0 20 0 0 0 0 0 0 0 0 0 0 0 0 0 0 0 0
0 0 0 0 0 0 0 0 0 10 0 0 5 0 0 5 0 0 0 0 0 0 0 0 0 0 0 0 0 0 0 0
0 0 0 0 0 0 25 0 0 25 0 0 25 0 0 25 0 0 0 0 0 0 0 0 0 0 0 0 0 0 0 0
0 0 0 0 0 0 55 0 0 50 0 0 55 0 0 50 0 0 0 0 0 0 0 0 0 0 0 0 0 0 0 0
0 0 0 0 0 0 95 0 0 50 0 0 95 0 0 50 0 0 0 0 0 0 0 0 0 0 0 0 0 0 0 0
0 0 0 0 0 0 125 0 0 30 0 0 125 0 0 30 0 0 0 0 0 0 0 0 0 0 0 0 0 0 0 0
0 0 0 0 0 0 100 0 0 50 0 0 105 0 0 50 0 0 0 0 0 0 0 0 0 0 0 0 0 0 0 0
0 0 0 0 0 0 80 0 0 50 0 0 85 0 0 50 0 0 0 0 0 0 0 0 0 0 0 0 0 0 0 0
0 0 0 0 0 0 50 0 0 50 0 0 55 0 0 50 0 0 0 0 0 0 0 0 0 0 0 0 0 0 0 0
0 0 0 0 0 0 20 0 0 20 0 0 25 0 0 20 0 0 0 0 0 0 0 0 0 0 0 0 0 0 0 0
0 0 0 0 0 0 0 0 0 10 0 0 5 0 0 5 0 0 0 0 0 0 0 0 0 0 0 0 0 0 0 0
0 0 0 0 0 0 25 0 0 25 0 0 25 0 0 25 0 0 0 0 0 0 0 0 0 0 0 0 0 0 0 0
0 0 0 0 0 0 55 0 0 50 0 0 55 0 0 50 0 0 0 0 0 0 0 0 0 0 0 0 0 0 0 0
0 0 0 0 0 0 95 0 0 50 0 0 95 0 0 50 0 0 0 0 0 0 0 0 0 0 0 0 0 0 0 0
0 0 0 0 0 0 125 0 0 30 0 0 125 0 0 30 0 0 0 0 0 0 0 0 0 0 0 0 0 0 0 0
0 0 0 0 0 0 100 0 0 50 0 0 105 0 0 50 0 0 0 0 0 0 0 0 0 0 0 0 0 0 0 0
0 0 0 0 0 0 80 0 0 50 0 0 85 0 0 50 0 0 0 0 0 0 0 0 0 0 0 0 0 0 0 0
0 0 0 0 0 0 50 0 0 50 0 0 55 0 0 50 0 0 0 0 0 0 0 0 0 0 0 0 0 0 0 0
0 0 0 0 0 0 20 0 0 20 0 0 25 0 0 20 0 0 0 0 0 0 0 0 0 0 0 0 0 0 0 0
0 0 0 0 0 0 0 0 0 10 0 0 5 0 0 5 0 0 0 0 0 0 0 0 0 0 0 0 0 0 0 0
0 0 0 0 0 0 25 0 0 25 0 0 25 0 0 25 0 0 0 0 0 0 0 0 0 0 0 0 0 0 0 0
0 0 0 0 0 0 55 0 0 50 0 0 55 0 0 50 0 0 0 0 0 0 0 0 0 0 0 0 0 0 0 0
0 0 0 0 0 0 95 0 0 50 0 0 95 0 0 50 0 0 0 0 0 0 0 0 0 0 0 0 0 0 0 0
0 0 0 0 0 0 125 0 0 30 0 0 125 0 0 30 0 0 0 0 0 0 0 0 0 0 0 0 0 0 0 0
0 0 0 0 0 0 100 0 0 50 0 0 105 0 0 50 0 0 0 0 0 0 0 0 0 0 0 0 0 0 0 0
0 0 0 0 0 0 80 0 0 50 0 0 85 0 0 50 0 0 0 0 0 0 0 0 0 0 0 0 0 0 0 0
0 0 0 0 0 0 50 0 0 50 0 0 55 0 0 50 0 0 0 0 0 0 0 0 0 0 0 0 0 0 0 0
0 0 0 0 0 0 20 0 0 20 0 0 25 0 0 20 0 0 0 0 0 0 0 0 0 0 0 0 0 0 0 0
0 0 0 0 0 0 0 0 0 10 0 0 5 0 0 5 0 0 0 0 0 0 0 0 0 0 0 0 0 0 0 0
0 0 0 0 0 0 25 0 0 25 0 0 25 0 0 25 0 0 0 0 0 0 0 0 0 0 0 0 0 0 0 0
0 0 0 0 0 0 55 0 0 50 0 0 55 0 0 50 0 0 0 0 0 0 0 0 0 0 0 0 0 0 0 0
0 0 0 0 0 0 95 0 0 50 0 0 95 0 0 50 0 0 0 0 0 0 0 0 0 0 0 0 0 0 0 0
0 0 0 0 0 0 125 0 0 30 0 0 125 0 0 30 0 0 0 0 0 0 0 0 0 0 0 0 0 0 0 0
0 0 0 0 0 0 100 0 0 50 0 0 105 0 0 50 0 0 0 0 0 0 0 0 0 0 0 0 0 0 0 0
0 0 0 0 0 0 80 0 0 50 0 0 85 0 0 50 0 0 0 0 0 0 0 0 0 0 0 0 0 0 0 0
0 0 0 0 0 0 50 0 0 50 0 0 55 0 0 50 0 0 0 0 0 0 0 0 0 0 0 0 0 0 0 0
0 0 0 0 0 0 20 0 0 20 0 0 25 0 0 20 0 0 0 0 0 0 0 0 0 0 0 0 0 0 0 0
0 0 0 0 0 0 0 0 0 10 0 0 5 0 0 5 0 0 0 0 0 0 0 0 0 0 0 0 0 0 0 0
0 0 0 0 0 0 25 0 0 25 0 0 25 0 0 25 0 0 0 0 0 0 0 0 0 0 0 0 0 0 0 0
0 0 0 0 0 0 55 0 0 50 0 0 55 0 0 50 0 0 0 0 0 0 0 0 0 0 0 0 0 0 0 0
0 0 0 0 0 0 95 0 0 50 0 0 95 0 0 50 0 0 0 0 0 0 0 0 0 0 0 0 0 0 0 0
0 0 0 0 0 0 125 0 0 30 0 0 125 0 0 30 0 0 0 0 0 0 0 0 0 0 0 0 0 0 0 0
0 0 0 0 0 0 100 0 0 50 0 0 105 0 0 50 0 0 0 0 0 0 0 0 0 0 0 0 0 0 0 0
0 0 0 0 0 0 80 0 0 50 0 0 85 0 0 50 0 0 0 0 0 0 0 0 0 0 0 0 0 0 0 0
0 0 0 0 0 0 50 0 0 50 0 0 55 0 0 50 0 0 0 0 0 0 0 0 0 0 0 0 0 0 0 0
0 0 0 0 0 0 20 0 0 20 0 0 25 0 0 20 0 0 0 0 0 0 0 0 0 0 0 0 0 0 0 0
0 0 0 0 0 0 0 0 0 10 0 0 5 0 0 5 0 0 0 0 0 0 0 0 0 0 0 0 0 0 0 0
0 0 0 0 0 0 25 0 0 25 0 0 25 0 0 25 0 0 0 0 0 0 0 0 0 0 0 0 0 0 0 0
0 0 0 0 0 0 55 0 0 50 0 0 55 0 0 50 0 0 0 0 0 0 0 0 0 0 0 0 0 0 0 0
0 0 0 0 0 0 95 0 0 50 0 0 95 0 0 50 0 0 0 0 0 0 0 0 0 0 0 0 0 0 0 0
0 0 0 0 0 0 125 0 0 30 0 0 125 0 0 30 0 0 0 0 0 0 0 0 0 0 0 0 0 0 0 0
0 0 0 0 0 0 100 0 0 50 0 0 105 0 0 50 0 0 0 0 0 0 0 0 0 0 0 0 0 0 0 0
0 0 0 0 0 0 80 0 0 50 0 0 85 0 0 50 0 0 0 0 0 0 0 0 0 0 0 0 0 0 0 0
0 0 0 0 0 0 50 0 0 50 0 0 55 0 0 50 0 0 0 0 0 0 0 0 0 0 0 0 0 0 0 0
0 0 0 0 0 0 20 0 0 20 0 0 25 0 0 20 0 0 0 0 0 0 0 0 0 0 0 0 0 0 0 0
0 0 0 0 0 0 0 0 0 10 0 0 5 0 0 5 0 0 0 0 0 0 0 0 0 0 0 0 0 0 0 0
0 0 0 0 0 0 25 0 0 25 0 0 25 0 0 25 0 0 0 0 0 0 0 0 0 0 0 0 0 0 0 0
0 0 0 0 0 0 55 0 0 50 0 0 55 0 0 50 0 0 0 0 0 0 0 0 0 0 0 0 0 0 0 0
0 0 0 0 0 0 95 0 0 50 0 0 95 0 0 50 0 0 0 0 0 0 0 0 0 0 0 0 0 0 0 0
0 0 0 0 0 0 125 0 0 30 0 0 125 0 0 30 0 0 0 0 0 0 0 0 0 0 0 0 0 0 0 0
0 0 0 0 0 0 100 0 0 50 0 0 105 0 0 50 0 0 0 0 0 0 0 0 0 0 0 0 0 0 0 0
0 0 0 0 0 0 80 0 0 50 0 0 85 0 0 50 0 0 0 0 0 0 0 0 0 0 0 0 0 0 0 0
0 0 0 0 0 0 50 0 0 50 0 0 55 0 0 50 0 0 0 0 0 0 0 0 0 0 0 0 0 0 0 0
0 0 0 0 0 0 20 0 0 20 0 0 25 0 0 20 0 0 0 0 0 0 0 0 0 0 0 0 0 0 0 0
0 0 0 0 0 0 0 0 0 10 0 0 5 0 0 5 0 0 0 0 0 0 0 0 0 0 0 0 0 0 0 0
0 0 0 0 0 0 25 0 0 25 0 0 25 0 0 25 0 0 0 0 0 0 0 0 0 0 0 0 0 0 0 0
0 0 0 0 0 0 55 0 0 50 0 0 55 0 0 50 0 0 0 0 0 0 0 0 0 0 0 0 0 0 0 0
0 0 0 0 0 0 95 0 0 50 0 0 95 0 0 50 0 0 0 0 0 0 0 0 0 0 0 0 0 0 0 0
0 0 0 0 0 0 125 0 0 30 0 0 125 0 0 30 0 0 0 0 0 0 0 0 0 0 0 0 0 0 0 0
0 0 0 0 0 0 100 0 0 50 0 0 105 0 0 50 0 0 0 0 0 0 0 0 0 0 0 0 0 0 0 0
0 0 0 0 0 0 80 0 0 50 0 0 85 0 0 50 0 0 0 0 0 0 0 0 0 0 0 0 0 0 0 0
0 0 0 0 0 0 50 0 0 50 0 0 55 0 0 50 0 0 0 0 0 0 0 0 0 0 0 0 0 0 0 0
0 0 0 0 0 0 20 0 0 20 0 0 25 0 0 20 0 0 0 0 0 0 0 0 0 0 0 0 0 0 0 0
0 0 0 0 0 0 0 0 0 10 0 0 5 0 0 5 0 0 0 0 0 0 0 0 0 0 0 0 0 0 0 0
0 0 0 0 0 0 25 0 0 25 0 0 25 0 0 25 0 0 0 0 0 0 0 0 0 0 0 0 0 0 0 0
0 0 0 0 0 0 55 0 0 50 0 0 55 0 0 50 0 0 0 0 0 0 0 0 0 0 0 0 0 0 0 0
0 0 0 0 0 0 95 0 0 50 0 0 95 0 0 50 0 0 0 0 0 0 0 0 0 0 0 0 0 0 0 0
0 0 0 0 0 0 125 0 0 30 0 0 125 0 0 30 0 0 0 0 0 0 0 0 0 0 0 0 0 0 0 0
0 0 0 0 0 0 100 0 0 50 0 0 105 0 0 50 0 0 0 0 0 0 0 0 0 0 0 0 0 0 0 0
0 0 0 0 0 0 80 0 0 50 0 0 85 0 0 50 0 0 0 0 0 0 0 0 0 0 0 0 0 0 0 0
0 0 0 0 0 0 0 0 0 10 0 0 5 0 0 5 0 0 0 0 0 0 0 0 0 0 0 0 0 0 0 0
18 0 -13 0 0 0 25 0 0 10 0 0 -20 0 0 5 0 0 0 0 0 0 0 0 0 0 0 0 0 0 0 0
18 0 -13 0 0 0 55 0 0 5 0 0 -45 0 0 5 0 0 0 0 0 0 0 0 0 0 0 0 0 0 0 0
18 0 -13 0 0 0 75 0 0 5 0 0 -65 0 0 5 0 0 0 0 0 0 0 0 0 0 0 0 0 0 0 0
18 0 -13 0 0 0 95 0 0 5 0 0 -95 0 0 5 0 0 0 0 0 0 0 0 0 0 0 0 0 0 0 0
18 0 -13 0 0 0 120 0 0 5 0 0 -120 0 0 5 0 0 0 0 0 0 0 0 0 0 0 0 0 0 0 0
18 0 -13 0 0 0 145 0 0 5 0 0 -145 0 0 5 0 0 0 0 0 0 0 0 0 0 0 0 0 0 0 0
18 0 -13 0 0 0 165 0 0 5 0 0 -125 0 0 5 0 0 0 0 0 0 0 0 0 0 0 0 0 0 0 0
18 0 -13 0 0 0 190 0 0 5 0 0 -155 0 0 5 0 0 0 0 0 0 0 0 0 0 0 0 0 0 0 0
18 0 -13 0 0 0 220 0 0 5 0 0 -190 0 0 5 0 0 0 0 0 0 0 0 0 0 0 0 0 0 0 0
18 0 -13 0 0 0 255 0 0 5 0 0 -230 0 0 5 0 0 0 0 0 0 0 0 0 0 0 0 0 0 0 0
18 0 -13 0 0 0 310 0 0 5 0 0 -305 0 0 5 0 0 0 0 0 0 0 0 0 0 0 0 0 0 0 0
18 0 -13 0 0 0 0 0 0 5 0 0 -355 0 0 5 0 0 0 0 0 0 0 0 0 0 0 0 0 0 0 0
18 0 -13 0 0 0 25 0 0 10 0 0 -20 0 0 5 0 0 0 0 0 0 0 0 0 0 0 0 0 0 0 0
18 0 -13 0 0 0 55 0 0 5 0 0 -45 0 0 5 0 0 0 0 0 0 0 0 0 0 0 0 0 0 0 0
18 0 -13 0 0 0 75 0 0 5 0 0 -65 0 0 5 0 0 0 0 0 0 0 0 0 0 0 0 0 0 0 0
18 0 -13 0 0 0 95 0 0 5 0 0 -95 0 0 5 0 0 0 0 0 0 0 0 0 0 0 0 0 0 0 0
18 0 -13 0 0 0 120 0 0 5 0 0 -120 0 0 5 0 0 0 0 0 0 0 0 0 0 0 0 0 0 0 0
18 0 -13 0 0 0 145 0 0 5 0 0 -145 0 0 5 0 0 0 0 0 0 0 0 0 0 0 0 0 0 0 0
18 0 -13 0 0 0 165 0 0 5 0 0 -125 0 0 5 0 0 0 0 0 0 0 0 0 0 0 0 0 0 0 0
18 0 -13 0 0 0 190 0 0 5 0 0 -155 0 0 5 0 0 0 0 0 0 0 0 0 0 0 0 0 0 0 0
18 0 -13 0 0 0 220 0 0 5 0 0 -190 0 0 5 0 0 0 0 0 0 0 0 0 0 0 0 0 0 0 0
18 0 -13 0 0 0 255 0 0 5 0 0 -230 0 0 5 0 0 0 0 0 0 0 0 0 0 0 0 0 0 0 0
18 0 -13 0 0 0 310 0 0 5 0 0 -305 0 0 5 0 0 0 0 0 0 0 0 0 0 0 0 0 0 0 0
18 0 -13 0 0 0 0 0 0 5 0 0 -355 0 0 5 0 0 0 0 0 0 0 0 0 0 0 0 0 0 0 0
18 0 -13 0 0 0 25 0 0 10 0 0 -20 0 0 5 0 0 0 0 0 0 0 0 0 0 0 0 0 0 0 0
18 0 -13 0 0 0 55 0 0 5 0 0 -45 0 0 5 0 0 0 0 0 0 0 0 0 0 0 0 0 0 0 0
18 0 -13 0 0 0 75 0 0 5 0 0 -65 0 0 5 0 0 0 0 0 0 0 0 0 0 0 0 0 0 0 0
18 0 -13 0 0 0 95 0 0 5 0 0 -95 0 0 5 0 0 0 0 0 0 0 0 0 0 0 0 0 0 0 0
18 0 -13 0 0 0 120 0 0 5 0 0 -120 0 0 5 0 0 0 0 0 0 0 0 0 0 0 0 0 0 0 0
18 0 -13 0 0 0 145 0 0 5 0 0 -145 0 0 5 0 0 0 0 0 0 0 0 0 0 0 0 0 0 0 0
18 0 -13 0 0 0 165 0 0 5 0 0 -125 0 0 5 0 0 0 0 0 0 0 0 0 0 0 0 0 0 0 0
18 0 -13 0 0 0 190 0 0 5 0 0 -155 0 0 5 0 0 0 0 0 0 0 0 0 0 0 0 0 0 0 0
18 0 -13 0 0 0 220 0 0 5 0 0 -190 0 0 5 0 0 0 0 0 0 0 0 0 0 0 0 0 0 0 0
18 0 -13 0 0 0 255 0 0 5 0 0 -230 0 0 5 0 0 0 0 0 0 0 0 0 0 0 0 0 0 0 0
18 0 -13 0 0 0 310 0 0 5 0 0 -305 0 0 5 0 0 0 0 0 0 0 0 0 0 0 0 0 0 0 0
18 0 -13 0 0 0 0 0 0 5 0 0 -355 0 0 5 0 0 0 0 0 0 0 0 0 0 0 0 0 0 0 0
18 0 -13 0 0 0 25 0 0 10 0 0 -20 0 0 5 0 0 0 0 0 0 0 0 0 0 0 0 0 0 0 0
18 0 -13 0 0 0 55 0 0 5 0 0 -45 0 0 5 0 0 0 0 0 0 0 0 0 0 0 0 0 0 0 0
18 0 -13 0 0 0 75 0 0 5 0 0 -65 0 0 5 0 0 0 0 0 0 0 0 0 0 0 0 0 0 0 0
18 0 -13 0 0 0 95 0 0 5 0 0 -95 0 0 5 0 0 0 0 0 0 0 0 0 0 0 0 0 0 0 0
18 0 -13 0 0 0 120 0 0 5 0 0 -120 0 0 5 0 0 0 0 0 0 0 0 0 0 0 0 0 0 0 0
18 0 -13 0 0 0 145 0 0 5 0 0 -145 0 0 5 0 0 0 0 0 0 0 0 0 0 0 0 0 0 0 0
18 0 -13 0 0 0 165 0 0 5 0 0 -125 0 0 5 0 0 0 0 0 0 0 0 0 0 0 0 0 0 0 0
18 0 -13 0 0 0 190 0 0 5 0 0 -155 0 0 5 0 0 0 0 0 0 0 0 0 0 0 0 0 0 0 0
18 0 -13 0 0 0 220 0 0 5 0 0 -190 0 0 5 0 0 0 0 0 0 0 0 0 0 0 0 0 0 0 0
18 0 -13 0 0 0 255 0 0 5 0 0 -230 0 0 5 0 0 0 0 0 0 0 0 0 0 0 0 0 0 0 0
18 0 -13 0 0 0 310 0 0 5 0 0 -305 0 0 5 0 0 0 0 0 0 0 0 0 0 0 0 0 0 0 0
18 0 -13 0 0 0 0 0 0 5 0 0 -355 0 0 5 0 0 0 0 0 0 0 0 0 0 0 0 0 0 0 0
18 0 -13 0 0 0 25 0 0 10 0 0 -20 0 0 5 0 0 0 0 0 0 0 0 0 0 0 0 0 0 0 0
18 0 -13 0 0 0 55 0 0 5 0 0 -45 0 0 5 0 0 0 0 0 0 0 0 0 0 0 0 0 0 0 0
18 0 -13 0 0 0 75 0 0 5 0 0 -65 0 0 5 0 0 0 0 0 0 0 0 0 0 0 0 0 0 0 0
18 0 -13 0 0 0 95 0 0 5 0 0 -95 0 0 5 0 0 0 0 0 0 0 0 0 0 0 0 0 0 0 0
18 0 -13 0 0 0 120 0 0 5 0 0 -120 0 0 5 0 0 0 0 0 0 0 0 0 0 0 0 0 0 0 0
18 0 -13 0 0 0 145 0 0 5 0 0 -145 0 0 5 0 0 0 0 0 0 0 0 0 0 0 0 0 0 0 0
18 0 -13 0 0 0 165 0 0 5 0 0 -125 0 0 5 0 0 0 0 0 0 0 0 0 0 0 0 0 0 0 0
18 0 -13 0 0 0 190 0 0 5 0 0 -155 0 0 5 0 0 0 0 0 0 0 0 0 0 0 0 0 0 0 0
18 0 -13 0 0 0 220 0 0 5 0 0 -190 0 0 5 0 0 0 0 0 0 0 0 0 0 0 0 0 0 0 0
18 0 -13 0 0 0 255 0 0 5 0 0 -230 0 0 5 0 0 0 0 0 0 0 0 0 0 0 0 0 0 0 0
18 0 -13 0 0 0 310 0 0 5 0 0 -305 0 0 5 0 0 0 0 0 0 0 0 0 0 0 0 0 0 0 0
18 0 -13 0 0 0 0 0 0 5 0 0 -355 0 0 5 0 0 0 0 0 0 0 0 0 0 0 0 0 0 0 0
18 0 -13 0 0 0 25 0 0 10 0 0 -20 0 0 5 0 0 0 0 0 0 0 0 0 0 0 0 0 0 0 0
18 0 -13 0 0 0 55 0 0 5 0 0 -45 0 0 5 0 0 0 0 0 0 0 0 0 0 0 0 0 0 0 0
18 0 -13 0 0 0 75 0 0 5 0 0 -65 0 0 5 0 0 0 0 0 0 0 0 0 0 0 0 0 0 0 0
18 0 -13 0 0 0 95 0 0 5 0 0 -95 0 0 5 0 0 0 0 0 0 0 0 0 0 0 0 0 0 0 0
18 0 -13 0 0 0 120 0 0 5 0 0 -120 0 0 5 0 0 0 0 0 0 0 0 0 0 0 0 0 0 0 0
18 0 -13 0 0 0 145 0 0 5 0 0 -145 0 0 5 0 0 0 0 0 0 0 0 0 0 0 0 0 0 0 0
18 0 -13 0 0 0 165 0 0 5 0 0 -125 0 0 5 0 0 0 0 0 0 0 0 0 0 0 0 0 0 0 0
18 0 -13 0 0 0 190 0 0 5 0 0 -155 0 0 5 0 0 0 0 0 0 0 0 0 0 0 0 0 0 0 0
18 0 -13 0 0 0 220 0 0 5 0 0 -190 0 0 5 0 0 0 0 0 0 0 0 0 0 0 0 0 0 0 0
18 0 -13 0 0 0 255 0 0 5 0 0 -230 0 0 5 0 0 0 0 0 0 0 0 0 0 0 0 0 0 0 0
18 0 -13 0 0 0 310 0 0 5 0 0 -305 0 0 5 0 0 0 0 0 0 0 0 0 0 0 0 0 0 0 0
18 0 -13 0 0 0 0 0 0 5 0 0 -355 0 0 5 0 0 0 0 0 0 0 0 0 0 0 0 0 0 0 0
18 0 -13 0 0 0 25 0 0 10 0 0 -20 0 0 5 0 0 0 0 0 0 0 0 0 0 0 0 0 0 0 0
18 0 -13 0 0 0 55 0 0 5 0 0 -45 0 0 5 0 0 0 0 0 0 0 0 0 0 0 0 0 0 0 0
18 0 -13 0 0 0 75 0 0 5 0 0 -65 0 0 5 0 0 0 0 0 0 0 0 0 0 0 0 0 0 0 0
18 0 -13 0 0 0 95 0 0 5 0 0 -95 0 0 5 0 0 0 0 0 0 0 0 0 0 0 0 0 0 0 0
18 0 -13 0 0 0 120 0 0 5 0 0 -120 0 0 5 0 0 0 0 0 0 0 0 0 0 0 0 0 0 0 0
18 0 -13 0 0 0 145 0 0 5 0 0 -145 0 0 5 0 0 0 0 0 0 0 0 0 0 0 0 0 0 0 0
18 0 -13 0 0 0 165 0 0 5 0 0 -125 0 0 5 0 0 0 0 0 0 0 0 0 0 0 0 0 0 0 0
18 0 -13 0 0 0 190 0 0 5 0 0 -155 0 0 5 0 0 0 0 0 0 0 0 0 0 0 0 0 0 0 0
18 0 -13 0 0 0 220 0 0 5 0 0 -190 0 0 5 0 0 0 0 0 0 0 0 0 0 0 0 0 0 0 0
18 0 -13 0 0 0 255 0 0 5 0 0 -230 0 0 5 0 0 0 0 0 0 0 0 0 0 0 0 0 0 0 0
18 0 -13 0 0 0 310 0 0 5 0 0 -305 0 0 5 0 0 0 0 0 0 0 0 0 0 0 0 0 0 0 0
18 0 -13 0 0 0 0 0 0 5 0 0 -355 0 0 5 0 0 0 0 0 0 0 0 0 0 0 0 0 0 0 0
18 0 -13 0 0 0 25 0 0 10 0 0 -20 0 0 5 0 0 0 0 0 0 0 0 0 0 0 0 0 0 0 0
18 0 -13 0 0 0 55 0 0 5 0 0 -45 0 0 5 0 0 0 0 0 0 0 0 0 0 0 0 0 0 0 0
18 0 -13 0 0 0 75 0 0 5 0 0 -65 0 0 5 0 0 0 0 0 0 0 0 0 0 0 0 0 0 0 0
18 0 -13 0 0 0 95 0 0 5 0 0 -95 0 0 5 0 0 0 0 0 0 0 0 0 0 0 0 0 0 0 0
18 0 -13 0 0 0 120 0 0 5 0 0 -120 0 0 5 0 0 0 0 0 0 0 0 0 0 0 0 0 0 0 0
18 0 -13 0 0 0 145 0 0 5 0 0 -145 0 0 5 0 0 0 0 0 0 0 0 0 0 0 0 0 0 0 0
18 0 -13 0 0 0 165 0 0 5 0 0 -125 0 0 5 0 0 0 0 0 0 0 0 0 0 0 0 0 0 0 0
18 0 -13 0 0 0 190 0 0 5 0 0 -155 0 0 5 0 0 0 0 0 0 0 0 0 0 0 0 0 0 0 0
18 0 -13 0 0 0 220 0 0 5 0 0 -190 0 0 5 0 0 0 0 0 0 0 0 0 0 0 0 0 0 0 0
18 0 -13 0 0 0 255 0 0 5 0 0 -230 0 0 5 0 0 0 0 0 0 0 0 0 0 0 0 0 0 0 0
18 0 -13 0 0 0 310 0 0 5 0 0 -305 0 0 5 0 0 0 0 0 0 0 0 0 0 0 0 0 0 0 0
18 0 -13 0 0 0 0 0 0 5 0 0 -355 0 0 5 0 0 0 0 0 0 0 0 0 0 0 0 0 0 0 0
18 0 -13 0 0 0 25 0 0 10 0 0 -20 0 0 5 0 0 0 0 0 0 0 0 0 0 0 0 0 0 0 0
18 0 -13 0 0 0 55 0 0 5 0 0 -45 0 0 5 0 0 0 0 0 0 0 0 0 0 0 0 0 0 0 0
18 0 -13 0 0 0 75 0 0 5 0 0 -65 0 0 5 0 0 0 0 0 0 0 0 0 0 0 0 0 0 0 0
18 0 -13 0 0 0 95 0 0 5 0 0 -95 0 0 5 0 0 0 0 0 0 0 0 0 0 0 0 0 0 0 0
18 0 -13 0 0 0 120 0 0 5 0 0 -120 0 0 5 0 0 0 0 0 0 0 0 0 0 0 0 0 0 0 0
18 0 -13 0 0 0 145 0 0 5 0 0 -145 0 0 5 0 0 0 0 0 0 0 0 0 0 0 0 0 0 0 0
18 0 -13 0 0 0 165 0 0 5 0 0 -125 0 0 5 0 0 0 0 0 0 0 0 0 0 0 0 0 0 0 0
18 0 -13 0 0 0 190 0 0 5 0 0 -155 0 0 5 0 0 0 0 0 0 0 0 0 0 0 0 0 0 0 0
18 0 -13 0 0 0 220 0 0 5 0 0 -190 0 0 5 0 0 0 0 0 0 0 0 0 0 0 0 0 0 0 0
18 0 -13 0 0 0 255 0 0 5 0 0 -230 0 0 5 0 0 0 0 0 0 0 0 0 0 0 0 0 0 0 0
18 0 -13 0 0 0 310 0 0 5 0 0 -305 0 0 5 0 0 0 0 0 0 0 0 0 0 0 0 0 0 0 0
18 0 -13 0 0 0 0 0 0 5 0 0 -355 0 0 5 0 0 0 0 0 0 0 0 0 0 0 0 0 0 0 0
18 0 -13 0 0 0 0 0 0 5 0 0 -355 0 0 5 0 0 0 0 0 0 0 0 0 0 0 0 0 0 0 0
18 0 -13 0 0 0 0 0 0 5 0 0 -355 0 0 5 0 0 0 0 0 0 0 0 0 0 0 0 0 0 0 0
18 0 -13 0 0 0 0 0 0 5 0 0 -355 0 0 5 0 0 0 0 0 0 0 0 0 0 0 0 0 0 0 0
18 0 -13 0 0 0 0 0 0 5 0 0 -355 0 0 5 0 0 0 0 0 0 0 0 0 0 0 0 0 0 0 0
18 0 -13 0 0 0 0 0 0 5 0 0 -355 0 0 5 0 0 0 0 0 0 0 0 0 0 0 0 0 0 0 0
18 0 -13 0 0 0 0 0 0 5 0 0 -355 0 0 5 0 0 0 0 0 0 0 0 0 0 0 0 0 0 0 0
18 0 -13 0 0 0 30 0 0 5 0 0 -325 0 0 5 0 0 0 0 0 0 0 0 0 0 0 0 0 0 0 0
18 0 -13 0 0 0 60 0 0 5 0 0 -295 0 0 5 0 0 0 0 0 0 0 0 0 0 0 0 0 0 0 0
18 0 -13 0 0 0 95 0 0 5 0 0 -260 0 0 5 0 0 0 0 0 0 0 0 0 0 0 0 0 0 0 0
18 0 -13 0 0 0 125 0 0 5 0 0 -230 0 0 5 0 0 0 0 0 0 0 0 0 0 0 0 0 0 0 0
18 0 -13 0 0 0 160 0 0 5 0 0 -195 0 0 5 0 0 0 0 0 0 0 0 0 0 0 0 0 0 0 0
18 0 -13 0 0 0 180 0 0 5 0 0 -175 0 0 5 0 0 0 0 0 0 0 0 0 0 0 0 0 0 0 0
18 0 -13 0 10 0 180 0 0 5 0 0 -175 0 0 5 0 0 0 0 0 0 0 0 0 0 0 0 0 0 0 0
18 0 -13 0 45 0 180 0 0 5 0 0 -175 0 0 5 0 0 0 0 0 0 0 0 0 0 0 0 0 0 0 0
18 0 -13 0 80 0 180 0 0 5 0 0 -175 0 0 5 0 0 0 0 0 0 0 0 0 0 0 0 0 0 0 0
18 0 -13 0 120 0 180 0 0 5 0 0 -175 0 0 5 0 0 0 0 0 0 0 0 0 0 0 0 0 0 0 0
18 0 -13 0 175 0 180 0 0 5 0 0 -175 0 0 5 0 0 0 0 0 0 0 0 0 0 0 0 0 0 0 0
18 0 -13 0 210 0 180 0 0 5 0 0 -175 0 0 5 0 0 0 0 0 0 0 0 0 0 0 0 0 0 0 0
18 0 -13 0 260 0 180 0 0 5 0 0 -175 0 0 5 0 0 0 0 0 0 0 0 0 0 0 0 0 0 0 0
18 0 -13 0 315 0 180 0 0 5 0 0 -175 0 0 5 0 0 0 0 0 0 0 0 0 0 0 0 0 0 0 0
18 0 -13 0 5 0 180 0 0 5 0 0 -175 0 0 5 0 0 0 0 0 0 0 0 0 0 0 0 0 0 0 0
18 0 -13 0 70 0 180 0 0 5 0 0 -175 0 0 5 0 0 0 0 0 0 0 0 0 0 0 0 0 0 0 0
18 0 -13 0 115 0 180 0 0 5 0 0 -175 0 0 5 0 0 0 0 0 0 0 0 0 0 0 0 0 0 0 0
18 0 -13 0 170 0 180 0 0 5 0 0 -175 0 0 5 0 0 0 0 0 0 0 0 0 0 0 0 0 0 0 0
18 0 -13 0 245 0 180 0 0 5 0 0 -175 0 0 5 0 0 0 0 0 0 0 0 0 0 0 0 0 0 0 0
18 0 -13 0 290 0 180 0 0 5 0 0 -175 0 0 5 0 0 0 0 0 0 0 0 0 0 0 0 0 0 0 0
18 0 -13 0 320 0 180 0 0 5 0 0 -175 0 0 5 0 0 0 0 0 0 0 0 0 0 0 0 0 0 0 0
18 0 -13 0 345 0 180 0 0 5 0 0 -175 0 0 5 0 0 0 0 0 0 0 0 0 0 0 0 0 0 0 0
18 0 -13 0 15 0 180 0 0 5 0 0 -175 0 0 5 0 0 0 0 0 0 0 0 0 0 0 0 0 0 0 0
18 0 -13 0 15 0 180 0 -35 5 0 0 -175 0 35 5 0 0 0 0 0 0 0 0 0 0 0 0 0 0 0 0
18 0 -13 0 15 0 180 0 -50 5 0 0 -175 0 50 5 0 0 0 0 0 0 0 0 0 0 0 0 0 0 0 0
18 0 -13 0 15 0 180 0 -50 5 0 40 -175 0 50 5 0 -40 0 0 0 0 0 0 0 0 0 0 0 0 0 0
18 0 -13 0 15 0 180 0 -50 5 0 70 -175 0 50 5 0 -70 0 0 0 0 0 0 0 0 0 0 0 0 0 0
18 0 -13 0 15 0 180 0 -50 5 0 110 -175 0 50 5 0 -110 0 0 0 0 0 0 0 0 0 0 0 0 0 0
18 0 -13 0 15 0 180 0 -50 5 0 50 -175 0 50 5 0 -50 0 0 0 0 0 0 0 0 0 0 0 0 0 0
18 0 -13 0 15 0 180 0 -50 5 0 0 -175 0 50 5 0 0 0 0 0 0 0 0 0 0 0 0 0 0 0 0
18 0 -13 0 15 0 180 0 -50 5 0 75 -175 0 50 5 0 -75 0 0 0 0 0 0 0 0 0 0 0 0 0 0
18 0 -13 0 15 0 180 0 -50 5 0 110 -175 0 50 5 0 -110 0 0 0 0 0 0 0 0 0 0 0 0 0 0
18 0 -13 0 15 0 125 0 -50 5 0 110 -230 0 50 5 0 -110 0 0 0 0 0 0 0 0 0 0 0 0 0 0
18 0 -13 0 15 0 85 0 -50 5 0 110 -270 0 50 5 0 -110 0 0 0 0 0 0 0 0 0 0 0 0 0 0
18 0 -13 0 15 0 30 0 -50 5 0 110 -325 0 50 5 0 -110 0 0 0 0 0 0 0 0 0 0 0 0 0 0
18 0 -13 0 15 0 10 0 -50 5 0 110 -345 0 50 5 0 -110 0 0 0 0 0 0 0 0 0 0 0 0 0 0
18 0 -13 0 15 0 80 0 -50 5 0 110 -275 0 50 5 0 -110 0 0 0 0 0 0 0 0 0 0 0 0 0 0
18 0 -13 0 15 0 145 0 -50 5 0 110 -210 0 50 5 0 -110 0 0 0 0 0 0 0 0 0 0 0 0 0 0
18 0 -13 0 15 0 180 0 -50 5 0 110 -175 0 50 5 0 -110 0 0 0 0 0 0 0 0 0 0 0 0 0 0
18 0 -13 0 15 0 180 35 -50 5 0 110 -175 -35 50 5 0 -110 0 0 0 0 0 0 0 0 0 0 0 0 0 0
18 0 -13 0 15 0 180 80 -50 5 0 110 -175 -80 50 5 0 -110 0 0 0 0 0 0 0 0 0 0 0 0 0 0
18 0 -13 0 15 0 180 95 -50 5 0 110 -175 -95 50 5 0 -110 0 0 0 0 0 0 0 0 0 0 0 0 0 0
18 0 -13 0 15 0 180 40 -50 5 0 110 -175 -40 50 5 0 -110 0 0 0 0 0 0 0 0 0 0 0 0 0 0
18 0 -13 0 15 0 180 10 -50 5 0 110 -175 -10 50 5 0 -110 0 0 0 0 0 0 0 0 0 0 0 0 0 0
18 0 -13 0 15 0 180 10 -50 5 -5 60 -175 -10 50 5 5 -60 0 0 0 0 0 0 0 0 0 0 0 0 0 0
18 0 -13 0 15 0 180 10 -50 5 -5 25 -175 -10 50 5 5 -25 0 0 0 0 0 0 0 0 0 0 0 0 0 0
18 0 -13 0 15 0 180 10 -50 5 -5 0 -175 -10 50 5 5 0 0 0 0 0 0 0 0 0 0 0 0 0 0 0
18 0 -13 0 15 0 180 50 -50 5 -5 0 -175 -50 50 5 5 0 0 0 0 0 0 0 0 0 0 0 0 0 0 0
18 0 -13 0 15 0 180 70 -50 5 -5 0 -175 -70 50 5 5 0 0 0 0 0 0 0 0 0 0 0 0 0 0 0
18 0 -13 0 15 0 180 90 -50 5 -5 0 -175 -90 50 5 5 0 0 0 0 0 0 0 0 0 0 0 0 0 0 0
18 0 -13 0 15 0 180 90 0 5 -5 0 -175 -90 0 5 5 0 0 0 0 0 0 0 0 0 0 0 0 0 0 0
18 0 -13 0 85 0 180 90 0 5 -5 0 -175 -90 0 5 5 0 0 0 0 0 0 0 0 0 0 0 0 0 0 0
18 0 -13 0 125 0 180 90 0 5 -5 0 -175 -90 0 5 5 0 0 0 0 0 0 0 0 0 0 0 0 0 0 0
18 0 -13 0 180 0 180 90 0 5 -5 0 -175 -90 0 5 5 0 0 0 0 0 0 0 0 0 0 0 0 0 0 0
18 0 -13 0 220 0 180 90 0 5 -5 0 -175 -90 0 5 5 0 0 0 0 0 0 0 0 0 0 0 0 0 0 0
18 0 -13 0 270 0 180 90 0 5 -5 0 -175 -90 0 5 5 0 0 0 0 0 0 0 0 0 0 0 0 0 0 0
18 0 -13 0 325 0 180 90 0 5 -5 0 -175 -90 0 5 5 0 0 0 0 0 0 0 0 0 0 0 0 0 0 0
18 0 -13 0 35 0 180 90 0 5 -5 0 -175 -90 0 5 5 0 0 0 0 0 0 0 0 0 0 0 0 0 0 0
18 0 -13 0 85 0 180 90 0 5 -5 0 -175 -90 0 5 5 0 0 0 0 0 0 0 0 0 0 0 0 0 0 0
18 0 -13 0 145 0 180 90 0 5 -5 0 -175 -90 0 5 5 0 0 0 0 0 0 0 0 0 0 0 0 0 0 0
18 0 -13 0 205 0 180 90 0 5 -5 0 -175 -90 0 5 5 0 0 0 0 0 0 0 0 0 0 0 0 0 0 0
18 0 -13 0 245 0 180 90 0 5 -5 0 -175 -90 0 5 5 0 0 0 0 0 0 0 0 0 0 0 0 0 0 0
18 0 -13 0 295 0 180 90 0 5 -5 0 -175 -90 0 5 5 0 0 0 0 0 0 0 0 0 0 0 0 0 0 0
18 0 -13 0 350 0 180 90 0 5 -5 0 -175 -90 0 5 5 0 0 0 0 0 0 0 0 0 0 0 0 0 0 0
18 0 -13 0 5 0 180 90 0 5 -5 0 -175 -90 0 5 5 0 0 0 0 0 0 0 0 0 0 0 0 0 0 0
18 0 -13 0 15 0 180 0 0 5 0 0 -175 0 0 5 0 0 0 0 0 0 0 0 0 0 0 0 0 0 0 0
18 0 -13 0 15 0 180 0 -35 5 0 0 -175 0 35 5 0 0 0 0 0 0 0 0 0 0 0 0 0 0 0 0
18 0 -13 0 15 0 180 0 -50 5 0 0 -175 0 50 5 0 0 0 0 0 0 0 0 0 0 0 0 0 0 0 0
18 0 -13 0 15 0 180 0 -50 5 0 40 -175 0 50 5 0 -40 0 0 0 0 0 0 0 0 0 0 0 0 0 0
18 0 -13 0 15 0 180 0 -50 5 0 70 -175 0 50 5 0 -70 0 0 0 0 0 0 0 0 0 0 0 0 0 0
18 0 -13 0 15 0 180 0 -50 5 0 110 -175 0 50 5 0 -110 0 0 0 0 0 0 0 0 0 0 0 0 0 0
18 0 -13 0 15 0 180 0 -50 5 0 50 -175 0 50 5 0 -50 0 0 0 0 0 0 0 0 0 0 0 0 0 0
18 0 -13 0 15 0 180 0 -50 5 0 0 -175 0 50 5 0 0 0 0 0 0 0 0 0 0 0 0 0 0 0 0
18 0 -13 0 15 0 180 0 -50 5 0 75 -175 0 50 5 0 -75 0 0 0 0 0 0 0 0 0 0 0 0 0 0
18 0 -13 0 15 0 180 0 -50 5 0 110 -175 0 50 5 0 -110 0 0 0 0 0 0 0 0 0 0 0 0 0 0
18 0 -13 0 15 0 125 0 -50 5 0 110 -230 0 50 5 0 -110 0 0 0 0 0 0 0 0 0 0 0 0 0 0
18 0 -13 0 15 0 85 0 -50 5 0 110 -270 0 50 5 0 -110 0 0 0 0 0 0 0 0 0 0 0 0 0 0
18 0 -13 0 15 0 30 0 -50 5 0 110 -325 0 50 5 0 -110 0 0 0 0 0 0 0 0 0 0 0 0 0 0
18 0 -13 0 15 0 10 0 -50 5 0 110 -345 0 50 5 0 -110 0 0 0 0 0 0 0 0 0 0 0 0 0 0
18 0 -13 0 15 0 80 0 -50 5 0 110 -275 0 50 5 0 -110 0 0 0 0 0 0 0 0 0 0 0 0 0 0
18 0 -13 0 15 0 145 0 -50 5 0 110 -210 0 50 5 0 -110 0 0 0 0 0 0 0 0 0 0 0 0 0 0
18 0 -13 0 15 0 180 0 -50 5 0 110 -175 0 50 5 0 -110 0 0 0 0 0 0 0 0 0 0 0 0 0 0
18 0 -13 0 15 0 180 35 -50 5 0 110 -175 -35 50 5 0 -110 0 0 0 0 0 0 0 0 0 0 0 0 0 0
18 0 -13 0 15 0 180 80 -50 5 0 110 -175 -80 50 5 0 -110 0 0 0 0 0 0 0 0 0 0 0 0 0 0
18 0 -13 0 15 0 180 95 -50 5 0 110 -175 -95 50 5 0 -110 0 0 0 0 0 0 0 0 0 0 0 0 0 0
18 0 -13 0 15 0 180 40 -50 5 0 110 -175 -40 50 5 0 -110 0 0 0 0 0 0 0 0 0 0 0 0 0 0
18 0 -13 0 15 0 180 10 -50 5 0 110 -175 -10 50 5 0 -110 0 0 0 0 0 0 0 0 0 0 0 0 0 0
18 0 -13 0 15 0 180 10 -50 5 -5 60 -175 -10 50 5 5 -60 0 0 0 0 0 0 0 0 0 0 0 0 0 0
18 0 -13 0 15 0 180 10 -50 5 -5 25 -175 -10 50 5 5 -25 0 0 0 0 0 0 0 0 0 0 0 0 0 0
18 0 -13 0 15 0 180 10 -50 5 -5 0 -175 -10 50 5 5 0 0 0 0 0 0 0 0 0 0 0 0 0 0 0
18 0 -13 0 15 0 180 50 -50 5 -5 0 -175 -50 50 5 5 0 0 0 0 0 0 0 0 0 0 0 0 0 0 0
18 0 -13 0 15 0 180 70 -50 5 -5 0 -175 -70 50 5 5 0 0 0 0 0 0 0 0 0 0 0 0 0 0 0
18 0 -13 0 15 0 180 90 -50 5 -5 0 -175 -90 50 5 5 0 0 0 0 0 0 0 0 0 0 0 0 0 0 0
18 0 -13 0 15 0 180 90 0 5 -5 0 -175 -90 0 5 5 0 0 0 0 0 0 0 0 0 0 0 0 0 0 0
18 0 -13 0 85 0 180 90 0 5 -5 0 -175 -90 0 5 5 0 0 0 0 0 0 0 0 0 0 0 0 0 0 0
18 0 -13 0 125 0 180 90 0 5 -5 0 -175 -90 0 5 5 0 0 0 0 0 0 0 0 0 0 0 0 0 0 0
18 0 -13 0 180 0 180 90 0 5 -5 0 -175 -90 0 5 5 0 0 0 0 0 0 0 0 0 0 0 0 0 0 0
18 0 -13 0 220 0 180 90 0 5 -5 0 -175 -90 0 5 5 0 0 0 0 0 0 0 0 0 0 0 0 0 0 0
18 0 -13 0 270 0 180 90 0 5 -5 0 -175 -90 0 5 5 0 0 0 0 0 0 0 0 0 0 0 0 0 0 0
18 0 -13 0 325 0 180 90 0 5 -5 0 -175 -90 0 5 5 0 0 0 0 0 0 0 0 0 0 0 0 0 0 0
18 0 -13 0 35 0 180 90 0 5 -5 0 -175 -90 0 5 5 0 0 0 0 0 0 0 0 0 0 0 0 0 0 0
18 0 -13 0 85 0 180 90 0 5 -5 0 -175 -90 0 5 5 0 0 0 0 0 0 0 0 0 0 0 0 0 0 0
18 0 -13 0 145 0 180 90 0 5 -5 0 -175 -90 0 5 5 0 0 0 0 0 0 0 0 0 0 0 0 0 0 0
18 0 -13 0 205 0 180 90 0 5 -5 0 -175 -90 0 5 5 0 0 0 0 0 0 0 0 0 0 0 0 0 0 0
18 0 -13 0 245 0 180 90 0 5 -5 0 -175 -90 0 5 5 0 0 0 0 0 0 0 0 0 0 0 0 0 0 0
18 0 -13 0 295 0 180 90 0 5 -5 0 -175 -90 0 5 5 0 0 0 0 0 0 0 0 0 0 0 0 0 0 0
18 0 -13 0 350 0 180 90 0 5 -5 0 -175 -90 0 5 5 0 0 0 0 0 0 0 0 0 0 0 0 0 0 0
18 0 -13 0 5 0 180 90 0 5 -5 0 -175 -90 0 5 5 0 0 0 0 0 0 0 0 0 0 0 0 0 0 0
18 0 -13 0 15 0 180 0 0 5 0 0 -175 0 0 5 0 0 0 0 0 0 0 0 0 0 0 0 0 0 0 0
18 0 -13 0 15 0 180 0 -35 5 0 0 -175 0 35 5 0 0 0 0 0 0 0 0 0 0 0 0 0 0 0 0
18 0 -13 0 15 0 180 0 -50 5 0 0 -175 0 50 5 0 0 0 0 0 0 0 0 0 0 0 0 0 0 0 0
18 0 -13 0 15 0 180 0 -50 5 0 40 -175 0 50 5 0 -40 0 0 0 0 0 0 0 0 0 0 0 0 0 0
18 0 -13 0 15 0 180 0 -50 5 0 70 -175 0 50 5 0 -70 0 0 0 0 0 0 0 0 0 0 0 0 0 0
18 0 -13 0 15 0 180 0 -50 5 0 110 -175 0 50 5 0 -110 0 0 0 0 0 0 0 0 0 0 0 0 0 0
18 0 -13 0 15 0 180 0 -50 5 0 50 -175 0 50 5 0 -50 0 0 0 0 0 0 0 0 0 0 0 0 0 0
18 0 -13 0 15 0 180 0 -50 5 0 0 -175 0 50 5 0 0 0 0 0 0 0 0 0 0 0 0 0 0 0 0
18 0 -13 0 15 0 180 0 -50 5 0 75 -175 0 50 5 0 -75 0 0 0 0 0 0 0 0 0 0 0 0 0 0
18 0 -13 0 15 0 180 0 -50 5 0 110 -175 0 50 5 0 -110 0 0 0 0 0 0 0 0 0 0 0 0 0 0
18 0 -13 0 15 0 125 0 -50 5 0 110 -230 0 50 5 0 -110 0 0 0 0 0 0 0 0 0 0 0 0 0 0
18 0 -13 0 15 0 85 0 -50 5 0 110 -270 0 50 5 0 -110 0 0 0 0 0 0 0 0 0 0 0 0 0 0
18 0 -13 0 15 0 30 0 -50 5 0 110 -325 0 50 5 0 -110 0 0 0 0 0 0 0 0 0 0 0 0 0 0
18 0 -13 0 15 0 10 0 -50 5 0 110 -345 0 50 5 0 -110 0 0 0 0 0 0 0 0 0 0 0 0 0 0
18 0 -13 0 15 0 80 0 -50 5 0 110 -275 0 50 5 0 -110 0 0 0 0 0 0 0 0 0 0 0 0 0 0
18 0 -13 0 15 0 145 0 -50 5 0 110 -210 0 50 5 0 -110 0 0 0 0 0 0 0 0 0 0 0 0 0 0
18 0 -13 0 15 0 180 0 -50 5 0 110 -175 0 50 5 0 -110 0 0 0 0 0 0 0 0 0 0 0 0 0 0
18 0 -13 0 15 0 180 35 -50 5 0 110 -175 -35 50 5 0 -110 0 0 0 0 0 0 0 0 0 0 0 0 0 0
18 0 -13 0 15 0 180 80 -50 5 0 110 -175 -80 50 5 0 -110 0 0 0 0 0 0 0 0 0 0 0 0 0 0
18 0 -13 0 15 0 180 95 -50 5 0 110 -175 -95 50 5 0 -110 0 0 0 0 0 0 0 0 0 0 0 0 0 0
18 0 -13 0 15 0 180 40 -50 5 0 110 -175 -40 50 5 0 -110 0 0 0 0 0 0 0 0 0 0 0 0 0 0
18 0 -13 0 15 0 180 10 -50 5 0 110 -175 -10 50 5 0 -110 0 0 0 0 0 0 0 0 0 0 0 0 0 0
18 0 -13 0 15 0 180 10 -50 5 -5 60 -175 -10 50 5 5 -60 0 0 0 0 0 0 0 0 0 0 0 0 0 0
18 0 -13 0 15 0 180 10 -50 5 -5 25 -175 -10 50 5 5 -25 0 0 0 0 0 0 0 0 0 0 0 0 0 0
18 0 -13 0 15 0 180 10 -50 5 -5 0 -175 -10 50 5 5 0 0 0 0 0 0 0 0 0 0 0 0 0 0 0
18 0 -13 0 15 0 180 50 -50 5 -5 0 -175 -50 50 5 5 0 0 0 0 0 0 0 0 0 0 0 0 0 0 0
18 0 -13 0 15 0 180 70 -50 5 -5 0 -175 -70 50 5 5 0 0 0 0 0 0 0 0 0 0 0 0 0 0 0
18 0 -13 0 15 0 180 90 -50 5 -5 0 -175 -90 50 5 5 0 0 0 0 0 0 0 0 0 0 0 0 0 0 0
18 0 -13 0 15 0 180 90 0 5 -5 0 -175 -90 0 5 5 0 0 0 0 0 0 0 0 0 0 0 0 0 0 0
18 0 -13 0 85 0 180 90 0 5 -5 0 -175 -90 0 5 5 0 0 0 0 0 0 0 0 0 0 0 0 0 0 0
18 0 -13 0 125 0 180 90 0 5 -5 0 -175 -90 0 5 5 0 0 0 0 0 0 0 0 0 0 0 0 0 0 0
18 0 -13 0 180 0 180 90 0 5 -5 0 -175 -90 0 5 5 0 0 0 0 0 0 0 0 0 0 0 0 0 0 0
18 0 -13 0 220 0 180 90 0 5 -5 0 -175 -90 0 5 5 0 0 0 0 0 0 0 0 0 0 0 0 0 0 0
18 0 -13 0 270 0 180 90 0 5 -5 0 -175 -90 0 5 5 0 0 0 0 0 0 0 0 0 0 0 0 0 0 0
18 0 -13 0 325 0 180 90 0 5 -5 0 -175 -90 0 5 5 0 0 0 0 0 0 0 0 0 0 0 0 0 0 0
18 0 -13 0 35 0 180 90 0 5 -5 0 -175 -90 0 5 5 0 0 0 0 0 0 0 0 0 0 0 0 0 0 0
18 0 -13 0 85 0 180 90 0 5 -5 0 -175 -90 0 5 5 0 0 0 0 0 0 0 0 0 0 0 0 0 0 0
18 0 -13 0 145 0 180 90 0 5 -5 0 -175 -90 0 5 5 0 0 0 0 0 0 0 0 0 0 0 0 0 0 0
18 0 -13 0 205 0 180 90 0 5 -5 0 -175 -90 0 5 5 0 0 0 0 0 0 0 0 0 0 0 0 0 0 0
18 0 -13 0 245 0 180 90 0 5 -5 0 -175 -90 0 5 5 0 0 0 0 0 0 0 0 0 0 0 0 0 0 0
18 0 -13 0 295 0 180 90 0 5 -5 0 -175 -90 0 5 5 0 0 0 0 0 0 0 0 0 0 0 0 0 0 0
18 0 -13 0 350 0 180 90 0 5 -5 0 -175 -90 0 5 5 0 0 0 0 0 0 0 0 0 0 0 0 0 0 0
18 0 -13 0 5 0 180 90 0 5 -5 0 -175 -90 0 5 5 0 0 0 0 0 0 0 0 0 0 0 0 0 0 0
18 0 -13 0 5 5 145 90 0 5 -5 0 -210 -90 0 5 5 0 0 0 0 0 0 0 0 0 0 0 0 0 0 0
18 0 -13 0 5 5 110 90 0 5 -5 0 -245 -90 0 5 5 0 0 0 0 0 0 0 0 0 0 0 0 0 0 0
18 0 -13 0 5 5 90 90 0 5 -5 0 -265 -90 0 5 5 0 0 0 0 0 0 0 0 0 0 0 0 0 0 0
18 0 -13 0 5 5 110 90 0 5 -5 0 -285 -90 0 5 5 0 0 0 0 0 0 0 0 0 0 0 0 0 0 0
18 0 -13 0 5 5 140 90 0 5 -5 0 -315 -90 0 5 5 0 0 0 0 0 0 0 0 0 0 0 0 0 0 0
18 0 -13 0 5 5 170 90 0 5 -5 0 -345 -90 0 5 5 0 0 0 0 0 0 0 0 0 0 0 0 0 0 0
18 0 -13 0 5 5 145 90 0 5 -5 0 -320 -90 0 5 5 0 0 0 0 0 0 0 0 0 0 0 0 0 0 0
18 0 -13 0 5 5 120 90 0 5 -5 0 -295 -90 0 5 5 0 0 0 0 0 0 0 0 0 0 0 0 0 0 0
18 0 -13 0 5 5 85 90 0 5 -5 0 -260 -90 0 5 5 0 0 0 0 0 0 0 0 0 0 0 0 0 0 0
18 0 -13 0 5 5 55 90 0 5 -5 0 -230 -90 0 5 5 0 0 0 0 0 0 0 0 0 0 0 0 0 0 0
18 0 -13 0 5 5 25 90 0 5 -5 0 -200 -90 0 5 5 0 0 0 0 0 0 0 0 0 0 0 0 0 0 0
18 0 -13 0 5 5 0 90 0 5 -5 0 -175 -90 0 5 5 0 0 0 0 0 0 0 0 0 0 0 0 0 0 0
18 0 -13 0 5 5 40 90 0 5 -5 0 -215 -90 0 5 5 0 0 0 0 0 0 0 0 0 0 0 0 0 0 0
18 0 -13 0 5 5 75 90 0 5 -5 0 -250 -90 0 5 5 0 0 0 0 0 0 0 0 0 0 0 0 0 0 0
18 0 -13 0 5 5 110 90 0 5 -5 0 -285 -90 0 5 5 0 0 0 0 0 0 0 0 0 0 0 0 0 0 0
18 0 -13 0 5 5 145 90 0 5 -5 0 -320 -90 0 5 5 0 0 0 0 0 0 0 0 0 0 0 0 0 0 0
18 0 -13 0 5 5 170 90 0 5 -5 0 -345 -90 0 5 5 0 0 0 0 0 0 0 0 0 0 0 0 0 0 0
18 0 -13 0 5 5 140 90 0 5 -5 0 -315 -90 0 5 5 0 0 0 0 0 0 0 0 0 0 0 0 0 0 0
18 0 -13 0 5 5 110 90 0 5 -5 0 -285 -90 0 5 5 0 0 0 0 0 0 0 0 0 0 0 0 0 0 0
18 0 -13 0 5 5 80 90 0 5 -5 0 -255 -90 0 5 5 0 0 0 0 0 0 0 0 0 0 0 0 0 0 0
18 0 -13 0 5 5 50 90 0 5 -5 0 -225 -90 0 5 5 0 0 0 0 0 0 0 0 0 0 0 0 0 0 0
18 0 -13 0 5 5 15 90 0 5 -5 0 -190 -90 0 5 5 0 0 0 0 0 0 0 0 0 0 0 0 0 0 0
18 0 -13 0 5 5 45 90 0 5 -5 0 -220 -90 0 5 5 0 0 0 0 0 0 0 0 0 0 0 0 0 0 0
18 0 -13 0 5 5 75 90 0 5 -5 0 -250 -90 0 5 5 0 0 0 0 0 0 0 0 0 0 0 0 0 0 0
18 0 -13 0 5 5 90 90 0 5 -5 0 -265 -90 0 5 5 0 0 0 0 0 0 0 0 0 0 0 0 0 0 0
18 0 -13 0 5 5 90 90 0 5 -5 0 -265 -90 0 5 5 0 -35 0 0 0 0 0 0 0 0 0 0 0 0 0
18 0 -13 0 5 5 90 90 0 5 -5 0 -265 -90 0 5 5 0 -50 0 0 0 0 0 0 0 0 0 0 0 0 0
18 0 -13 0 5 5 90 90 0 5 -5 0 -265 -90 0 5 5 0 -50 0 0 -45 0 0 0 0 0 0 0 0 0 0
18 0 -13 0 5 5 90 90 0 5 -5 0 -265 -90 0 5 5 0 -50 0 0 -65 0 0 0 0 0 0 0 0 0 0
18 0 -13 0 5 5 90 90 0 5 -5 0 -265 -90 0 5 5 0 -10 0 0 -45 0 0 0 0 0 0 0 0 0 0
18 0 -13 0 5 5 90 90 0 5 -5 0 -265 -90 0 5 5 0 45 0 0 -45 0 0 0 0 0 0 0 0 0 0
18 0 -13 0 5 5 90 90 0 5 -5 0 -265 -90 0 5 5 0 75 0 0 -75 0 0 0 0 0 0 0 0 0 0
18 0 -13 0 5 5 90 90 0 5 -5 0 -265 -90 0 5 5 0 95 0 0 -90 0 0 0 0 0 0 0 0 0 0
18 0 -13 0 5 5 90 90 0 5 -5 0 -265 -90 0 5 5 0 45 0 0 -90 0 0 0 0 0 0 0 0 0 0
18 0 -13 0 5 5 90 90 0 5 -5 0 -265 -90 0 5 5 0 15 0 0 -90 0 0 0 0 0 0 0 0 0 0
18 0 -13 0 5 5 90 90 0 5 -5 0 -265 -90 0 5 5 0 60 0 0 -90 0 0 0 0 0 0 0 0 0 0
18 0 -13 0 5 5 90 90 0 5 -5 0 -265 -90 0 5 5 0 100 0 0 -90 0 0 0 0 0 0 0 0 0 0
18 0 -13 0 5 5 90 90 0 5 -5 0 -265 -90 0 5 5 0 45 0 0 -90 0 0 0 0 0 0 0 0 0 0
18 0 -13 0 5 5 90 90 0 5 -5 0 -265 -90 0 5 5 0 5 0 0 -90 0 0 0 0 0 0 0 0 0 0
18 0 -13 0 5 5 90 90 0 5 -5 0 -265 -90 0 5 5 0 -25 0 0 -90 0 0 0 0 0 0 0 0 0 0
18 0 -13 0 5 5 90 90 0 5 -5 0 -265 -90 0 5 5 0 -25 0 0 -105 0 0 0 0 0 0 0 0 0 0
18 0 -13 0 5 5 90 90 0 5 -5 0 -265 -90 0 5 5 0 25 0 0 -105 0 0 0 0 0 0 0 0 0 0
18 0 -13 0 5 5 90 90 0 5 -5 0 -265 -90 0 5 5 0 55 0 0 -105 0 0 0 0 0 0 0 0 0 0
18 0 -13 0 5 5 90 90 0 5 -5 0 -265 -90 0 5 5 0 100 0 0 -105 0 0 0 0 0 0 0 0 0 0
18 0 -13 0 5 5 90 90 0 5 -5 0 -265 -90 0 5 5 0 45 0 0 -105 0 0 0 0 0 0 0 0 0 0
18 0 -13 0 5 5 90 90 0 5 -5 0 -265 -90 0 5 5 0 -10 0 0 -105 0 0 0 0 0 0 0 0 0 0
18 0 -13 0 5 5 90 90 0 5 -5 0 -265 -90 0 5 5 0 55 0 0 -105 0 0 0 0 0 0 0 0 0 0
18 0 -13 0 5 5 90 90 0 5 -5 0 -265 -90 0 5 5 0 100 0 0 -105 0 0 0 0 0 0 0 0 0 0
18 0 -13 0 5 5 90 90 0 5 -5 0 -265 -90 0 5 5 0 30 0 0 -105 0 0 0 0 0 0 0 0 0 0
18 0 -13 0 5 5 90 90 0 5 -5 0 -265 -90 0 5 5 0 -25 0 0 -105 0 0 0 0 0 0 0 0 0 0
18 0 -13 0 5 5 90 90 0 5 -5 0 -265 -90 0 5 5 0 -25 0 0 -35 0 0 0 0 0 0 0 0 0 0
18 0 -13 0 5 5 90 90 0 5 -5 0 -265 -90 0 5 5 0 -25 0 0 0 0 0 0 0 0 0 0 0 0 0
18 0 -13 0 5 5 90 90 0 5 -5 0 -265 -90 0 5 5 0 -25 0 0 -50 0 0 0 0 0 0 0 0 0 0
18 0 -13 0 5 5 90 90 0 5 -5 0 -265 -90 0 5 5 0 -25 0 0 -75 0 0 0 0 0 0 0 0 0 0
18 0 -13 0 5 5 90 90 0 5 -5 0 -265 -90 0 5 5 0 -25 0 0 -40 0 0 0 0 0 0 0 0 0 0
18 0 -13 0 5 5 90 90 0 5 -5 0 -265 -90 0 5 5 0 -25 0 0 -5 0 0 0 0 0 0 0 0 0 0
18 0 -13 0 5 5 90 90 0 5 -5 0 -265 -90 0 5 5 0 -25 0 0 -50 0 0 0 0 0 0 0 0 0 0
18 0 -13 0 5 5 90 90 0 5 -5 0 -265 -90 0 5 5 0 -25 0 0 -70 0 0 0 0 0 0 0 0 0 0
18 0 -13 0 5 5 90 90 0 5 -5 0 -265 -90 0 5 5 0 -25 0 0 -90 0 0 0 0 0 0 0 0 0 0
18 0 -13 0 5 5 90 90 0 5 -5 0 -265 -90 0 5 5 0 -25 0 0 -105 0 0 0 0 0 0 0 0 0 0
18 0 -13 0 5 5 90 90 0 5 -5 0 -265 -90 0 5 5 0 25 0 0 -105 0 0 0 0 0 0 0 0 0 0
18 0 -13 0 5 5 90 90 0 5 -5 0 -265 -90 0 5 5 0 55 0 0 -105 0 0 0 0 0 0 0 0 0 0
18 0 -13 0 5 5 90 90 0 5 -5 0 -265 -90 0 5 5 0 100 0 0 -105 0 0 0 0 0 0 0 0 0 0
18 0 -13 0 5 5 90 90 0 5 -5 0 -265 -90 0 5 5 0 45 0 0 -105 0 0 0 0 0 0 0 0 0 0
18 0 -13 0 5 5 90 90 0 5 -5 0 -265 -90 0 5 5 0 -10 0 0 -105 0 0 0 0 0 0 0 0 0 0
18 0 -13 0 5 5 90 90 0 5 -5 0 -265 -90 0 5 5 0 55 0 0 -105 0 0 0 0 0 0 0 0 0 0
18 0 -13 0 5 5 90 90 0 5 -5 0 -265 -90 0 5 5 0 100 0 0 -105 0 0 0 0 0 0 0 0 0 0
18 0 -13 0 5 5 90 90 0 5 -5 0 -265 -90 0 5 5 0 30 0 0 -105 0 0 0 0 0 0 0 0 0 0
18 0 -13 0 5 5 90 90 0 5 -5 0 -265 -90 0 5 5 0 -25 0 0 -105 0 0 0 0 0 0 0 0 0 0
18 0 -13 0 5 5 90 90 0 5 -5 0 -265 -90 0 5 5 0 -25 0 0 -35 0 0 0 0 0 0 0 0 0 0
18 0 -13 0 5 5 90 90 0 5 -5 0 -265 -90 0 5 5 0 -25 0 0 0 0 0 0 0 0 0 0 0 0 0
18 0 -13 0 5 5 90 90 0 5 -5 0 -265 -90 0 5 5 0 -25 0 0 -50 0 0 0 0 0 0 0 0 0 0
18 0 -13 0 5 5 90 90 0 5 -5 0 -265 -90 0 5 5 0 -25 0 0 -75 0 0 0 0 0 0 0 0 0 0
18 0 -13 0 5 5 90 90 0 5 -5 0 -265 -90 0 5 5 0 -25 0 0 -40 0 0 0 0 0 0 0 0 0 0
18 0 -13 0 5 5 90 90 0 5 -5 0 -265 -90 0 5 5 0 -25 0 0 -5 0 0 0 0 0 0 0 0 0 0
18 0 -13 0 5 5 90 90 0 5 -5 0 -265 -90 0 5 5 0 -25 0 0 -50 0 0 0 0 0 0 0 0 0 0
18 0 -13 0 5 5 90 90 0 5 -5 0 -265 -90 0 5 5 0 -25 0 0 -70 0 0 0 0 0 0 0 0 0 0
18 0 -13 0 5 5 90 90 0 5 -5 0 -265 -90 0 5 5 0 -25 0 0 -90 0 0 0 0 0 0 0 0 0 0
18 0 -13 0 5 5 90 90 0 5 -5 0 -265 -90 0 5 5 0 -25 0 0 -105 0 0 0 0 0 0 0 0 0 0
18 0 -13 0 5 5 90 90 0 5 -5 0 -265 -90 0 5 5 0 25 0 0 -105 0 0 0 0 0 0 0 0 0 0
18 0 -13 0 5 5 90 90 0 5 -5 0 -265 -90 0 5 5 0 55 0 0 -105 0 0 0 0 0 0 0 0 0 0
18 0 -13 0 5 5 90 90 0 5 -5 0 -265 -90 0 5 5 0 100 0 0 -105 0 0 0 0 0 0 0 0 0 0
18 0 -13 0 5 5 90 90 0 5 -5 0 -265 -90 0 5 5 0 45 0 0 -105 0 0 0 0 0 0 0 0 0 0
18 0 -13 0 5 5 90 90 0 5 -5 0 -265 -90 0 5 5 0 -10 0 0 -105 0 0 0 0 0 0 0 0 0 0
18 0 -13 0 5 5 90 90 0 5 -5 0 -265 -90 0 5 5 0 55 0 0 -105 0 0 0 0 0 0 0 0 0 0
18 0 -13 0 5 5 90 90 0 5 -5 0 -265 -90 0 5 5 0 100 0 0 -105 0 0 0 0 0 0 0 0 0 0
18 0 -13 0 5 5 90 90 0 5 -5 0 -265 -90 0 5 5 0 30 0 0 -105 0 0 0 0 0 0 0 0 0 0
18 0 -13 0 5 5 90 90 0 5 -5 0 -265 -90 0 5 5 0 -25 0 0 -105 0 0 0 0 0 0 0 0 0 0
18 0 -13 0 5 5 90 90 0 5 -5 0 -265 -90 0 5 5 0 -25 0 0 -35 0 0 0 0 0 0 0 0 0 0
18 0 -13 0 5 5 90 90 0 5 -5 0 -265 -90 0 5 5 0 -25 0 0 0 0 0 0 0 0 0 0 0 0 0
18 0 -13 0 5 5 90 90 0 5 -5 0 -265 -90 0 5 5 0 -25 0 0 -50 0 0 0 0 0 0 0 0 0 0
18 0 -13 0 5 5 90 90 0 5 -5 0 -265 -90 0 5 5 0 -25 0 0 -75 0 0 0 0 0 0 0 0 0 0
18 0 -13 0 5 5 90 90 0 5 -5 0 -265 -90 0 5 5 0 -25 0 0 -40 0 0 0 0 0 0 0 0 0 0
18 0 -13 0 5 5 90 90 0 5 -5 0 -265 -90 0 5 5 0 -25 0 0 -5 0 0 0 0 0 0 0 0 0 0
18 0 -13 0 5 5 90 90 0 5 -5 0 -265 -90 0 5 5 0 -25 0 0 -50 0 0 0 0 0 0 0 0 0 0
18 0 -13 0 5 5 90 90 0 5 -5 0 -265 -90 0 5 5 0 -25 0 0 -70 0 0 0 0 0 0 0 0 0 0
18 0 -13 0 5 5 90 90 0 5 -5 0 -230 25 0 5 5 0 5 0 0 -70 0 0 0 0 0 0 0 0 0 0
18 0 -13 0 5 5 85 90 0 5 -5 0 -205 25 15 0 5 -35 5 0 0 -35 0 0 0 0 0 0 0 0 0 0
18 0 -13 0 5 5 60 90 0 -45 -5 0 -180 25 0 0 5 -65 5 0 0 -35 0 0 0 0 0 0 0 0 0 0
18 0 -13 0 5 5 60 90 0 -45 0 0 -180 25 -20 0 5 -65 5 0 0 -5 0 0 0 0 0 0 0 0 0 0
18 0 -13 0 5 5 60 90 0 -45 0 0 -180 25 15 0 5 -65 5 0 0 -5 0 0 0 0 0 0 0 0 0 0
18 0 -13 0 5 5 60 90 0 -45 0 0 -180 25 50 0 5 -65 5 0 0 -5 0 0 0 0 0 0 0 0 0 0
18 0 -13 0 5 5 60 90 0 -45 0 0 -180 25 50 0 0 -35 5 0 0 -5 0 0 0 0 0 0 0 0 0 0
18 0 -13 0 5 5 60 90 0 -45 0 0 -180 25 50 0 0 -5 5 0 0 -5 0 0 0 0 0 0 0 0 0 0
18 0 -13 0 5 5 60 90 0 -45 0 0 -180 25 50 0 0 -50 5 0 0 -5 0 0 0 0 0 0 0 0 0 0
18 0 -13 0 5 5 60 90 0 -45 0 0 -180 25 50 0 0 -75 5 0 0 -5 0 0 0 0 0 0 0 0 0 0
18 0 -13 0 5 5 60 90 0 -45 0 0 -180 25 15 0 0 -75 5 0 0 -5 0 0 0 0 0 0 0 0 0 0
18 0 -13 0 5 5 60 90 0 -45 0 0 -180 25 -15 0 0 -75 5 0 0 -5 0 0 0 0 0 0 0 0 0 0
18 0 -13 0 5 5 60 90 0 -45 0 0 -180 25 -25 0 0 -75 5 0 0 -5 0 0 0 0 0 0 0 0 0 0
18 0 -13 0 5 5 60 90 0 -45 0 0 -180 25 25 0 0 -75 5 0 0 -5 0 0 0 0 0 0 0 0 0 0
18 0 -13 0 5 5 60 90 0 -45 0 0 -180 25 50 0 0 -75 5 0 0 -5 0 0 0 0 0 0 0 0 0 0
18 0 -13 0 5 5 60 90 0 -45 0 0 -180 25 50 0 0 -40 5 0 0 -5 0 0 0 0 0 0 0 0 0 0
18 0 -13 0 5 5 60 90 0 -45 0 0 -180 25 50 0 0 -5 5 0 0 -5 0 0 0 0 0 0 0 0 0 0
18 0 -13 0 5 5 60 90 0 -45 0 0 -180 25 50 0 0 -50 5 0 0 -5 0 0 0 0 0 0 0 0 0 0
18 0 -13 0 5 5 60 90 0 -45 0 0 -180 25 50 0 0 -75 5 0 0 -5 0 0 0 0 0 0 0 0 0 0
18 0 -13 0 5 5 60 90 0 -45 0 0 -180 25 15 0 0 -75 5 0 0 -5 0 0 0 0 0 0 0 0 0 0
18 0 -13 0 5 5 60 90 0 -45 0 0 -180 25 -15 0 0 -75 5 0 0 -5 0 0 0 0 0 0 0 0 0 0
18 0 -13 0 5 5 60 90 0 -45 0 0 -180 25 -25 0 0 -75 5 0 0 -5 0 0 0 0 0 0 0 0 0 0
18 0 -13 0 5 5 60 90 0 -45 0 0 -180 25 25 0 0 -75 5 0 0 -5 0 0 0 0 0 0 0 0 0 0
18 0 -13 0 5 5 60 90 0 -45 0 0 -180 25 50 0 0 -75 5 0 0 -5 0 0 0 0 0 0 0 0 0 0
18 0 -13 0 5 5 60 90 0 -45 0 0 -180 25 50 0 0 -40 5 0 0 -5 0 0 0 0 0 0 0 0 0 0
18 0 -13 0 5 5 60 90 0 -45 0 0 -180 25 50 0 0 -5 5 0 0 -5 0 0 0 0 0 0 0 0 0 0
18 0 -13 0 5 5 60 90 0 -45 0 0 -180 25 50 0 0 -50 5 0 0 -5 0 0 0 0 0 0 0 0 0 0
18 0 -13 0 5 5 60 90 0 -45 0 0 -180 25 50 0 0 -75 5 0 0 -5 0 0 0 0 0 0 0 0 0 0
18 0 -13 0 5 5 60 90 0 -45 0 0 -180 25 15 0 0 -75 5 0 0 -5 0 0 0 0 0 0 0 0 0 0
18 0 -13 0 5 5 60 90 0 -45 0 0 -180 25 -15 0 0 -75 5 0 0 -5 0 0 0 0 0 0 0 0 0 0
18 0 -13 0 5 5 60 90 0 -45 0 0 -180 25 -25 0 0 -75 5 0 0 -5 0 0 0 0 0 0 0 0 0 0
18 0 -13 0 5 5 60 90 0 -45 0 0 -180 25 25 0 0 -75 5 0 0 -5 0 0 0 0 0 0 0 0 0 0
18 0 -13 0 5 5 60 90 0 -45 0 0 -180 25 50 0 0 -75 5 0 0 -5 0 0 0 0 0 0 0 0 0 0
18 0 -13 0 5 5 60 90 0 -45 0 0 -180 25 50 0 0 -40 5 0 0 -5 0 0 0 0 0 0 0 0 0 0
18 0 -13 0 5 5 60 90 0 -45 0 0 -180 25 50 0 0 -5 5 0 0 -5 0 0 0 0 0 0 0 0 0 0
18 0 -13 0 5 5 60 90 0 -45 0 0 -180 25 50 0 0 -50 5 0 0 -5 0 0 0 0 0 0 0 0 0 0
18 0 -13 0 5 5 60 90 0 -45 0 0 -180 25 50 0 0 -75 5 0 0 -5 0 0 0 0 0 0 0 0 0 0
18 0 -13 0 5 5 60 90 0 -45 0 0 -180 25 15 0 0 -75 5 0 0 -5 0 0 0 0 0 0 0 0 0 0
18 0 -13 0 5 5 60 90 0 -45 0 0 -180 25 -15 0 0 -75 5 0 0 -5 0 0 0 0 0 0 0 0 0 0
18 0 -13 0 5 5 60 90 0 -45 0 0 -180 25 -25 0 0 -75 5 0 0 -5 0 0 0 0 0 0 0 0 0 0
18 0 -13 0 5 5 60 90 0 -45 0 0 -180 25 25 0 0 -75 5 0 0 -5 0 0 0 0 0 0 0 0 0 0
18 0 -13 0 5 5 60 90 0 -45 0 0 -180 25 50 0 0 -75 5 0 0 -5 0 0 0 0 0 0 0 0 0 0
18 0 -13 0 5 5 60 90 0 -45 0 0 -180 25 50 0 0 -40 5 0 0 -5 0 0 0 0 0 0 0 0 0 0
18 0 -13 0 5 5 60 90 0 -45 0 0 -180 25 50 0 0 -5 5 0 0 -5 0 0 0 0 0 0 0 0 0 0
18 0 -13 0 5 5 60 90 0 -45 0 0 -180 25 50 0 0 -50 5 0 0 -5 0 0 0 0 0 0 0 0 0 0
18 0 -13 0 5 5 60 90 0 -45 0 0 -180 25 50 0 0 -75 5 0 0 -5 0 0 0 0 0 0 0 0 0 0
18 0 -13 0 5 5 60 90 0 -45 0 0 -180 25 15 0 0 -75 5 0 0 -5 0 0 0 0 0 0 0 0 0 0
18 0 -13 0 5 5 60 90 0 -45 0 0 -180 25 -15 0 0 -75 5 0 0 -5 0 0 0 0 0 0 0 0 0 0
18 0 -13 0 5 5 60 90 0 -45 0 0 -180 25 -25 0 0 -75 5 0 0 -5 0 0 0 0 0 0 0 0 0 0
18 0 -13 0 5 5 60 90 0 -45 0 0 -180 25 25 0 0 -75 5 0 0 -5 0 0 0 0 0 0 0 0 0 0
18 0 -13 0 5 5 60 90 0 -45 0 0 -180 25 50 0 0 -75 5 0 0 -5 0 0 0 0 0 0 0 0 0 0
18 0 -13 0 5 5 60 90 0 -45 0 0 -180 25 50 0 0 -40 5 0 0 -5 0 0 0 0 0 0 0 0 0 0
18 0 -13 0 5 5 60 90 0 -45 0 0 -180 25 50 0 0 -5 5 0 0 -5 0 0 0 0 0 0 0 0 0 0
18 0 -13 0 5 5 60 90 0 -45 0 0 -180 25 50 0 0 -50 5 0 0 -5 0 0 0 0 0 0 0 0 0 0
18 0 -13 0 5 5 60 90 0 -45 0 0 -180 25 50 0 0 -75 5 0 0 -5 0 0 0 0 0 0 0 0 0 0
18 0 -13 0 5 5 60 90 0 -45 0 0 -180 25 15 0 0 -75 5 0 0 -5 0 0 0 0 0 0 0 0 0 0
18 0 -13 0 5 5 60 90 0 -45 0 0 -180 25 -15 0 0 -75 5 0 0 -5 0 0 0 0 0 0 0 0 0 0
18 0 -13 0 5 5 60 90 0 -45 0 0 -180 25 -25 0 0 -75 5 0 0 -5 0 0 0 0 0 0 0 0 0 0
18 0 -13 0 5 5 60 90 0 -45 0 0 -180 25 25 0 0 -75 5 0 0 -5 0 0 0 0 0 0 0 0 0 0
18 0 -13 0 5 5 60 90 0 -45 0 0 -180 25 50 0 0 -75 5 0 0 -5 0 0 0 0 0 0 0 0 0 0
18 0 -13 0 5 5 60 90 0 -45 0 0 -180 25 50 0 0 -40 5 0 0 -5 0 0 0 0 0 0 0 0 0 0
18 0 -13 0 5 5 60 90 0 -45 0 0 -180 25 50 0 0 -5 5 0 0 -5 0 0 0 0 0 0 0 0 0 0
18 0 -13 0 5 5 95 90 0 -45 0 0 -180 25 50 0 0 -5 5 0 0 -5 0 0 0 0 0 0 0 0 0 0
18 0 -13 0 5 5 70 115 80 -45 0 0 -180 25 50 0 0 -5 5 0 0 -5 0 0 0 0 0 0 0 0 0 0
18 0 -13 0 5 5 95 130 80 -85 0 0 -180 25 50 0 0 -5 5 0 0 -5 0 0 0 0 0 0 0 0 0 0
18 0 -13 0 5 5 95 135 80 -100 0 0 -180 25 50 0 0 -5 5 0 0 -5 0 0 0 0 0 0 0 0 0 0
18 0 -13 0 5 5 95 135 50 -100 0 0 -180 25 50 0 0 -5 5 0 0 -5 0 0 0 0 0 0 0 0 0 0
18 0 -13 0 5 5 95 135 20 -100 0 0 -180 25 50 0 0 -5 5 0 0 -5 0 0 0 0 0 0 0 0 0 0
18 0 -13 0 5 5 95 135 5 -100 0 0 -180 25 50 0 0 -5 5 0 0 -5 0 0 0 0 0 0 0 0 0 0
18 0 -13 0 5 5 95 135 35 -100 0 0 -180 25 50 0 0 -5 5 0 0 -5 0 0 0 0 0 0 0 0 0 0
18 0 -13 0 5 5 95 135 65 -100 0 0 -180 25 50 0 0 -5 5 0 0 -5 0 0 0 0 0 0 0 0 0 0
18 0 -13 0 5 5 95 135 85 -100 0 0 -180 25 50 0 0 -5 5 0 0 -5 0 0 0 0 0 0 0 0 0 0
18 0 -13 0 5 5 95 135 50 -100 0 0 -180 25 50 0 0 -5 5 0 0 -5 0 0 0 0 0 0 0 0 0 0
18 0 -13 0 5 5 95 135 20 -100 0 0 -180 25 50 0 0 -5 5 0 0 -5 0 0 0 0 0 0 0 0 0 0
18 0 -13 0 5 5 95 135 5 -100 0 0 -180 25 50 0 0 -5 5 0 0 -5 0 0 0 0 0 0 0 0 0 0
18 0 -13 0 5 5 95 135 35 -100 0 0 -180 25 50 0 0 -5 5 0 0 -5 0 0 0 0 0 0 0 0 0 0
18 0 -13 0 5 5 95 135 65 -100 0 0 -180 25 50 0 0 -5 5 0 0 -5 0 0 0 0 0 0 0 0 0 0
18 0 -13 0 5 5 95 135 85 -100 0 0 -180 25 50 0 0 -5 5 0 0 -5 0 0 0 0 0 0 0 0 0 0
18 0 -13 0 5 5 95 135 50 -100 0 0 -180 25 50 0 0 -5 5 0 0 -5 0 0 0 0 0 0 0 0 0 0
18 0 -13 0 5 5 95 135 20 -100 0 0 -180 25 50 0 0 -5 5 0 0 -5 0 0 0 0 0 0 0 0 0 0
18 0 -13 0 5 5 95 135 5 -100 0 0 -180 25 50 0 0 -5 5 0 0 -5 0 0 0 0 0 0 0 0 0 0
18 0 -13 0 5 5 95 135 35 -100 0 0 -180 25 50 0 0 -5 5 0 0 -5 0 0 0 0 0 0 0 0 0 0
18 0 -13 0 5 5 95 135 65 -100 0 0 -180 25 50 0 0 -5 5 0 0 -5 0 0 0 0 0 0 0 0 0 0
18 0 -13 0 5 5 95 135 85 -100 0 0 -180 25 50 0 0 -5 5 0 0 -5 0 0 0 0 0 0 0 0 0 0
18 0 -13 0 5 5 95 135 50 -100 0 0 -180 25 50 0 0 -5 5 0 0 -5 0 0 0 0 0 0 0 0 0 0
18 0 -13 0 5 5 95 135 20 -100 0 0 -180 25 50 0 0 -5 5 0 0 -5 0 0 0 0 0 0 0 0 0 0
18 0 -13 0 5 5 95 135 5 -100 0 0 -180 25 50 0 0 -5 5 0 0 -5 0 0 0 0 0 0 0 0 0 0
18 0 -13 0 5 5 95 135 35 -100 0 0 -180 25 50 0 0 -5 5 0 0 -5 0 0 0 0 0 0 0 0 0 0
18 0 -13 0 5 5 95 135 65 -100 0 0 -180 25 50 0 0 -5 5 0 0 -5 0 0 0 0 0 0 0 0 0 0
18 0 -13 0 5 5 95 135 85 -100 0 0 -180 25 50 0 0 -5 5 0 0 -5 0 0 0 0 0 0 0 0 0 0
18 0 -13 0 5 5 95 135 50 -100 0 0 -180 25 50 0 0 -5 5 0 0 -5 0 0 0 0 0 0 0 0 0 0
18 0 -13 0 5 5 95 135 20 -100 0 0 -180 25 50 0 0 -5 5 0 0 -5 0 0 0 0 0 0 0 0 0 0
18 0 -13 0 5 5 95 135 5 -100 0 0 -180 25 50 0 0 -5 5 0 0 -5 0 0 0 0 0 0 0 0 0 0
18 0 -13 0 5 5 95 135 35 -100 0 0 -180 25 50 0 0 -5 5 0 0 -5 0 0 0 0 0 0 0 0 0 0
18 0 -13 0 5 5 95 135 65 -100 0 0 -180 25 50 0 0 -5 5 0 0 -5 0 0 0 0 0 0 0 0 0 0
18 0 -13 0 5 5 95 135 85 -100 0 0 -180 25 50 0 0 -5 5 0 0 -5 0 0 0 0 0 0 0 0 0 0
18 0 -13 0 5 5 95 135 50 -100 0 0 -180 25 50 0 0 -5 5 0 0 -5 0 0 0 0 0 0 0 0 0 0
18 0 -13 0 5 5 95 135 20 -100 0 0 -180 25 50 0 0 -5 5 0 0 -5 0 0 0 0 0 0 0 0 0 0
18 0 -13 0 5 5 95 135 5 -100 0 0 -180 25 50 0 0 -5 5 0 0 -5 0 0 0 0 0 0 0 0 0 0
18 0 -13 0 5 5 95 135 35 -100 0 0 -180 25 50 0 0 -5 5 0 0 -5 0 0 0 0 0 0 0 0 0 0
18 0 -13 0 5 5 95 135 65 -100 0 0 -180 25 50 0 0 -5 5 0 0 -5 0 0 0 0 0 0 0 0 0 0
18 0 -13 0 5 5 95 135 85 -100 0 0 -180 25 50 0 0 -5 5 0 0 -5 0 0 0 0 0 0 0 0 0 0
18 0 -13 0 5 5 95 135 50 -100 0 0 -180 25 50 0 0 -5 5 0 0 -5 0 0 0 0 0 0 0 0 0 0
18 0 -13 0 5 5 95 135 20 -100 0 0 -180 25 50 0 0 -5 5 0 0 -5 0 0 0 0 0 0 0 0 0 0
18 0 -13 0 5 5 95 135 5 -100 0 0 -180 25 50 0 0 -5 5 0 0 -5 0 0 0 0 0 0 0 0 0 0
18 0 -13 0 5 5 95 135 35 -100 0 0 -180 25 50 0 0 -5 5 0 0 -5 0 0 0 0 0 0 0 0 0 0
18 0 -13 0 5 5 95 135 65 -100 0 0 -180 25 50 0 0 -5 5 0 0 -5 0 0 0 0 0 0 0 0 0 0
18 0 -13 0 5 5 95 135 85 -100 0 0 -180 25 50 0 0 -5 5 0 0 -5 0 0 0 0 0 0 0 0 0 0
18 0 -13 0 5 5 95 135 50 -100 0 0 -180 25 50 0 0 -5 5 0 0 -5 0 0 0 0 0 0 0 0 0 0
18 0 -13 0 5 5 95 135 20 -100 0 0 -180 25 50 0 0 -5 5 0 0 -5 0 0 0 0 0 0 0 0 0 0
18 0 -13 0 5 5 95 135 5 -100 0 0 -180 25 50 0 0 -5 5 0 0 -5 0 0 0 0 0 0 0 0 0 0
18 0 -13 0 5 5 95 135 35 -100 0 0 -180 25 50 0 0 -5 5 0 0 -5 0 0 0 0 0 0 0 0 0 0
18 0 -13 0 5 5 95 135 65 -100 0 0 -180 25 50 0 0 -5 5 0 0 -5 0 0 0 0 0 0 0 0 0 0
18 0 -13 0 5 5 95 135 85 -100 0 0 -180 25 50 0 0 -5 5 0 0 -5 0 0 0 0 0 0 0 0 0 0
18 0 -13 0 5 5 95 135 50 -100 0 0 -180 25 50 0 0 -5 5 0 0 -5 0 0 0 0 0 0 0 0 0 0
18 0 -13 0 5 5 95 135 20 -100 0 0 -180 25 50 0 0 -5 5 0 0 -5 0 0 0 0 0 0 0 0 0 0
18 0 -13 0 5 5 95 135 5 -100 0 0 -180 25 50 0 0 -5 5 0 0 -5 0 0 0 0 0 0 0 0 0 0
18 0 -13 0 5 5 95 135 35 -100 0 0 -180 25 50 0 0 -5 5 0 0 -5 0 0 0 0 0 0 0 0 0 0
18 0 -13 0 5 5 95 135 65 -100 0 0 -180 25 50 0 0 -5 5 0 0 -5 0 0 0 0 0 0 0 0 0 0
18 0 -13 0 5 5 95 135 85 -100 0 0 -180 25 50 0 0 -5 5 0 0 -5 0 0 0 0 0 0 0 0 0 0
18 0 -13 0 5 5 95 135 15 -100 0 0 -175 -5 65 0 0 -50 5 0 0 -5 0 0 0 0 0 0 0 0 0 0
18 0 -13 0 5 5 80 160 15 -100 0 0 -175 -40 95 0 0 -75 5 0 0 -5 0 0 0 0 0 0 0 0 0 0
18 0 -13 0 5 5 60 180 0 -100 0 0 -205 -70 95 0 5 -90 5 0 0 -5 0 0 0 0 0 0 0 0 0 0
18 0 -13 0 5 5 25 180 0 -100 0 0 -205 -90 95 0 5 -60 5 0 0 -5 0 0 0 0 0 0 0 0 0 0
18 0 -13 0 5 5 5 180 0 -85 5 0 -245 -90 95 0 5 -85 5 0 0 -5 0 0 0 0 0 0 0 0 0 0
18 0 -13 0 5 5 -5 180 0 -95 5 0 -270 -90 95 0 5 -95 5 0 0 -5 0 0 0 0 0 0 0 0 0 0
18 0 -13 0 5 5 -5 180 0 -95 5 0 -230 -90 95 0 5 -95 50 0 0 -50 0 0 0 0 0 0 0 0 0 0
18 0 -13 0 5 5 -5 180 0 -95 5 0 -200 -90 95 0 5 -95 80 0 0 -80 0 0 0 0 0 0 0 0 0 0
18 0 -13 0 5 5 -5 180 0 -95 5 0 -155 -90 95 0 5 -95 95 0 0 -105 0 0 0 0 0 0 0 0 0 0
18 0 -13 0 5 5 -5 180 0 -95 5 0 -225 -90 95 0 5 -95 55 0 0 -60 0 0 0 0 0 0 0 0 0 0
18 0 -13 0 5 5 -5 180 0 -95 5 0 -265 -90 95 0 5 -95 5 0 0 -5 0 0 0 0 0 0 0 0 0 0
18 0 -13 0 5 5 40 180 0 -95 5 0 -265 -90 95 0 5 -95 5 0 0 -5 0 0 50 0 0 -45 0 0 0 0
18 0 -13 0 5 5 70 180 0 -95 5 0 -265 -90 95 0 5 -95 5 0 0 -5 0 0 85 0 0 -75 0 0 0 0
18 0 -13 0 5 5 95 180 0 -95 5 0 -265 -90 95 0 5 -95 5 0 0 -5 0 0 105 0 0 -105 0 0 0 0
18 0 -13 0 5 5 45 180 0 -95 5 0 -265 -90 95 0 5 -95 5 0 0 -5 0 0 50 0 0 -60 0 0 0 0
18 0 -13 0 5 5 -5 180 0 -95 5 0 -265 -90 95 0 5 -95 5 0 0 -5 0 0 5 0 0 -5 0 0 0 0
18 0 -13 0 5 5 -5 180 0 -95 5 0 -230 -90 95 0 5 -95 50 0 0 -50 0 0 0 0 0 0 0 0 0 0
18 0 -13 0 5 5 -5 180 0 -95 5 0 -200 -90 95 0 5 -95 80 0 0 -80 0 0 0 0 0 0 0 0 0 0
18 0 -13 0 5 5 -5 180 0 -95 5 0 -155 -90 95 0 5 -95 95 0 0 -105 0 0 0 0 0 0 0 0 0 0
18 0 -13 0 5 5 -5 180 0 -95 5 0 -225 -90 95 0 5 -95 55 0 0 -60 0 0 0 0 0 0 0 0 0 0
18 0 -13 0 5 5 -5 180 0 -95 5 0 -265 -90 95 0 5 -95 5 0 0 -5 0 0 0 0 0 0 0 0 0 0
18 0 -13 0 5 5 40 180 0 -95 5 0 -265 -90 95 0 5 -95 5 0 0 -5 0 0 50 0 0 -45 0 0 0 0
18 0 -13 0 5 5 70 180 0 -95 5 0 -265 -90 95 0 5 -95 5 0 0 -5 0 0 85 0 0 -75 0 0 0 0
18 0 -13 0 5 5 95 180 0 -95 5 0 -265 -90 95 0 5 -95 5 0 0 -5 0 0 105 0 0 -105 0 0 0 0
18 0 -13 0 5 5 45 180 0 -95 5 0 -265 -90 95 0 5 -95 5 0 0 -5 0 0 50 0 0 -60 0 0 0 0
18 0 -13 0 5 5 -5 180 0 -95 5 0 -265 -90 95 0 5 -95 5 0 0 -5 0 0 5 0 0 -5 0 0 0 0
18 0 -13 0 5 5 -5 180 0 -95 5 0 -230 -90 95 0 5 -95 50 0 0 -50 0 0 0 0 0 0 0 0 0 0
18 0 -13 0 5 5 -5 180 0 -95 5 0 -200 -90 95 0 5 -95 80 0 0 -80 0 0 0 0 0 0 0 0 0 0
18 0 -13 0 5 5 -5 180 0 -95 5 0 -155 -90 95 0 5 -95 95 0 0 -105 0 0 0 0 0 0 0 0 0 0
18 0 -13 0 5 5 -5 180 0 -95 5 0 -225 -90 95 0 5 -95 55 0 0 -60 0 0 0 0 0 0 0 0 0 0
18 0 -13 0 5 5 -5 180 0 -95 5 0 -265 -90 95 0 5 -95 5 0 0 -5 0 0 0 0 0 0 0 0 0 0
18 0 -13 0 5 5 40 180 0 -95 5 0 -265 -90 95 0 5 -95 5 0 0 -5 0 0 50 0 0 -45 0 0 0 0
18 0 -13 0 5 5 70 180 0 -95 5 0 -265 -90 95 0 5 -95 5 0 0 -5 0 0 85 0 0 -75 0 0 0 0
18 0 -13 0 5 5 95 180 0 -95 5 0 -265 -90 95 0 5 -95 5 0 0 -5 0 0 105 0 0 -105 0 0 0 0
18 0 -13 0 5 5 45 180 0 -95 5 0 -265 -90 95 0 5 -95 5 0 0 -5 0 0 50 0 0 -60 0 0 0 0
18 0 -13 0 5 5 -5 180 0 -95 5 0 -265 -90 95 0 5 -95 5 0 0 -5 0 0 5 0 0 -5 0 0 0 0
18 0 -13 0 5 5 -5 180 0 -95 5 0 -230 -90 95 0 5 -95 50 0 0 -50 0 0 0 0 0 0 0 0 0 0
18 0 -13 0 5 5 -5 180 0 -95 5 0 -200 -90 95 0 5 -95 80 0 0 -80 0 0 0 0 0 0 0 0 0 0
18 0 -13 0 5 5 -5 180 0 -95 5 0 -155 -90 95 0 5 -95 95 0 0 -105 0 0 0 0 0 0 0 0 0 0
18 0 -13 0 5 5 -5 180 0 -95 5 0 -225 -90 95 0 5 -95 55 0 0 -60 0 0 0 0 0 0 0 0 0 0
18 0 -13 0 5 5 -5 180 0 -95 5 0 -265 -90 95 0 5 -95 5 0 0 -5 0 0 0 0 0 0 0 0 0 0
18 0 -13 0 5 5 40 180 0 -95 5 0 -265 -90 95 0 5 -95 5 0 0 -5 0 0 50 0 0 -45 0 0 0 0
18 0 -13 0 5 5 70 180 0 -95 5 0 -265 -90 95 0 5 -95 5 0 0 -5 0 0 85 0 0 -75 0 0 0 0
18 0 -13 0 5 5 95 180 0 -95 5 0 -265 -90 95 0 5 -95 5 0 0 -5 0 0 105 0 0 -105 0 0 0 0
18 0 -13 0 5 5 45 180 0 -95 5 0 -265 -90 95 0 5 -95 5 0 0 -5 0 0 50 0 0 -60 0 0 0 0
18 0 -13 0 5 5 -5 180 0 -95 5 0 -265 -90 95 0 5 -95 5 0 0 -5 0 0 5 0 0 -5 0 0 0 0
18 0 -13 0 5 5 -5 180 0 -95 5 0 -230 -90 95 0 5 -95 50 0 0 -50 0 0 0 0 0 0 0 0 0 0
18 0 -13 0 5 5 -5 180 0 -95 5 0 -200 -90 95 0 5 -95 80 0 0 -80 0 0 0 0 0 0 0 0 0 0
18 0 -13 0 5 5 -5 180 0 -95 5 0 -155 -90 95 0 5 -95 95 0 0 -105 0 0 0 0 0 0 0 0 0 0
18 0 -13 0 5 5 -5 180 0 -95 5 0 -225 -90 95 0 5 -95 55 0 0 -60 0 0 0 0 0 0 0 0 0 0
18 0 -13 0 5 5 -5 180 0 -95 5 0 -265 -90 95 0 5 -95 5 0 0 -5 0 0 0 0 0 0 0 0 0 0
18 0 -13 0 5 5 40 180 0 -95 5 0 -265 -90 95 0 5 -95 5 0 0 -5 0 0 50 0 0 -45 0 0 0 0
18 0 -13 0 5 5 70 180 0 -95 5 0 -265 -90 95 0 5 -95 5 0 0 -5 0 0 85 0 0 -75 0 0 0 0
18 0 -13 0 5 5 95 180 0 -95 5 0 -265 -90 95 0 5 -95 5 0 0 -5 0 0 105 0 0 -105 0 0 0 0
18 0 -13 0 5 5 45 180 0 -95 5 0 -265 -90 95 0 5 -95 5 0 0 -5 0 0 50 0 0 -60 0 0 0 0
18 0 -13 0 5 5 -5 180 0 -95 5 0 -265 -90 95 0 5 -95 5 0 0 -5 0 0 5 0 0 -5 0 0 0 0
18 0 -13 0 5 5 -5 180 0 -95 5 0 -230 -90 95 0 5 -95 50 0 0 -50 0 0 0 0 0 0 0 0 0 0
18 0 -13 0 5 5 -5 180 0 -95 5 0 -200 -90 95 0 5 -95 80 0 0 -80 0 0 0 0 0 0 0 0 0 0
18 0 -13 0 5 5 -5 180 0 -95 5 0 -155 -90 95 0 5 -95 95 0 0 -105 0 0 0 0 0 0 0 0 0 0
18 0 -13 0 5 5 -5 180 0 -95 5 0 -225 -90 95 0 5 -95 55 0 0 -60 0 0 0 0 0 0 0 0 0 0
18 0 -13 0 5 5 -5 180 0 -95 5 0 -265 -90 95 0 5 -95 5 0 0 -5 0 0 0 0 0 0 0 0 0 0
18 0 -13 0 5 5 40 180 0 -95 5 0 -265 -90 95 0 5 -95 5 0 0 -5 0 0 50 0 0 -45 0 0 0 0
18 0 -13 0 5 5 70 180 0 -95 5 0 -265 -90 95 0 5 -95 5 0 0 -5 0 0 85 0 0 -75 0 0 0 0
18 0 -13 0 5 5 95 180 0 -95 5 0 -265 -90 95 0 5 -95 5 0 0 -5 0 0 105 0 0 -105 0 0 0 0
18 0 -13 0 5 5 45 180 0 -95 5 0 -265 -90 95 0 5 -95 5 0 0 -5 0 0 50 0 0 -60 0 0 0 0
18 0 -13 0 5 5 -5 180 0 -95 5 0 -265 -90 95 0 5 -95 5 0 0 -5 0 0 5 0 0 -5 0 0 0 0
18 0 -13 0 5 5 -5 180 0 -95 5 0 -230 -90 95 0 5 -95 50 0 0 -50 0 0 0 0 0 0 0 0 0 0
18 0 -13 0 5 5 -5 180 0 -95 5 0 -200 -90 95 0 5 -95 80 0 0 -80 0 0 0 0 0 0 0 0 0 0
18 0 -13 0 5 5 -5 180 0 -95 5 0 -155 -90 95 0 5 -95 95 0 0 -105 0 0 0 0 0 0 0 0 0 0
18 0 -13 0 5 5 -5 180 0 -95 5 0 -225 -90 95 0 5 -95 55 0 0 -60 0 0 0 0 0 0 0 0 0 0
18 0 -13 0 5 5 -5 180 0 -95 5 0 -265 -90 95 0 5 -95 5 0 0 -5 0 0 0 0 0 0 0 0 0 0
18 0 -13 0 5 5 40 180 0 -95 5 0 -265 -90 95 0 5 -95 5 0 0 -5 0 0 50 0 0 -45 0 0 0 0
18 0 -13 0 5 5 70 180 0 -95 5 0 -265 -90 95 0 5 -95 5 0 0 -5 0 0 85 0 0 -75 0 0 0 0
18 0 -13 0 5 5 95 180 0 -95 5 0 -265 -90 95 0 5 -95 5 0 0 -5 0 0 105 0 0 -105 0 0 0 0
18 0 -13 0 5 5 45 180 0 -95 5 0 -265 -90 95 0 5 -95 5 0 0 -5 0 0 50 0 0 -60 0 0 0 0
18 0 -13 0 5 5 -5 180 0 -95 5 0 -265 -90 95 0 5 -95 5 0 0 -5 0 0 5 0 0 -5 0 0 0 0
18 0 -13 0 5 5 -5 180 0 -95 5 0 -230 -90 95 0 5 -95 50 0 0 -50 0 0 0 0 0 0 0 0 0 0
18 0 -13 0 5 5 -5 180 0 -95 5 0 -200 -90 95 0 5 -95 80 0 0 -80 0 0 0 0 0 0 0 0 0 0
18 0 -13 0 5 5 -5 180 0 -95 5 0 -155 -90 95 0 5 -95 95 0 0 -105 0 0 0 0 0 0 0 0 0 0
18 0 -13 0 5 5 -5 180 0 -95 5 0 -225 -90 95 0 5 -95 55 0 0 -60 0 0 0 0 0 0 0 0 0 0
18 0 -13 0 5 5 -5 180 0 -95 5 0 -265 -90 95 0 5 -95 5 0 0 -5 0 0 0 0 0 0 0 0 0 0
18 0 -13 0 5 5 40 180 0 -95 5 0 -265 -90 95 0 5 -95 5 0 0 -5 0 0 50 0 0 -45 0 0 0 0
18 0 -13 0 5 5 70 180 0 -95 5 0 -265 -90 95 0 5 -95 5 0 0 -5 0 0 85 0 0 -75 0 0 0 0
18 0 -13 0 5 5 95 180 0 -95 5 0 -265 -90 95 0 5 -95 5 0 0 -5 0 0 105 0 0 -105 0 0 0 0
18 0 -13 0 5 5 45 180 0 -95 5 0 -265 -90 95 0 5 -95 5 0 0 -5 0 0 50 0 0 -60 0 0 0 0
18 0 -13 0 5 5 -5 180 0 -95 5 0 -265 -90 95 0 5 -95 5 0 0 -5 0 0 5 0 0 -5 0 0 0 0
18 0 -13 0 5 5 -5 180 0 -95 5 0 -230 -90 95 0 5 -95 50 0 0 -50 0 0 0 0 0 0 0 0 0 0
18 0 -13 0 5 5 -5 180 0 -95 5 0 -200 -90 95 0 5 -95 80 0 0 -80 0 0 0 0 0 0 0 0 0 0
18 0 -13 0 5 5 -5 180 0 -95 5 0 -155 -90 95 0 5 -95 95 0 0 -105 0 0 0 0 0 0 0 0 0 0
18 0 -13 0 5 5 -5 180 0 -95 5 0 -225 -90 95 0 5 -95 55 0 0 -60 0 0 0 0 0 0 0 0 0 0
18 0 -13 0 5 5 -5 180 0 -95 5 0 -265 -90 95 0 5 -95 5 0 0 -5 0 0 0 0 0 0 0 0 0 0
18 0 -13 0 5 5 40 180 0 -95 5 0 -265 -90 95 0 5 -95 5 0 0 -5 0 0 50 0 0 -45 0 0 0 0
18 0 -13 0 5 5 70 180 0 -95 5 0 -265 -90 95 0 5 -95 5 0 0 -5 0 0 85 0 0 -75 0 0 0 0
18 0 -13 0 5 5 95 180 0 -95 5 0 -265 -90 95 0 5 -95 5 0 0 -5 0 0 105 0 0 -105 0 0 0 0
18 0 -13 0 5 5 45 180 0 -95 5 0 -265 -90 95 0 5 -95 5 0 0 -5 0 0 50 0 0 -60 0 0 0 0
18 0 -13 0 5 5 -5 180 0 -95 5 0 -265 -90 95 0 5 -95 5 0 0 -5 0 0 5 0 0 -5 0 0 0 0
18 0 -13 0 5 5 -5 180 0 -95 5 0 -230 -90 95 0 5 -95 50 0 0 -50 0 0 0 0 0 0 0 0 0 0
18 0 -13 0 5 5 -5 180 0 -95 5 0 -200 -90 95 0 5 -95 80 0 0 -80 0 0 0 0 0 0 0 0 0 0
18 0 -13 0 5 5 -5 180 0 -95 5 0 -155 -90 95 0 5 -95 95 0 0 -105 0 0 0 0 0 0 0 0 0 0
18 0 -13 0 5 5 -5 180 0 -95 5 0 -225 -90 95 0 5 -95 55 0 0 -60 0 0 0 0 0 0 0 0 0 0
18 0 -13 0 5 5 -5 180 0 -95 5 0 -265 -90 95 0 5 -95 5 0 0 -5 0 0 0 0 0 0 0 0 0 0
18 0 -13 0 5 5 40 180 0 -95 5 0 -265 -90 95 0 5 -95 5 0 0 -5 0 0 50 0 0 -45 0 0 0 0
18 0 -13 0 5 5 70 180 0 -95 5 0 -265 -90 95 0 5 -95 5 0 0 -5 0 0 85 0 0 -75 0 0 0 0
18 0 -13 0 5 5 95 180 0 -95 5 0 -265 -90 95 0 5 -95 5 0 0 -5 0 0 105 0 0 -105 0 0 0 0
18 0 -13 0 5 5 45 180 0 -95 5 0 -265 -90 95 0 5 -95 5 0 0 -5 0 0 50 0 0 -60 0 0 0 0
18 0 -13 0 5 5 -5 180 0 -95 5 0 -265 -90 95 0 5 -95 5 0 0 -5 0 0 5 0 0 -5 0 0 0 0
18 0 -13 0 5 5 -5 180 0 -95 5 0 -230 -90 95 0 5 -95 50 0 0 -50 0 0 0 0 0 0 0 0 0 0
18 0 -13 0 5 5 -5 180 0 -95 5 0 -200 -90 95 0 5 -95 80 0 0 -80 0 0 0 0 0 0 0 0 0 0
18 0 -13 0 5 5 -5 180 0 -95 5 0 -155 -90 95 0 5 -95 95 0 0 -105 0 0 0 0 0 0 0 0 0 0
18 0 -13 0 5 5 -5 180 0 -95 5 0 -225 -90 95 0 5 -95 55 0 0 -60 0 0 0 0 0 0 0 0 0 0
18 0 -13 0 5 5 -5 180 0 -95 5 0 -265 -90 95 0 5 -95 5 0 0 -5 0 0 0 0 0 0 0 0 0 0
18 0 -13 0 5 5 40 180 0 -95 5 0 -265 -90 95 0 5 -95 5 0 0 -5 0 0 50 0 0 -45 0 0 0 0
18 0 -13 0 5 5 70 180 0 -95 5 0 -265 -90 95 0 5 -95 5 0 0 -5 0 0 85 0 0 -75 0 0 0 0
18 0 -13 0 5 5 95 180 0 -95 5 0 -265 -90 95 0 5 -95 5 0 0 -5 0 0 105 0 0 -105 0 0 0 0
18 0 -13 0 5 5 45 180 0 -95 5 0 -265 -90 95 0 5 -95 5 0 0 -5 0 0 50 0 0 -60 0 0 0 0
18 0 -13 0 5 5 -5 180 0 -95 5 0 -265 -90 95 0 5 -95 5 0 0 -5 0 0 5 0 0 -5 0 0 0 0
18 0 -13 0 5 5 -5 180 0 -95 5 0 -230 -90 95 0 5 -95 50 0 0 -50 0 0 0 0 0 0 0 0 0 0
18 0 -13 0 5 5 -5 180 0 -95 5 0 -200 -90 95 0 5 -95 80 0 0 -80 0 0 0 0 0 0 0 0 0 0
18 0 -13 0 5 5 -5 180 0 -95 5 0 -155 -90 95 0 5 -95 95 0 0 -105 0 0 0 0 0 0 0 0 0 0
18 0 -13 0 5 5 -5 180 0 -95 5 0 -225 -90 95 0 5 -95 55 0 0 -60 0 0 0 0 0 0 0 0 0 0
18 0 -13 0 5 5 -5 180 0 -95 5 0 -265 -90 95 0 5 -95 5 0 0 -5 0 0 0 0 0 0 0 0 0 0
18 0 -13 0 5 5 40 180 0 -95 5 0 -265 -90 95 0 5 -95 5 0 0 -5 0 0 50 0 0 -45 0 0 0 0
18 0 -13 0 5 5 70 180 0 -95 5 0 -265 -90 95 0 5 -95 5 0 0 -5 0 0 85 0 0 -75 0 0 0 0
18 0 -13 0 5 5 95 180 0 -95 5 0 -265 -90 95 0 5 -95 5 0 0 -5 0 0 105 0 0 -105 0 0 0 0
18 0 -13 0 5 5 45 180 0 -95 5 0 -265 -90 95 0 5 -95 5 0 0 -5 0 0 50 0 0 -60 0 0 0 0
18 0 -13 0 5 5 -5 180 0 -95 5 0 -265 -90 95 0 5 -95 5 0 0 -5 0 0 5 0 0 -5 0 0 0 0
18 0 -13 0 5 5 -5 180 0 -95 5 0 -230 -90 95 0 5 -95 50 0 0 -50 0 0 0 0 0 0 0 0 0 0
18 0 -13 0 5 5 -5 180 0 -95 5 0 -200 -90 95 0 5 -95 80 0 0 -80 0 0 0 0 0 0 0 0 0 0
18 0 -13 0 5 5 -5 180 0 -95 5 0 -155 -90 95 0 5 -95 95 0 0 -105 0 0 0 0 0 0 0 0 0 0
18 0 -13 0 5 5 -5 180 0 -95 5 0 -225 -90 95 0 5 -95 55 0 0 -60 0 0 0 0 0 0 0 0 0 0
18 0 -13 0 5 5 -5 180 0 -95 5 0 -265 -90 95 0 5 -95 5 0 0 -5 0 0 0 0 0 0 0 0 0 0
18 0 -13 0 5 5 40 180 0 -95 5 0 -265 -90 95 0 5 -95 5 0 0 -5 0 0 50 0 0 -45 0 0 0 0
18 0 -13 0 5 5 70 180 0 -95 5 0 -265 -90 95 0 5 -95 5 0 0 -5 0 0 85 0 0 -75 0 0 0 0
18 0 -13 0 5 5 95 180 0 -95 5 0 -265 -90 95 0 5 -95 5 0 0 -5 0 0 105 0 0 -105 0 0 0 0
18 0 -13 0 5 5 45 180 0 -95 5 0 -265 -90 95 0 5 -95 5 0 0 -5 0 0 50 0 0 -60 0 0 0 0
18 0 -13 0 5 5 -5 180 0 -95 5 0 -265 -90 95 0 5 -95 5 0 0 -5 0 0 5 0 0 -5 0 0 0 0
18 0 -13 0 5 5 45 180 0 -95 5 0 -220 -90 95 0 5 -95 5 0 0 -5 0 0 5 0 0 -5 0 0 0 0
18 0 -13 0 5 5 45 180 0 -130 5 0 -220 -90 95 0 5 -125 5 0 0 -5 0 0 5 0 0 -5 0 0 0 0
18 0 -13 0 5 5 45 180 0 -130 5 0 -185 -90 95 0 5 -20 5 0 0 -5 0 0 5 0 0 -5 0 0 0 0
18 0 -13 0 5 5 45 180 0 -130 5 0 -235 -90 95 0 5 -145 5 0 0 -5 0 0 5 0 0 -5 0 0 0 0
18 0 -13 0 5 5 90 180 0 -20 5 0 -235 -90 95 0 5 -145 5 0 0 -5 0 0 5 0 0 -5 0 0 0 0
18 0 -13 0 5 5 25 180 0 -160 5 0 -235 -90 95 0 5 -145 5 0 0 -5 0 0 5 0 0 -5 0 0 0 0
18 0 -13 0 5 5 45 180 0 -130 5 0 -185 -90 95 0 5 -20 5 0 0 -5 0 0 5 0 0 -5 0 0 0 0
18 0 -13 0 5 5 45 180 0 -130 5 0 -235 -90 95 0 5 -145 5 0 0 -5 0 0 5 0 0 -5 0 0 0 0
18 0 -13 0 5 5 90 180 0 -20 5 0 -235 -90 95 0 5 -145 5 0 0 -5 0 0 5 0 0 -5 0 0 0 0
18 0 -13 0 5 5 25 180 0 -160 5 0 -235 -90 95 0 5 -145 5 0 0 -5 0 0 5 0 0 -5 0 0 0 0
18 0 -13 0 5 5 45 180 0 -130 5 0 -185 -90 95 0 5 -20 5 0 0 -5 0 0 5 0 0 -5 0 0 0 0
18 0 -13 0 5 5 45 180 0 -130 5 0 -235 -90 95 0 5 -145 5 0 0 -5 0 0 5 0 0 -5 0 0 0 0
18 0 -13 0 5 5 90 180 0 -20 5 0 -235 -90 95 0 5 -145 5 0 0 -5 0 0 5 0 0 -5 0 0 0 0
18 0 -13 0 5 5 25 180 0 -160 5 0 -235 -90 95 0 5 -145 5 0 0 -5 0 0 5 0 0 -5 0 0 0 0
18 0 -13 0 5 5 45 180 0 -130 5 0 -185 -90 95 0 5 -20 5 0 0 -5 0 0 5 0 0 -5 0 0 0 0
18 0 -13 0 5 5 45 180 0 -130 5 0 -235 -90 95 0 5 -145 5 0 0 -5 0 0 5 0 0 -5 0 0 0 0
18 0 -13 0 5 5 90 180 0 -20 5 0 -235 -90 95 0 5 -145 5 0 0 -5 0 0 5 0 0 -5 0 0 0 0
18 0 -13 0 5 5 25 180 0 -160 5 0 -235 -90 95 0 5 -145 5 0 0 -5 0 0 5 0 0 -5 0 0 0 0
18 0 -13 0 5 5 45 180 0 -130 5 0 -185 -90 95 0 5 -20 5 0 0 -5 0 0 5 0 0 -5 0 0 0 0
18 0 -13 0 5 5 45 180 0 -130 5 0 -235 -90 95 0 5 -145 5 0 0 -5 0 0 5 0 0 -5 0 0 0 0
18 0 -13 0 5 5 90 180 0 -20 5 0 -235 -90 95 0 5 -145 5 0 0 -5 0 0 5 0 0 -5 0 0 0 0
18 0 -13 0 5 5 25 180 0 -160 5 0 -235 -90 95 0 5 -145 5 0 0 -5 0 0 5 0 0 -5 0 0 0 0
18 0 -13 0 5 5 45 180 0 -130 5 0 -185 -90 95 0 5 -20 5 0 0 -5 0 0 5 0 0 -5 0 0 0 0
18 0 -13 0 5 5 45 180 0 -130 5 0 -235 -90 95 0 5 -145 5 0 0 -5 0 0 5 0 0 -5 0 0 0 0
18 0 -13 0 5 5 90 180 0 -20 5 0 -235 -90 95 0 5 -145 5 0 0 -5 0 0 5 0 0 -5 0 0 0 0
18 0 -13 0 5 5 25 180 0 -160 5 0 -235 -90 95 0 5 -145 5 0 0 -5 0 0 5 0 0 -5 0 0 0 0
18 0 -13 0 5 5 45 180 0 -130 5 0 -185 -90 95 0 5 -20 5 0 0 -5 0 0 5 0 0 -5 0 0 0 0
18 0 -13 0 5 5 45 180 0 -130 5 0 -235 -90 95 0 5 -145 5 0 0 -5 0 0 5 0 0 -5 0 0 0 0
18 0 -13 0 5 5 90 180 0 -20 5 0 -235 -90 95 0 5 -145 5 0 0 -5 0 0 5 0 0 -5 0 0 0 0
18 0 -13 0 5 5 25 180 0 -160 5 0 -235 -90 95 0 5 -145 5 0 0 -5 0 0 5 0 0 -5 0 0 0 0
18 0 -13 0 5 5 45 180 0 -130 5 0 -185 -90 95 0 5 -20 5 0 0 -5 0 0 5 0 0 -5 0 0 0 0
18 0 -13 0 5 5 45 180 0 -130 5 0 -235 -90 95 0 5 -145 5 0 0 -5 0 0 5 0 0 -5 0 0 0 0
18 0 -13 0 5 5 90 180 0 -20 5 0 -235 -90 95 0 5 -145 5 0 0 -5 0 0 5 0 0 -5 0 0 0 0
18 0 -13 0 5 5 25 180 0 -160 5 0 -235 -90 95 0 5 -145 5 0 0 -5 0 0 5 0 0 -5 0 0 0 0
18 0 -13 0 5 5 45 180 0 -130 5 0 -185 -90 95 0 5 -20 5 0 0 -5 0 0 5 0 0 -5 0 0 0 0
18 0 -13 0 5 5 45 180 0 -130 5 0 -235 -90 95 0 5 -145 5 0 0 -5 0 0 5 0 0 -5 0 0 0 0
18 0 -13 0 5 5 90 180 0 -20 5 0 -235 -90 95 0 5 -145 5 0 0 -5 0 0 5 0 0 -5 0 0 0 0
18 0 -13 0 5 5 25 180 0 -160 5 0 -235 -90 95 0 5 -145 5 0 0 -5 0 0 5 0 0 -5 0 0 0 0
18 0 -13 0 5 5 45 180 0 -130 5 0 -185 -90 95 0 5 -20 5 0 0 -5 0 0 5 0 0 -5 0 0 0 0
18 0 -13 0 5 5 25 180 0 -160 5 0 -235 -90 95 0 5 -145 5 0 0 -5 0 0 70 0 0 -70 0 0 0 0
18 0 -13 0 5 5 25 180 0 -160 5 0 -235 -90 95 0 5 -145 5 0 0 -5 0 0 90 0 0 0 0 0 0 0
18 0 -13 0 5 5 25 180 0 -160 5 0 -235 -90 95 0 5 -145 5 0 0 -5 0 0 35 0 0 -35 0 0 0 0
18 0 -13 0 5 5 25 180 0 -160 5 0 -235 -90 95 0 5 -145 5 0 0 -5 0 0 5 0 0 0 0 0 0 0
18 0 -13 0 5 5 45 180 0 -130 5 0 -235 -90 95 0 5 -145 5 0 0 -5 0 0 5 0 0 -5 0 0 0 0
18 0 -13 0 5 5 90 180 0 -20 5 0 -235 -90 95 0 5 -145 5 0 0 -5 0 0 5 0 0 -5 0 0 0 0
18 0 -13 0 5 5 25 180 0 -160 5 0 -235 -90 95 0 5 -145 5 0 0 -5 0 0 5 0 0 -5 0 0 0 0
18 0 -13 0 5 5 45 180 0 -130 5 0 -185 -90 95 0 5 -20 5 0 0 -5 0 0 5 0 0 -5 0 0 0 0
18 0 -13 0 5 5 45 180 0 -130 5 0 -235 -90 95 0 5 -145 5 0 0 -5 0 0 5 0 0 -5 0 0 0 0
18 0 -13 0 5 5 90 180 0 -20 5 0 -235 -90 95 0 5 -145 5 0 0 -5 0 0 5 0 0 -5 0 0 0 0
18 0 -13 0 5 5 25 180 0 -160 5 0 -235 -90 95 0 5 -145 5 0 0 -5 0 0 5 0 0 -5 0 0 0 0
18 0 -13 0 5 5 45 180 0 -130 5 0 -185 -90 95 0 5 -20 5 0 0 -5 0 0 5 0 0 -5 0 0 0 0
18 0 -13 0 5 5 45 180 0 -130 5 0 -235 -90 95 0 5 -145 5 0 0 -5 0 0 5 0 0 -5 0 0 0 0
18 0 -13 0 5 5 90 180 0 -20 5 0 -235 -90 95 0 5 -145 5 0 0 -5 0 0 5 0 0 -5 0 0 0 0
18 0 -13 0 5 5 25 180 0 -160 5 0 -235 -90 95 0 5 -145 5 0 0 -5 0 0 5 0 0 -5 0 0 0 0
18 0 -13 0 5 5 45 180 0 -130 5 0 -185 -90 95 0 5 -20 5 0 0 -5 0 0 5 0 0 -5 0 0 0 0
18 0 -13 0 5 5 25 180 0 -160 5 0 -235 -90 95 0 5 -145 5 0 0 -5 0 0 70 0 0 -70 0 0 0 0
18 0 -13 0 5 5 25 180 0 -160 5 0 -235 -90 95 0 5 -145 5 0 0 -5 0 0 90 0 0 0 0 0 0 0
18 0 -13 0 5 5 25 180 0 -160 5 0 -235 -90 95 0 5 -145 5 0 0 -5 0 0 35 0 0 -35 0 0 0 0
18 0 -13 0 5 5 25 180 0 -160 5 0 -235 -90 95 0 5 -145 5 0 0 -5 0 0 5 0 0 0 0 0 0 0
18 0 -13 0 5 5 45 180 0 -130 5 0 -185 -90 95 0 5 -20 5 0 0 -5 0 0 5 0 0 -5 0 0 0 0
18 0 -13 0 5 5 45 180 0 -130 5 0 -235 -90 95 0 5 -145 5 0 0 -5 0 0 5 0 0 -5 0 0 0 0
18 0 -13 0 5 5 90 180 0 -20 5 0 -235 -90 95 0 5 -145 5 0 0 -5 0 0 5 0 0 -5 0 0 0 0
18 0 -13 0 5 5 25 180 0 -160 5 0 -235 -90 95 0 5 -145 5 0 0 -5 0 0 5 0 0 -5 0 0 0 0
18 0 -13 0 5 5 45 180 0 -130 5 0 -185 -90 95 0 5 -20 5 0 0 -5 0 0 5 0 0 -5 0 0 0 0
18 0 -13 0 5 5 45 180 0 -130 5 0 -235 -90 95 0 5 -145 5 0 0 -5 0 0 5 0 0 -5 0 0 0 0
18 0 -13 0 5 5 90 180 0 -20 5 0 -235 -90 95 0 5 -145 5 0 0 -5 0 0 5 0 0 -5 0 0 0 0
18 0 -13 0 5 5 25 180 0 -160 5 0 -235 -90 95 0 5 -145 5 0 0 -5 0 0 5 0 0 -5 0 0 0 0
18 0 -13 0 5 5 45 180 0 -130 5 0 -185 -90 95 0 5 -20 5 0 0 -5 0 0 5 0 0 -5 0 0 0 0
18 0 -13 0 5 5 45 180 0 -130 5 0 -235 -90 95 0 5 -145 5 0 0 -5 0 0 5 0 0 -5 0 0 0 0
18 0 -13 0 5 5 90 180 0 -20 5 0 -235 -90 95 0 5 -145 5 0 0 -5 0 0 5 0 0 -5 0 0 0 0
18 0 -13 0 5 5 25 180 0 -160 5 0 -235 -90 95 0 5 -145 5 0 0 -5 0 0 5 0 0 -5 0 0 0 0
18 0 -13 0 5 5 45 180 0 -130 5 0 -185 -90 95 0 5 -20 5 0 0 -5 0 0 5 0 0 -5 0 0 0 0
18 0 -13 0 5 5 45 180 0 -130 5 0 -235 -90 95 0 5 -145 5 0 0 -5 0 0 5 0 0 -5 0 0 0 0
18 0 -13 0 5 5 90 180 0 -20 5 0 -235 -90 95 0 5 -145 5 0 0 -5 0 0 5 0 0 -5 0 0 0 0
18 0 -13 0 5 5 25 180 0 -160 5 0 -235 -90 95 0 5 -145 5 0 0 -5 0 0 5 0 0 -5 0 0 0 0
18 0 -13 0 5 5 45 180 0 -130 5 0 -185 -90 95 0 5 -20 5 0 0 -5 0 0 5 0 0 -5 0 0 0 0
18 0 -13 0 5 5 45 180 0 -130 5 0 -235 -90 95 0 5 -145 5 0 0 -5 0 0 5 0 0 -5 0 0 0 0
18 0 -13 0 5 5 90 180 0 -20 5 0 -235 -90 95 0 5 -145 5 0 0 -5 0 0 5 0 0 -5 0 0 0 0
18 0 -13 0 5 5 25 180 0 -160 5 0 -235 -90 95 0 5 -145 5 0 0 -5 0 0 5 0 0 -5 0 0 0 0
18 0 -13 0 5 5 45 180 0 -130 5 0 -185 -90 95 0 5 -20 5 0 0 -5 0 0 5 0 0 -5 0 0 0 0
18 0 -13 0 5 5 45 180 0 -130 5 0 -235 -90 95 0 5 -145 5 0 0 -5 0 0 5 0 0 -5 0 0 0 0
18 0 -13 0 5 5 90 180 0 -20 5 0 -235 -90 95 0 5 -145 5 0 0 -5 0 0 5 0 0 -5 0 0 0 0
18 0 -13 0 5 5 25 180 0 -160 5 0 -235 -90 95 0 5 -145 5 0 0 -5 0 0 5 0 0 -5 0 0 0 0
18 0 -13 0 5 5 45 180 0 -130 5 0 -185 -90 95 0 5 -20 5 0 0 -5 0 0 5 0 0 -5 0 0 0 0
18 0 -13 0 5 5 45 180 0 -130 5 0 -235 -90 95 0 5 -145 5 0 0 -5 0 0 5 0 0 -5 0 0 0 0
18 0 -13 0 5 5 90 180 0 -20 5 0 -235 -90 95 0 5 -145 5 0 0 -5 0 0 5 0 0 -5 0 0 0 0
18 0 -13 0 5 5 25 180 0 -160 5 0 -235 -90 95 0 5 -145 5 0 0 -5 0 0 5 0 0 -5 0 0 0 0
18 0 -13 0 5 5 45 180 0 -130 5 0 -185 -90 95 0 5 -20 5 0 0 -5 0 0 5 0 0 -5 0 0 0 0
18 0 -13 0 5 5 45 180 0 -130 5 0 -235 -90 95 0 5 -145 5 0 0 -5 0 0 5 0 0 -5 0 0 0 0
18 0 -13 0 5 5 90 180 0 -20 5 0 -235 -90 95 0 5 -145 5 0 0 -5 0 0 5 0 0 -5 0 0 0 0
18 0 -13 0 5 5 25 180 0 -160 5 0 -235 -90 95 0 5 -145 5 0 0 -5 0 0 5 0 0 -5 0 0 0 0
18 0 -13 0 5 5 45 180 0 -130 5 0 -185 -90 95 0 5 -20 5 0 0 -5 0 0 5 0 0 -5 0 0 0 0
18 0 -13 0 5 5 45 180 0 -130 5 0 -235 -90 95 0 5 -145 5 0 0 -5 0 0 5 0 0 -5 0 0 0 0
18 0 -13 0 5 5 90 180 0 -20 5 0 -235 -90 95 0 5 -145 5 0 0 -5 0 0 5 0 0 -5 0 0 0 0
18 0 -13 0 5 5 25 180 0 -160 5 0 -235 -90 95 0 5 -145 5 0 0 -5 0 0 5 0 0 -5 0 0 0 0
18 0 -13 0 5 5 45 180 0 -130 5 0 -185 -90 95 0 5 -20 5 0 0 -5 0 0 5 0 0 -5 0 0 0 0
18 0 -13 0 5 5 45 180 0 -130 5 0 -235 -90 95 0 5 -145 5 0 0 -5 0 0 5 0 0 -5 0 0 0 0
18 0 -13 0 5 5 90 180 0 -20 5 0 -235 -90 95 0 5 -145 5 0 0 -5 0 0 5 0 0 -5 0 0 0 0
18 0 -13 0 5 5 25 180 0 -160 5 0 -235 -90 95 0 5 -145 5 0 0 -5 0 0 5 0 0 -5 0 0 0 0
18 0 -13 0 5 5 45 180 0 -130 5 0 -185 -90 95 0 5 -20 5 0 0 -5 0 0 5 0 0 -5 0 0 0 0
18 0 -13 0 5 5 45 180 0 -130 5 0 -235 -90 95 0 5 -145 5 0 0 -5 0 0 5 0 0 -5 0 0 0 0
18 0 -13 0 5 5 90 180 0 -20 5 0 -235 -90 95 0 5 -145 5 0 0 -5 0 0 5 0 0 -5 0 0 0 0
18 0 -13 0 5 5 25 180 0 -160 5 0 -235 -90 95 0 5 -145 5 0 0 -5 0 0 5 0 0 -5 0 0 0 0
18 0 -13 0 5 5 45 180 0 -130 5 0 -185 -90 95 0 5 -20 5 0 0 -5 0 0 5 0 0 -5 0 0 0 0
18 0 -13 0 5 5 25 180 0 -160 5 0 -235 -90 95 0 5 -145 5 0 0 -5 0 0 70 0 0 -70 0 0 0 0
18 0 -13 0 5 5 25 180 0 -160 5 0 -235 -90 95 0 5 -145 5 0 0 -5 0 0 90 0 0 0 0 0 0 0
18 0 -13 0 5 5 25 180 0 -160 5 0 -235 -90 95 0 5 -145 5 0 0 -5 0 0 35 0 0 -35 0 0 0 0
18 0 -13 0 5 5 25 180 0 -160 5 0 -235 -90 95 0 5 -145 5 0 0 -5 0 0 5 0 0 0 0 0 0 0
18 0 -13 0 5 5 45 180 0 -130 5 0 -235 -90 95 0 5 -145 5 0 0 -5 0 0 5 0 0 -5 0 0 0 0
18 0 -13 0 5 5 90 180 0 -20 5 0 -235 -90 95 0 5 -145 5 0 0 -5 0 0 5 0 0 -5 0 0 0 0
18 0 -13 0 5 5 25 180 0 -160 5 0 -235 -90 95 0 5 -145 5 0 0 -5 0 0 5 0 0 -5 0 0 0 0
18 0 -13 0 5 5 45 180 0 -130 5 0 -185 -90 95 0 5 -20 5 0 0 -5 0 0 5 0 0 -5 0 0 0 0
18 0 -13 0 5 5 45 180 0 -130 5 0 -235 -90 95 0 5 -145 5 0 0 -5 0 0 5 0 0 -5 0 0 0 0
18 0 -13 0 5 5 90 180 0 -20 5 0 -235 -90 95 0 5 -145 5 0 0 -5 0 0 5 0 0 -5 0 0 0 0
18 0 -13 0 5 5 25 180 0 -160 5 0 -235 -90 95 0 5 -145 5 0 0 -5 0 0 5 0 0 -5 0 0 0 0
18 0 -13 0 5 5 45 180 0 -130 5 0 -185 -90 95 0 5 -20 5 0 0 -5 0 0 5 0 0 -5 0 0 0 0
18 0 -13 0 5 5 45 180 0 -130 5 0 -235 -90 95 0 5 -145 5 0 0 -5 0 0 5 0 0 -5 0 0 0 0
18 0 -13 0 5 5 90 180 0 -20 5 0 -235 -90 95 0 5 -145 5 0 0 -5 0 0 5 0 0 -5 0 0 0 0
18 0 -13 0 5 5 25 180 0 -160 5 0 -235 -90 95 0 5 -145 5 0 0 -5 0 0 5 0 0 -5 0 0 0 0
18 0 -13 0 5 5 45 180 0 -130 5 0 -185 -90 95 0 5 -20 5 0 0 -5 0 0 5 0 0 -5 0 0 0 0
18 0 -13 0 5 5 25 180 0 -160 5 0 -235 -90 95 0 5 -145 5 0 0 -5 0 0 70 0 0 -70 0 0 0 0
18 0 -13 0 5 5 25 180 0 -160 5 0 -235 -90 95 0 5 -145 5 0 0 -5 0 0 90 0 0 0 0 0 0 0
18 0 -13 0 5 5 25 180 0 -160 5 0 -235 -90 95 0 5 -145 5 0 0 -5 0 0 35 0 0 -35 0 0 0 0
18 0 -13 0 5 5 25 180 0 -160 5 0 -235 -90 95 0 5 -145 5 0 0 -5 0 0 5 0 0 0 0 0 0 0
18 0 -13 0 5 5 45 180 0 -130 5 0 -235 -90 95 0 5 -145 5 0 0 -5 0 0 5 0 0 -5 0 0 0 0
18 0 -13 0 5 5 90 180 0 -20 5 0 -235 -90 95 0 5 -145 5 0 0 -5 0 0 5 0 0 -5 0 0 0 0
18 0 -13 0 5 5 25 180 0 -160 5 0 -235 -90 95 0 5 -145 5 0 0 -5 0 0 5 0 0 -5 0 0 0 0
18 0 -13 0 5 5 45 180 0 -130 5 0 -185 -90 95 0 5 -20 5 0 0 -5 0 0 5 0 0 -5 0 0 0 0
18 0 -13 0 5 5 45 180 0 -130 5 0 -235 -90 95 0 5 -145 5 0 0 -5 0 0 5 0 0 -5 0 0 0 0
18 0 -13 0 5 5 90 180 0 -20 5 0 -235 -90 95 0 5 -145 5 0 0 -5 0 0 5 0 0 -5 0 0 0 0
18 0 -13 0 5 5 25 180 0 -160 5 0 -235 -90 95 0 5 -145 5 0 0 -5 0 0 5 0 0 -5 0 0 0 0
18 0 -13 0 5 5 45 180 0 -130 5 0 -185 -90 95 0 5 -20 5 0 0 -5 0 0 5 0 0 -5 0 0 0 0
18 0 -13 0 5 5 45 180 0 -130 5 0 -235 -90 95 0 5 -145 5 0 0 -5 0 0 5 0 0 -5 0 0 0 0
18 0 -13 0 5 5 90 180 0 -20 5 0 -235 -90 95 0 5 -145 5 0 0 -5 0 0 5 0 0 -5 0 0 0 0
18 0 -13 0 5 5 25 180 0 -160 5 0 -235 -90 95 0 5 -145 5 0 0 -5 0 0 5 0 0 -5 0 0 0 0
18 0 -13 0 5 5 45 180 0 -130 5 0 -185 -90 95 0 5 -20 5 0 0 -5 0 0 5 0 0 -5 0 0 0 0
18 0 -13 0 5 5 45 180 0 -130 5 0 -235 -90 95 0 5 -145 5 0 0 -5 0 0 5 0 0 -5 0 0 0 0
18 0 -13 0 5 5 90 180 0 -20 5 0 -235 -90 95 0 5 -145 5 0 0 -5 0 0 5 0 0 -5 0 0 0 0
18 0 -13 0 5 5 25 180 0 -160 5 0 -235 -90 95 0 5 -145 5 0 0 -5 0 0 5 0 0 -5 0 0 0 0
18 0 -13 0 5 5 45 180 0 -130 5 0 -185 -90 95 0 5 -20 5 0 0 -5 0 0 5 0 0 -5 0 0 0 0
18 0 -13 0 5 5 45 180 0 -130 5 0 -235 -90 95 0 5 -145 5 0 0 -5 0 0 5 0 0 -5 0 0 0 0
18 0 -13 0 5 5 90 180 0 -20 5 0 -235 -90 95 0 5 -145 5 0 0 -5 0 0 5 0 0 -5 0 0 0 0
18 0 -13 0 5 5 25 180 0 -160 5 0 -235 -90 95 0 5 -145 5 0 0 -5 0 0 5 0 0 -5 0 0 0 0
18 0 -13 0 5 5 45 180 0 -130 5 0 -185 -90 95 0 5 -20 5 0 0 -5 0 0 5 0 0 -5 0 0 0 0
18 0 -13 0 5 5 45 180 0 -130 5 0 -235 -90 95 0 5 -145 5 0 0 -5 0 0 5 0 0 -5 0 0 0 0
18 0 -13 0 5 5 90 180 0 -20 5 0 -235 -90 95 0 5 -145 5 0 0 -5 0 0 5 0 0 -5 0 0 0 0
18 0 -13 0 5 5 25 180 0 -160 5 0 -235 -90 95 0 5 -145 5 0 0 -5 0 0 5 0 0 -5 0 0 0 0
18 0 -13 0 5 5 45 180 0 -130 5 0 -185 -90 95 0 5 -20 5 0 0 -5 0 0 5 0 0 -5 0 0 0 0
18 0 -13 0 5 5 45 180 0 -130 5 0 -235 -90 95 0 5 -145 5 0 0 -5 0 0 5 0 0 -5 0 0 0 0
18 0 -13 0 5 5 90 180 0 -20 5 0 -235 -90 95 0 5 -145 5 0 0 -5 0 0 5 0 0 -5 0 0 0 0
18 0 -13 0 5 5 25 180 0 -160 5 0 -235 -90 95 0 5 -145 5 0 0 -5 0 0 5 0 0 -5 0 0 0 0
18 0 -13 0 5 5 45 180 0 -130 5 0 -185 -90 95 0 5 -20 5 0 0 -5 0 0 5 0 0 -5 0 0 0 0
18 0 -13 0 5 5 45 180 0 -130 5 0 -235 -90 95 0 5 -145 5 0 0 -5 0 0 5 0 0 -5 0 0 0 0
18 0 -13 0 5 5 90 180 0 -20 5 0 -235 -90 95 0 5 -145 5 0 0 -5 0 0 5 0 0 -5 0 0 0 0
18 0 -13 0 5 5 25 180 0 -160 5 0 -235 -90 95 0 5 -145 5 0 0 -5 0 0 5 0 0 -5 0 0 0 0
18 0 -13 0 5 5 45 180 0 -130 5 0 -185 -90 95 0 5 -20 5 0 0 -5 0 0 5 0 0 -5 0 0 0 0
18 0 -13 0 5 5 45 180 0 -130 5 0 -235 -90 95 0 5 -145 5 0 0 -5 0 0 5 0 0 -5 0 0 0 0
18 0 -13 0 5 5 90 180 0 -20 5 0 -235 -90 95 0 5 -145 5 0 0 -5 0 0 5 0 0 -5 0 0 0 0
18 0 -13 0 5 5 25 180 0 -160 5 0 -235 -90 95 0 5 -145 5 0 0 -5 0 0 5 0 0 -5 0 0 0 0
18 0 -13 0 5 5 45 180 0 -130 5 0 -185 -90 95 0 5 -20 5 0 0 -5 0 0 5 0 0 -5 0 0 0 0
18 0 -13 0 5 5 45 180 0 -130 5 0 -235 -90 95 0 5 -145 5 0 0 -5 0 0 5 0 0 -5 0 0 0 0
18 0 -13 0 5 5 90 180 0 -20 5 0 -235 -90 95 0 5 -145 5 0 0 -5 0 0 5 0 0 -5 0 0 0 0
18 0 -13 0 5 5 25 180 0 -160 5 0 -235 -90 95 0 5 -145 5 0 0 -5 0 0 5 0 0 -5 0 0 0 0
18 0 -13 0 5 5 45 180 0 -130 5 0 -185 -90 95 0 5 -20 5 0 0 -5 0 0 5 0 0 -5 0 0 0 0
18 0 -13 0 5 5 45 180 0 -130 5 0 -235 -90 95 0 5 -145 5 0 0 -5 0 0 5 0 0 -5 0 0 0 0
18 0 -13 0 5 5 90 180 0 -20 5 0 -235 -90 95 0 5 -145 5 0 0 -5 0 0 5 0 0 -5 0 0 0 0
18 0 -13 0 5 5 25 180 0 -160 5 0 -235 -90 95 0 5 -145 5 0 0 -5 0 0 5 0 0 -5 0 0 0 0
18 0 -13 0 5 5 45 180 0 -130 5 0 -185 -90 95 0 5 -20 5 0 0 -5 0 0 5 0 0 -5 0 0 0 0
18 0 -13 0 5 5 45 180 0 -130 5 0 -235 -90 95 0 5 -145 5 0 0 -5 0 0 5 0 0 -5 0 0 0 0
18 0 -13 0 5 5 90 180 0 -20 5 0 -235 -90 95 0 5 -145 5 0 0 -5 0 0 5 0 0 -5 0 0 0 0
18 0 -13 0 5 5 25 180 0 -160 5 0 -235 -90 95 0 5 -145 5 0 0 -5 0 0 5 0 0 -5 0 0 0 0
18 0 -13 0 5 5 45 180 0 -130 5 0 -185 -90 95 0 5 -20 5 0 0 -5 0 0 5 0 0 -5 0 0 0 0
18 0 -13 0 5 5 45 180 0 -130 5 0 -235 -90 95 0 5 -145 5 0 0 -5 0 0 5 0 0 -5 0 0 0 0
18 0 -13 0 5 5 90 180 0 -20 5 0 -235 -90 95 0 5 -145 5 0 0 -5 0 0 5 0 0 -5 0 0 0 0
18 0 -13 0 5 5 25 180 0 -160 5 0 -235 -90 95 0 5 -145 5 0 0 -5 0 0 5 0 0 -5 0 0 0 0
18 0 -13 0 5 5 45 180 0 -130 5 0 -185 -90 95 0 5 -20 5 0 0 -5 0 0 5 0 0 -5 0 0 0 0
18 0 -13 0 5 5 45 180 0 -130 5 0 -235 -90 95 0 5 -145 5 0 0 -5 0 0 5 0 0 -5 0 0 0 0
18 0 -13 0 5 5 90 180 0 -20 5 0 -235 -90 95 0 5 -145 5 0 0 -5 0 0 5 0 0 -5 0 0 0 0
18 0 -13 0 5 5 25 180 0 -160 5 0 -235 -90 95 0 5 -145 5 0 0 -5 0 0 5 0 0 -5 0 0 0 0
18 0 -13 0 5 5 45 180 0 -130 5 0 -185 -90 95 0 5 -20 5 0 0 -5 0 0 5 0 0 -5 0 0 0 0
18 0 -13 0 5 5 45 180 0 -130 5 0 -235 -90 95 0 5 -145 5 0 0 -5 0 0 5 0 0 -5 0 0 0 0
18 0 -13 0 5 5 90 180 0 -20 5 0 -235 -90 95 0 5 -145 5 0 0 -5 0 0 5 0 0 -5 0 0 0 0
18 0 -13 0 5 5 25 180 0 -160 5 0 -235 -90 95 0 5 -145 5 0 0 -5 0 0 5 0 0 -5 0 0 0 0
18 0 -13 0 5 5 45 180 0 -130 5 0 -185 -90 95 0 5 -20 5 0 0 -5 0 0 5 0 0 -5 0 0 0 0
18 0 -13 0 5 5 25 180 0 -35 5 0 -230 -90 95 0 5 -20 5 0 0 -5 0 0 5 0 0 -5 0 0 0 0
18 0 -13 0 5 5 0 180 0 -5 5 0 -265 -90 95 5 5 -10 5 0 0 -5 0 0 5 0 0 -5 0 0 0 0
18 0 -13 0 5 5 0 180 0 -5 5 0 -265 -90 95 5 5 -10 5 0 0 -5 0 0 5 0 0 -5 0 0 0 0
18 0 -13 0 5 5 0 180 0 -5 5 0 -265 -90 95 5 5 -10 5 0 0 -5 0 0 5 0 0 -5 0 0 0 0
18 0 -13 0 5 5 0 180 0 -5 5 0 -265 -90 95 5 5 -10 5 0 0 -5 0 0 5 0 0 -5 0 0 0 0
18 0 -13 0 5 5 0 180 0 -5 5 0 -265 -90 95 5 5 -10 5 0 0 -5 0 0 5 0 0 -5 0 0 0 0
18 0 -13 0 5 5 0 180 0 -5 5 0 -265 -90 95 5 5 -10 5 0 0 -5 0 0 5 0 0 -5 0 0 0 0
18 0 -13 0 5 5 0 180 0 -5 5 0 -265 -90 95 5 5 -10 5 0 0 -5 0 0 5 0 0 -5 0 0 0 0
18 0 -13 0 5 5 0 180 0 -5 5 0 -265 -90 95 5 5 -10 5 0 0 -5 0 0 5 0 0 -5 0 0 0 0
18 0 -13 0 5 5 0 180 0 -5 5 0 -265 -90 95 5 5 -10 5 0 0 -5 0 0 5 0 0 -5 0 0 0 0
18 0 -13 0 5 5 0 180 0 -5 5 0 -265 -90 95 5 5 -10 5 0 0 -5 0 0 5 0 0 -5 0 0 0 0
18 0 -13 0 5 5 0 180 0 -5 5 0 -265 -90 95 5 5 -10 5 0 0 -5 0 0 5 0 0 -5 0 0 0 0
18 0 -13 0 5 5 0 180 0 -5 5 0 -265 -90 95 5 5 -10 5 0 0 -5 0 0 5 0 0 -5 0 0 0 0
18 0 -13 0 5 5 0 180 0 -5 5 0 -265 -90 95 5 5 -10 5 0 0 -5 0 0 5 0 0 -5 0 0 0 0
18 0 -13 0 5 5 0 180 0 -5 5 0 -265 -90 95 5 5 -10 5 0 0 -5 0 0 5 0 0 -5 0 0 0 0
18 0 -13 0 5 5 0 180 0 -5 5 0 -265 -90 95 5 5 -10 5 0 0 -5 0 0 5 0 0 -5 0 0 0 0
18 0 -13 0 5 5 0 180 0 -5 5 0 -265 -90 95 5 5 -10 5 0 0 -5 0 0 5 0 0 -5 0 0 0 0
18 0 -13 0 5 5 0 180 0 -5 5 0 -265 -90 95 5 5 -10 5 0 0 -5 0 0 5 0 0 -5 0 0 0 0
18 0 -13 0 5 5 0 180 0 -5 5 0 -265 -90 95 5 5 -10 5 0 0 -5 0 0 5 0 0 -5 0 0 0 0
18 0 -13 0 5 5 0 180 0 -5 5 0 -265 -90 95 5 5 -10 5 0 0 -5 0 0 5 0 0 -5 0 0 0 0
18 0 -13 0 5 5 0 180 0 -5 5 0 -265 -90 95 5 5 -10 5 0 0 -5 0 0 5 0 0 -5 0 0 0 0
18 0 -13 0 5 5 0 180 0 -5 5 0 -265 -90 95 5 5 -10 5 0 0 -5 0 0 5 0 0 -5 0 0 0 0
18 0 -13 0 5 5 0 180 0 -5 5 0 -265 -90 95 5 5 -10 5 0 0 -5 0 0 5 0 0 -5 0 0 0 0
18 0 -13 0 5 5 0 180 0 -5 5 0 -265 -90 95 5 5 -10 5 0 0 -5 0 0 5 0 0 -5 0 0 0 0
18 0 -13 0 5 5 0 180 0 -5 5 0 -265 -90 95 5 5 -10 5 0 0 -5 0 0 5 0 0 -5 0 0 0 0
18 0 -13 0 5 5 35 180 0 -5 5 -30 -210 -90 95 -30 5 -10 30 30 -20 -5 0 0 30 -25 20 -5 0 0 0 0
18 0 -13 0 5 5 60 180 0 -5 5 -80 -105 -90 95 -40 5 -10 30 40 -35 -15 0 0 40 -35 20 -20 0 0 0 0
18 0 -13 10 15 15 65 180 0 -5 5 -80 -120 -90 95 180 130 145 30 40 -35 -15 0 0 40 -35 20 -20 0 0 0 0
18 0 -13 0 5 5 65 180 0 -5 5 -80 -140 -90 95 180 190 145 30 40 -35 -15 0 0 40 -35 20 -20 0 0 0 0
18 0 -13 10 15 15 65 180 0 -5 5 -80 -125 -90 95 180 210 145 30 40 -35 -15 0 0 40 -35 20 -20 0 0 0 0
18 0 -13 0 5 5 65 180 0 -5 5 -80 -135 -90 95 180 230 145 30 40 -35 -15 0 0 40 -35 20 -20 0 0 0 0
18 0 -13 -10 -5 -5 65 180 0 -5 5 -80 -115 -90 95 180 10 145 30 40 -35 -15 0 0 40 -35 20 -20 0 0 0 0
18 0 -13 -5 5 5 65 180 0 -5 5 -80 -95 -90 95 180 55 145 30 40 -35 -15 0 0 40 -35 20 -20 0 0 0 0
18 0 -13 0 5 5 35 180 0 -5 5 -30 -210 -90 95 -30 5 -10 30 30 -20 -5 0 0 30 -25 20 -5 0 0 0 0
18 0 -13 0 5 5 60 180 0 -5 5 -80 -105 -90 95 -40 5 -10 30 40 -35 -15 0 0 40 -35 20 -20 0 0 0 0
18 0 -13 10 15 15 65 180 0 -5 5 -80 -120 -90 95 180 130 145 30 40 -35 -15 0 0 40 -35 20 -20 0 0 0 0
18 0 -13 0 5 5 65 180 0 -5 5 -80 -140 -90 95 180 190 145 30 40 -35 -15 0 0 40 -35 20 -20 0 0 0 0
18 0 -13 10 15 15 65 180 0 -5 5 -80 -125 -90 95 180 210 145 30 40 -35 -15 0 0 40 -35 20 -20 0 0 0 0
18 0 -13 0 5 5 65 180 0 -5 5 -80 -135 -90 95 180 230 145 30 40 -35 -15 0 0 40 -35 20 -20 0 0 0 0
18 0 -13 -10 -5 -5 65 180 0 -5 5 -80 -115 -90 95 180 10 145 30 40 -35 -15 0 0 40 -35 20 -20 0 0 0 0
18 0 -13 -5 5 5 65 180 0 -5 5 -80 -95 -90 95 180 55 145 30 40 -35 -15 0 0 40 -35 20 -20 0 0 0 0
18 0 -13 0 5 5 35 180 0 -5 5 -30 -210 -90 95 -30 5 -10 30 30 -20 -5 0 0 30 -25 20 -5 0 0 0 0
18 0 -13 0 5 5 60 180 0 -5 5 -80 -105 -90 95 -40 5 -10 30 40 -35 -15 0 0 40 -35 20 -20 0 0 0 0
18 0 -13 10 15 15 65 180 0 -5 5 -80 -120 -90 95 180 130 145 30 40 -35 -15 0 0 40 -35 20 -20 0 0 0 0
18 0 -13 0 5 5 65 180 0 -5 5 -80 -140 -90 95 180 190 145 30 40 -35 -15 0 0 40 -35 20 -20 0 0 0 0
18 0 -13 10 15 15 65 180 0 -5 5 -80 -125 -90 95 180 210 145 30 40 -35 -15 0 0 40 -35 20 -20 0 0 0 0
18 0 -13 0 5 5 65 180 0 -5 5 -80 -135 -90 95 180 230 145 30 40 -35 -15 0 0 40 -35 20 -20 0 0 0 0
18 0 -13 -10 -5 -5 65 180 0 -5 5 -80 -115 -90 95 180 10 145 30 40 -35 -15 0 0 40 -35 20 -20 0 0 0 0
18 0 -13 -5 5 5 65 180 0 -5 5 -80 -95 -90 95 180 55 145 30 40 -35 -15 0 0 40 -35 20 -20 0 0 0 0
18 0 -13 0 5 5 35 180 0 -5 5 -30 -210 -90 95 -30 5 -10 30 30 -20 -5 0 0 30 -25 20 -5 0 0 0 0
18 0 -13 0 5 5 60 180 0 -5 5 -80 -105 -90 95 -40 5 -10 30 40 -35 -15 0 0 40 -35 20 -20 0 0 0 0
18 0 -13 10 15 15 65 180 0 -5 5 -80 -120 -90 95 180 130 145 30 40 -35 -15 0 0 40 -35 20 -20 0 0 0 0
18 0 -13 0 5 5 65 180 0 -5 5 -80 -140 -90 95 180 190 145 30 40 -35 -15 0 0 40 -35 20 -20 0 0 0 0
18 0 -13 10 15 15 65 180 0 -5 5 -80 -125 -90 95 180 210 145 30 40 -35 -15 0 0 40 -35 20 -20 0 0 0 0
18 0 -13 0 5 5 65 180 0 -5 5 -80 -135 -90 95 180 230 145 30 40 -35 -15 0 0 40 -35 20 -20 0 0 0 0
18 0 -13 -10 -5 -5 65 180 0 -5 5 -80 -115 -90 95 180 10 145 30 40 -35 -15 0 0 40 -35 20 -20 0 0 0 0
18 0 -13 -5 5 5 65 180 0 -5 5 -80 -95 -90 95 180 55 145 30 40 -35 -15 0 0 40 -35 20 -20 0 0 0 0
18 0 -13 0 5 5 35 180 0 -5 5 -30 -210 -90 95 -30 5 -10 30 30 -20 -5 0 0 30 -25 20 -5 0 0 0 0
18 0 -13 0 5 5 60 180 0 -5 5 -80 -105 -90 95 -40 5 -10 30 40 -35 -15 0 0 40 -35 20 -20 0 0 0 0
18 0 -13 10 15 15 65 180 0 -5 5 -80 -120 -90 95 180 130 145 30 40 -35 -15 0 0 40 -35 20 -20 0 0 0 0
18 0 -13 0 5 5 65 180 0 -5 5 -80 -140 -90 95 180 190 145 30 40 -35 -15 0 0 40 -35 20 -20 0 0 0 0
18 0 -13 10 15 15 65 180 0 -5 5 -80 -125 -90 95 180 210 145 30 40 -35 -15 0 0 40 -35 20 -20 0 0 0 0
18 0 -13 0 5 5 65 180 0 -5 5 -80 -135 -90 95 180 230 145 30 40 -35 -15 0 0 40 -35 20 -20 0 0 0 0
18 0 -13 -10 -5 -5 65 180 0 -5 5 -80 -115 -90 95 180 10 145 30 40 -35 -15 0 0 40 -35 20 -20 0 0 0 0
18 0 -13 -5 5 5 65 180 0 -5 5 -80 -95 -90 95 180 55 145 30 40 -35 -15 0 0 40 -35 20 -20 0 0 0 0
18 0 -13 0 5 5 35 180 0 -5 5 -30 -210 -90 95 -30 5 -10 30 30 -20 -5 0 0 30 -25 20 -5 0 0 0 0
18 0 -13 0 5 5 60 180 0 -5 5 -80 -105 -90 95 -40 5 -10 30 40 -35 -15 0 0 40 -35 20 -20 0 0 0 0
18 0 -13 10 15 15 65 180 0 -5 5 -80 -120 -90 95 180 130 145 30 40 -35 -15 0 0 40 -35 20 -20 0 0 0 0
18 0 -13 0 5 5 65 180 0 -5 5 -80 -140 -90 95 180 190 145 30 40 -35 -15 0 0 40 -35 20 -20 0 0 0 0
18 0 -13 10 15 15 65 180 0 -5 5 -80 -125 -90 95 180 210 145 30 40 -35 -15 0 0 40 -35 20 -20 0 0 0 0
18 0 -13 0 5 5 65 180 0 -5 5 -80 -135 -90 95 180 230 145 30 40 -35 -15 0 0 40 -35 20 -20 0 0 0 0
18 0 -13 -10 -5 -5 65 180 0 -5 5 -80 -115 -90 95 180 10 145 30 40 -35 -15 0 0 40 -35 20 -20 0 0 0 0
18 0 -13 -5 5 5 65 180 0 -5 5 -80 -95 -90 95 180 55 145 30 40 -35 -15 0 0 40 -35 20 -20 0 0 0 0
18 0 -13 0 5 5 35 180 0 -5 5 -30 -210 -90 95 -30 5 -10 30 30 -20 -5 0 0 30 -25 20 -5 0 0 0 0
18 0 -13 0 5 5 60 180 0 -5 5 -80 -105 -90 95 -40 5 -10 30 40 -35 -15 0 0 40 -35 20 -20 0 0 0 0
18 0 -13 10 15 15 65 180 0 -5 5 -80 -120 -90 95 180 130 145 30 40 -35 -15 0 0 40 -35 20 -20 0 0 0 0
18 0 -13 0 5 5 65 180 0 -5 5 -80 -140 -90 95 180 190 145 30 40 -35 -15 0 0 40 -35 20 -20 0 0 0 0
18 0 -13 10 15 15 65 180 0 -5 5 -80 -125 -90 95 180 210 145 30 40 -35 -15 0 0 40 -35 20 -20 0 0 0 0
18 0 -13 0 5 5 65 180 0 -5 5 -80 -135 -90 95 180 230 145 30 40 -35 -15 0 0 40 -35 20 -20 0 0 0 0
18 0 -13 -10 -5 -5 65 180 0 -5 5 -80 -115 -90 95 180 10 145 30 40 -35 -15 0 0 40 -35 20 -20 0 0 0 0
18 0 -13 -5 5 5 65 180 0 -5 5 -80 -95 -90 95 180 55 145 30 40 -35 -15 0 0 40 -35 20 -20 0 0 0 0
18 0 -13 0 5 5 35 180 0 -5 5 -30 -210 -90 95 -30 5 -10 30 30 -20 -5 0 0 30 -25 20 -5 0 0 0 0
18 0 -13 0 5 5 60 180 0 -5 5 -80 -105 -90 95 -40 5 -10 30 40 -35 -15 0 0 40 -35 20 -20 0 0 0 0
18 0 -13 10 15 15 65 180 0 -5 5 -80 -120 -90 95 180 130 145 30 40 -35 -15 0 0 40 -35 20 -20 0 0 0 0
18 0 -13 0 5 5 65 180 0 -5 5 -80 -140 -90 95 180 190 145 30 40 -35 -15 0 0 40 -35 20 -20 0 0 0 0
18 0 -13 10 15 15 65 180 0 -5 5 -80 -125 -90 95 180 210 145 30 40 -35 -15 0 0 40 -35 20 -20 0 0 0 0
18 0 -13 0 5 5 65 180 0 -5 5 -80 -135 -90 95 180 230 145 30 40 -35 -15 0 0 40 -35 20 -20 0 0 0 0
18 0 -13 -10 -5 -5 65 180 0 -5 5 -80 -115 -90 95 180 10 145 30 40 -35 -15 0 0 40 -35 20 -20 0 0 0 0
18 0 -13 -5 5 5 65 180 0 -5 5 -80 -95 -90 95 180 55 145 30 40 -35 -15 0 0 40 -35 20 -20 0 0 0 0
18 0 -13 0 5 5 35 180 0 -5 5 -30 -210 -90 95 -30 5 -10 30 30 -20 -5 0 0 30 -25 20 -5 0 0 0 0
18 0 -13 0 5 5 60 180 0 -5 5 -80 -105 -90 95 -40 5 -10 30 40 -35 -15 0 0 40 -35 20 -20 0 0 0 0
18 0 -13 10 15 15 65 180 0 -5 5 -80 -120 -90 95 180 130 145 30 40 -35 -15 0 0 40 -35 20 -20 0 0 0 0
18 0 -13 0 5 5 65 180 0 -5 5 -80 -140 -90 95 180 190 145 30 40 -35 -15 0 0 40 -35 20 -20 0 0 0 0
18 0 -13 10 15 15 65 180 0 -5 5 -80 -125 -90 95 180 210 145 30 40 -35 -15 0 0 40 -35 20 -20 0 0 0 0
18 0 -13 0 5 5 65 180 0 -5 5 -80 -135 -90 95 180 230 145 30 40 -35 -15 0 0 40 -35 20 -20 0 0 0 0
18 0 -13 -10 -5 -5 65 180 0 -5 5 -80 -115 -90 95 180 10 145 30 40 -35 -15 0 0 40 -35 20 -20 0 0 0 0
18 0 -13 -5 5 5 65 180 0 -5 5 -80 -95 -90 95 180 55 145 30 40 -35 -15 0 0 40 -35 20 -20 0 0 0 0
18 0 -13 0 5 5 35 180 0 -5 5 -30 -210 -90 95 -30 5 -10 30 30 -20 -5 0 0 30 -25 20 -5 0 0 0 0
18 0 -13 0 5 5 60 180 0 -5 5 -80 -105 -90 95 -40 5 -10 30 40 -35 -15 0 0 40 -35 20 -20 0 0 0 0
18 0 -13 10 15 15 65 180 0 -5 5 -80 -120 -90 95 180 130 145 30 40 -35 -15 0 0 40 -35 20 -20 0 0 0 0
18 0 -13 0 5 5 65 180 0 -5 5 -80 -140 -90 95 180 190 145 30 40 -35 -15 0 0 40 -35 20 -20 0 0 0 0
18 0 -13 10 15 15 65 180 0 -5 5 -80 -125 -90 95 180 210 145 30 40 -35 -15 0 0 40 -35 20 -20 0 0 0 0
18 0 -13 0 5 5 65 180 0 -5 5 -80 -135 -90 95 180 230 145 30 40 -35 -15 0 0 40 -35 20 -20 0 0 0 0
18 0 -13 -10 -5 -5 65 180 0 -5 5 -80 -115 -90 95 180 10 145 30 40 -35 -15 0 0 40 -35 20 -20 0 0 0 0
18 0 -13 -5 5 5 65 180 0 -5 5 -80 -95 -90 95 180 55 145 30 40 -35 -15 0 0 40 -35 20 -20 0 0 0 0
18 0 -13 0 5 5 35 180 0 -5 5 -30 -210 -90 95 -30 5 -10 30 30 -20 -5 0 0 30 -25 20 -5 0 0 0 0
18 0 -13 0 5 5 60 180 0 -5 5 -80 -105 -90 95 -40 5 -10 30 40 -35 -15 0 0 40 -35 20 -20 0 0 0 0
18 0 -13 10 15 15 65 180 0 -5 5 -80 -120 -90 95 180 130 145 30 40 -35 -15 0 0 40 -35 20 -20 0 0 0 0
18 0 -13 0 5 5 65 180 0 -5 5 -80 -140 -90 95 180 190 145 30 40 -35 -15 0 0 40 -35 20 -20 0 0 0 0
18 0 -13 10 15 15 65 180 0 -5 5 -80 -125 -90 95 180 210 145 30 40 -35 -15 0 0 40 -35 20 -20 0 0 0 0
18 0 -13 0 5 5 65 180 0 -5 5 -80 -135 -90 95 180 230 145 30 40 -35 -15 0 0 40 -35 20 -20 0 0 0 0
18 0 -13 -10 -5 -5 65 180 0 -5 5 -80 -115 -90 95 180 10 145 30 40 -35 -15 0 0 40 -35 20 -20 0 0 0 0
18 0 -13 -5 5 5 65 180 0 -5 5 -80 -95 -90 95 180 55 145 30 40 -35 -15 0 0 40 -35 20 -20 0 0 0 0
