0 0 0 0 0 0 0 0 0 0 0 0 0 0 0 0 0 0 0 0 0 0 0 0 0 0 0 0 0 0 0 0
0 0 0 0 0 0 0 0 0 0 0 0 0 0 0 0 0 0 0 0 0 0 0 0 0 0 0 0 0 0 0 0
0 0 0 0 0 0 0 0 0 0 0 0 0 0 0 0 0 0 0 0 0 0 0 0 0 0 0 0 0 0 0 0
0 0 0 0 0 0 0 0 0 0 0 0 0 0 0 0 0 0 0 0 0 0 0 0 0 0 0 0 0 0 0 0
0 0 0 0 0 0 0 0 0 0 0 0 0 0 0 0 0 0 0 0 0 0 0 0 0 0 0 0 0 0 0 0
0 0 0 0 0 0 0 0 0 0 0 0 0 0 0 0 0 0 0 0 0 0 0 0 0 0 0 0 0 0 0 0
0 0 0 0 0 0 0 0 0 0 0 0 0 0 0 0 0 0 0 0 0 0 0 0 0 0 0 0 0 0 0 0
0 0 0 0 0 0 0 0 0 0 0 0 0 0 0 0 0 0 0 0 0 0 0 0 0 0 0 0 0 0 0 0
0 0 0 0 0 0 0 0 0 0 0 0 0 0 0 0 0 0 0 0 0 0 0 0 0 0 0 0 0 0 0 0
0 0 0 0 0 0 0 0 0 0 0 0 0 0 0 0 0 0 0 0 0 0 0 0 0 0 0 0 0 0 0 0
0 0 0 0 0 0 0 0 0 0 0 0 0 0 0 0 0 0 0 0 0 0 0 0 0 0 0 0 0 0 0 0
0 0 0 0 0 0 0 0 0 0 0 0 0 0 0 0 0 0 0 0 0 0 0 0 0 0 0 0 0 0 0 0
0 0 0 0 0 0 0 0 0 0 0 0 0 0 0 0 0 0 0 0 0 0 0 0 0 0 0 0 0 0 0 0
0 0 0 0 0 0 0 0 0 0 0 0 0 0 0 0 0 0 0 0 0 0 0 0 0 0 0 0 0 0 0 0
0 0 0 0 0 0 0 0 0 0 0 0 0 0 0 0 0 0 0 0 0 0 0 0 0 0 0 0 0 0 0 0
0 0 0 0 0 0 0 0 0 0 0 0 0 0 0 0 0 0 0 0 0 0 0 0 0 0 0 0 0 0 0 0
0 0 0 0 0 0 0 0 0 0 0 0 0 0 0 0 0 0 0 0 0 0 0 0 0 0 0 0 0 0 0 0
0 0 0 0 0 0 0 0 0 0 0 0 0 0 0 0 0 0 0 0 0 0 0 0 0 0 0 0 0 0 0 0
0 0 0 0 0 0 0 0 0 0 0 0 0 0 0 0 0 0 0 0 0 0 0 0 0 0 0 0 0 0 0 0
0 0 0 0 0 0 0 0 0 0 0 0 0 0 0 0 0 0 0 0 0 0 0 0 0 0 0 0 0 0 0 0
0 0 0 0 0 0 0 0 0 0 0 0 0 0 0 0 0 0 0 0 0 0 0 0 0 0 0 0 0 0 0 0
0 0 0 0 0 0 0 0 0 0 0 0 0 0 0 0 0 0 0 0 0 0 0 0 0 0 0 0 0 0 0 0
0 0 0 0 0 0 0 0 0 0 0 0 0 0 0 0 0 0 0 0 0 0 0 0 0 0 0 0 0 0 0 0
0 0 0 0 0 0 0 0 0 0 0 0 0 0 0 0 0 0 0 0 0 0 0 0 0 0 0 0 0 0 0 0
0 0 0 0 0 0 0 0 0 0 0 0 0 0 0 0 0 0 0 0 0 0 0 0 0 0 0 0 0 0 0 0
0 0 0 0 0 0 0 0 0 0 0 0 0 0 0 0 0 0 0 0 0 0 0 0 0 0 0 0 0 0 0 0
0 0 0 0 0 0 0 0 0 0 0 0 0 0 0 0 0 0 0 0 0 0 0 0 0 0 0 0 0 0 0 0
0 0 0 0 0 0 0 0 0 0 0 0 0 0 0 0 0 0 0 0 0 0 0 0 0 0 0 0 0 0 0 0
0 0 0 0 0 0 0 0 0 0 0 0 0 0 0 0 0 0 0 0 0 0 0 0 0 0 0 0 0 0 0 0
0 0 0 0 0 0 0 0 0 0 0 0 0 0 0 0 0 0 0 0 0 0 0 0 0 0 0 0 0 0 0 0
0 0 0 0 0 0 0 0 0 0 0 0 0 0 0 0 0 0 0 0 0 0 0 0 0 0 0 0 0 0 0 0
0 0 0 0 0 0 0 0 0 0 0 0 0 0 0 0 0 0 0 0 0 0 0 0 0 0 0 0 0 0 0 0
0 0 0 0 0 0 0 0 0 0 0 0 0 0 0 0 0 0 0 0 0 0 0 0 0 0 0 0 0 0 0 0
0 0 0 0 0 0 0 0 0 0 0 0 0 0 0 0 0 0 0 0 0 0 0 0 0 0 0 0 0 0 0 0
0 0 0 0 0 0 0 0 0 0 0 0 0 0 0 0 0 0 0 0 0 0 0 0 0 0 0 0 0 0 0 0
0 0 0 0 0 0 0 0 0 0 0 0 0 0 0 0 0 0 0 0 0 0 0 0 0 0 0 0 0 0 0 0
0 0 0 0 0 0 0 0 0 0 0 0 0 0 0 0 0 0 0 0 0 0 0 0 0 0 0 0 0 0 0 0
0 0 0 0 0 0 0 0 0 0 0 0 0 0 0 0 0 0 0 0 0 0 0 0 0 0 0 0 0 0 0 0
0 0 0 0 0 0 0 0 0 0 0 0 0 0 0 0 0 0 0 0 0 0 0 0 0 0 0 0 0 0 0 0
0 0 0 0 0 0 0 0 0 0 0 0 0 0 0 0 0 0 0 0 0 0 0 0 0 0 0 0 0 0 0 0
0 0 0 0 0 0 0 0 0 0 0 0 0 0 0 0 0 0 0 0 0 0 0 0 0 0 0 0 0 0 0 0
0 0 0 0 0 0 0 0 0 0 0 0 0 0 0 0 0 0 0 0 0 0 0 0 0 0 0 0 0 0 0 0
0 0 0 0 0 0 0 0 0 0 0 0 0 0 0 0 0 0 0 0 0 0 0 0 0 0 0 0 0 0 0 0
0 0 0 0 0 0 0 0 0 0 0 0 0 0 0 0 0 0 0 0 0 0 0 0 0 0 0 0 0 0 0 0
0 0 0 0 0 0 0 0 0 0 0 0 0 0 0 0 0 0 0 0 0 0 0 0 0 0 0 0 0 0 0 0
0 0 0 0 0 0 0 0 0 0 0 0 0 0 0 0 0 0 0 0 0 0 0 0 0 0 0 0 0 0 0 0
0 0 0 0 0 0 0 0 0 0 0 0 0 0 0 0 0 0 0 0 0 0 0 0 0 0 0 0 0 0 0 0
0 0 0 0 0 0 0 0 0 0 0 0 0 0 0 0 0 0 0 0 0 0 0 0 0 0 0 0 0 0 0 0
0 0 0 0 0 0 0 0 0 0 0 0 0 0 0 0 0 0 0 0 0 0 0 0 0 0 0 0 0 0 0 0
0 0 0 0 0 0 0 0 0 0 0 0 0 0 0 0 0 0 0 0 0 0 0 0 0 0 0 0 0 0 0 0
0 0 0 0 0 0 0 0 0 0 0 0 0 0 0 0 0 0 0 0 0 0 0 0 0 0 0 0 0 0 0 0
0 0 0 0 0 0 0 0 0 0 0 0 0 0 0 0 0 0 0 0 0 0 0 0 0 0 0 0 0 0 0 0
0 0 0 0 0 0 0 0 0 0 0 0 0 0 0 0 0 0 0 0 0 0 0 0 0 0 0 0 0 0 0 0
0 0 0 0 0 0 0 0 0 0 0 0 0 0 0 0 0 0 0 0 0 0 0 0 0 0 0 0 0 0 0 0
0 0 0 0 0 0 0 0 0 0 0 0 0 0 0 0 0 0 0 0 0 0 0 0 0 0 0 0 0 0 0 0
0 0 0 0 0 0 0 0 0 0 0 0 0 0 0 0 0 0 0 0 0 0 0 0 0 0 0 0 0 0 0 0
0 0 0 0 0 0 0 0 0 0 0 0 0 0 0 0 0 0 0 0 0 0 0 0 0 0 0 0 0 0 0 0
0 0 0 0 0 0 0 0 0 0 0 0 0 0 0 0 0 0 0 0 0 0 0 0 0 0 0 0 0 0 0 0
0 0 0 0 0 0 0 0 0 0 0 0 0 0 0 0 0 0 0 0 0 0 0 0 0 0 0 0 0 0 0 0
0 0 0 0 0 0 0 0 0 0 0 0 0 0 0 0 0 0 0 0 0 0 0 0 0 0 0 0 0 0 0 0
0 0 0 0 0 0 0 0 0 0 0 0 0 0 0 0 0 0 0 0 0 0 0 0 0 0 0 0 0 0 0 0
0 0 0 0 0 0 0 0 0 0 0 0 0 0 0 0 0 0 0 0 0 0 0 0 0 0 0 0 0 0 0 0
0 0 0 0 0 0 0 0 0 0 0 0 0 0 0 0 0 0 0 0 0 0 0 0 0 0 0 0 0 0 0 0
0 0 0 0 0 0 0 0 0 0 0 0 0 0 0 0 0 0 0 0 0 0 0 0 0 0 0 0 0 0 0 0
0 0 0 0 0 0 0 0 0 0 0 0 0 0 0 0 0 0 0 0 0 0 0 0 0 0 0 0 0 0 0 0
0 0 0 0 0 0 0 0 0 0 0 0 0 0 0 0 0 0 0 0 0 0 0 0 0 0 0 0 0 0 0 0
0 0 0 0 0 0 0 0 0 0 0 0 0 0 0 0 0 0 0 0 0 0 0 0 0 0 0 0 0 0 0 0
0 0 0 0 0 0 0 0 0 0 0 0 0 0 0 0 0 0 0 0 0 0 0 0 0 0 0 0 0 0 0 0
0 0 0 0 0 0 0 0 0 0 0 0 0 0 0 0 0 0 0 0 0 0 0 0 0 0 0 0 0 0 0 0
0 0 0 0 0 0 0 0 0 0 0 0 0 0 0 0 0 0 0 0 0 0 0 0 0 0 0 0 0 0 0 0
0 0 0 0 0 0 0 0 0 0 0 0 0 0 0 0 0 0 0 0 0 0 0 0 0 0 0 0 0 0 0 0
0 0 0 0 0 0 0 0 0 0 0 0 0 0 0 0 0 0 0 0 0 0 0 0 0 0 0 0 0 0 0 0
0 0 0 0 0 0 0 0 0 0 0 0 0 0 0 0 0 0 0 0 0 0 0 0 0 0 0 0 0 0 0 0
0 0 0 0 0 0 0 0 0 0 0 0 0 0 0 0 0 0 0 0 0 0 0 0 0 0 0 0 0 0 0 0
0 0 0 0 0 0 0 0 0 0 0 0 0 0 0 0 0 0 0 0 0 0 0 0 0 0 0 0 0 0 0 0
0 0 0 0 0 0 0 0 0 0 0 0 0 0 0 0 0 0 0 0 0 0 0 0 0 0 0 0 0 0 0 0
0 0 0 0 0 0 0 0 0 0 0 0 0 0 0 0 0 0 0 0 0 0 0 0 0 0 0 0 0 0 0 0
0 0 0 0 0 0 0 0 0 0 0 0 0 0 0 0 0 0 0 0 0 0 0 0 0 0 0 0 0 0 0 0
0 0 0 0 0 0 0 0 0 0 0 0 0 0 0 0 0 0 0 0 0 0 0 0 0 0 0 0 0 0 0 0
0 0 0 0 0 0 0 0 0 0 0 0 0 0 0 0 0 0 0 0 0 0 0 0 0 0 0 0 0 0 0 0
0 0 0 0 0 0 0 0 0 0 0 0 0 0 0 0 0 0 0 0 0 0 0 0 0 0 0 0 0 0 0 0
0 0 0 0 0 0 0 0 0 0 0 0 0 0 0 0 0 0 0 0 0 0 0 0 0 0 0 0 0 0 0 0
0 0 0 0 0 0 0 0 0 0 0 0 0 0 0 0 0 0 0 0 0 0 0 0 0 0 0 0 0 0 0 0
0 0 0 0 0 0 0 0 0 0 0 0 0 0 0 0 0 0 0 0 0 0 0 0 0 0 0 0 0 0 0 0
0 0 0 0 0 0 0 0 0 0 0 0 0 0 0 0 0 0 0 0 0 0 0 0 0 0 0 0 0 0 0 0
0 0 0 0 0 0 0 0 0 0 0 0 0 0 0 0 0 0 0 0 0 0 0 0 0 0 0 0 0 0 0 0
0 0 0 0 0 0 0 0 0 0 0 0 0 0 0 0 0 0 0 0 0 0 0 0 0 0 0 0 0 0 0 0
0 0 0 0 0 0 0 0 0 0 0 0 0 0 0 0 0 0 0 0 0 0 0 0 0 0 0 0 0 0 0 0
0 0 0 0 0 0 0 0 0 0 0 0 0 0 0 0 0 0 0 0 0 0 0 0 0 0 0 0 0 0 0 0
0 0 0 0 0 0 0 0 0 0 0 0 0 0 0 0 0 0 0 0 0 0 0 0 0 0 0 0 0 0 0 0
0 0 0 0 0 0 0 0 0 0 0 0 0 0 0 0 0 0 0 0 0 0 0 0 0 0 0 0 0 0 0 0
0 0 0 0 0 0 0 0 0 0 0 0 0 0 0 0 0 0 0 0 0 0 0 0 0 0 0 0 0 0 0 0
0 0 0 0 0 0 0 0 0 0 0 0 0 0 0 0 0 0 0 0 0 0 0 0 0 0 0 0 0 0 0 0
0 0 0 0 0 0 0 0 0 0 0 0 0 0 0 0 0 0 0 0 0 0 0 0 0 0 0 0 0 0 0 0
0 0 0 0 0 0 0 0 0 0 0 0 0 0 0 0 0 0 0 0 0 0 0 0 0 0 0 0 0 0 0 0
0 0 0 0 0 0 0 0 0 0 0 0 0 0 0 0 0 0 0 0 0 0 0 0 0 0 0 0 0 0 0 0
0 0 0 0 0 0 0 0 0 0 0 0 0 0 0 0 0 0 0 0 0 0 0 0 0 0 0 0 0 0 0 0
0 0 0 0 0 0 0 0 0 0 0 0 0 0 0 0 0 0 0 0 0 0 0 0 0 0 0 0 0 0 0 0
0 0 0 0 0 0 0 0 0 0 0 0 0 0 0 0 0 0 0 0 0 0 0 0 0 0 0 0 0 0 0 0
0 0 0 0 0 0 0 0 0 0 0 0 0 0 0 0 0 0 0 0 0 0 0 0 0 0 0 0 0 0 0 0
0 0 0 0 0 0 0 0 0 0 0 0 0 0 0 0 0 0 0 0 0 0 0 0 0 0 0 0 0 0 0 0
0 0 0 0 0 0 0 0 0 0 0 0 0 0 0 0 0 0 0 0 0 0 0 0 0 0 0 0 0 0 0 0
0 0 0 0 0 0 0 0 0 0 0 0 0 0 0 0 0 0 0 0 0 0 0 0 0 0 0 0 0 0 0 0
0 0 0 0 0 0 0 0 0 0 0 0 0 0 0 0 0 0 0 0 0 0 0 0 0 0 0 0 0 0 0 0
0 0 0 0 0 0 0 0 0 0 0 0 0 0 0 0 0 0 0 0 0 0 0 0 0 0 0 0 0 0 0 0
0 0 0 0 0 0 0 0 0 0 0 0 0 0 0 0 0 0 0 0 0 0 0 0 0 0 0 0 0 0 0 0
0 0 0 0 0 0 0 0 0 0 0 0 0 0 0 0 0 0 0 0 0 0 0 0 0 0 0 0 0 0 0 0
0 0 0 0 0 0 0 0 0 0 0 0 0 0 0 0 0 0 0 0 0 0 0 0 0 0 0 0 0 0 0 0
0 0 0 0 0 0 0 0 0 0 0 0 0 0 0 0 0 0 0 0 0 0 0 0 0 0 0 0 0 0 0 0
0 0 0 0 0 0 0 0 0 0 0 0 0 0 0 0 0 0 0 0 0 0 0 0 0 0 0 0 0 0 0 0
0 0 0 0 0 0 0 0 0 0 0 0 0 0 0 0 0 0 0 0 0 0 0 0 0 0 0 0 0 0 0 0
0 0 0 0 0 0 0 0 0 0 0 0 0 0 0 0 0 0 0 0 0 0 0 0 0 0 0 0 0 0 0 0
0 0 0 0 0 0 0 0 0 0 0 0 0 0 0 0 0 0 0 0 0 0 0 0 0 0 0 0 0 0 0 0
0 0 0 0 0 0 0 0 0 0 0 0 0 0 0 0 0 0 0 0 0 0 0 0 0 0 0 0 0 0 0 0
0 0 0 0 0 0 0 0 0 0 0 0 0 0 0 0 0 0 0 0 0 0 0 0 0 0 0 0 0 0 0 0
0 0 0 0 0 0 0 0 0 0 0 0 0 0 0 0 0 0 0 0 0 0 0 0 0 0 0 0 0 0 0 0
0 0 0 0 0 0 0 0 0 0 0 0 0 0 0 0 0 0 0 0 0 0 0 0 0 0 0 0 0 0 0 0
0 0 0 0 0 0 0 0 0 0 0 0 0 0 0 0 0 0 0 0 0 0 0 0 0 0 0 0 0 0 0 0
0 0 0 0 0 0 0 0 0 0 0 0 0 0 0 0 0 0 0 0 0 0 0 0 0 0 0 0 0 0 0 0
0 0 0 0 0 0 0 0 0 0 0 0 0 0 0 0 0 0 0 0 0 0 0 0 0 0 0 0 0 0 0 0
0 0 0 0 0 0 0 0 0 0 0 0 0 0 0 0 0 0 0 0 0 0 0 0 0 0 0 0 0 0 0 0
0 0 0 0 0 0 0 0 0 0 0 0 0 0 0 0 0 0 0 0 0 0 0 0 0 0 0 0 0 0 0 0
0 0 0 0 0 0 0 0 0 0 0 0 0 0 0 0 0 0 0 0 0 0 0 0 0 0 0 0 0 0 0 0
0 0 0 0 0 0 0 0 0 0 0 0 0 0 0 0 0 0 0 0 0 0 0 0 0 0 0 0 0 0 0 0
0 0 0 0 0 0 0 0 0 0 0 0 0 0 0 0 0 0 0 0 0 0 0 0 0 0 0 0 0 0 0 0
0 0 0 0 0 0 0 0 0 0 0 0 0 0 0 0 0 0 0 0 0 0 0 0 0 0 0 0 0 0 0 0
0 0 0 0 0 0 0 0 0 0 0 0 0 0 0 0 0 0 0 0 0 0 0 0 0 0 0 0 0 0 0 0
0 0 0 0 0 0 0 0 0 0 0 0 0 0 0 0 0 0 0 0 0 0 0 0 0 0 0 0 0 0 0 0
0 0 0 0 0 0 0 0 0 0 0 0 0 0 0 0 0 0 0 0 0 0 0 0 0 0 0 0 0 0 0 0
0 0 0 0 0 0 0 0 0 0 0 0 0 0 0 0 0 0 0 0 0 0 0 0 0 0 0 0 0 0 0 0
0 0 0 0 0 0 0 0 0 0 0 0 0 0 0 0 0 0 0 0 0 0 0 0 0 0 0 0 0 0 0 0
0 0 0 0 0 0 0 0 0 0 0 0 0 0 0 0 0 0 0 0 0 0 0 0 0 0 0 0 0 0 0 0
0 0 0 0 0 0 0 0 0 0 0 0 0 0 0 0 0 0 0 0 0 0 0 0 0 0 0 0 0 0 0 0
0 0 0 0 0 0 0 0 0 0 0 0 0 0 0 0 0 0 0 0 0 0 0 0 0 0 0 0 0 0 0 0
0 0 0 0 0 0 0 0 0 0 0 0 0 0 0 0 0 0 0 0 0 0 0 0 0 0 0 0 0 0 0 0
0 0 0 0 0 0 0 0 0 0 0 0 0 0 0 0 0 0 0 0 0 0 0 0 0 0 0 0 0 0 0 0
-9 -42 -7 0 0 0 0 0 0 0 0 0 0 0 0 0 0 0 25 0 0 -25 0 0 25 0 0 -25 0 0 0 0
-9 -42 -9 0 0 0 90 0 0 0 0 0 100 0 0 0 0 0 105 0 0 -25 0 0 105 0 0 -25 0 0 0 0
-9 -42 -5 0 0 0 90 0 0 0 0 0 100 0 0 0 0 0 105 0 0 -25 0 0 105 0 0 -25 0 0 0 0
-9 -42 0 0 0 0 90 0 0 0 0 0 100 0 0 0 0 0 105 0 0 -25 0 0 105 0 0 -25 0 0 0 0
-9 -42 5 0 0 0 90 0 0 0 0 0 100 0 0 0 0 0 105 0 0 -25 0 0 105 0 0 -25 0 0 0 0
-9 -42 0 0 0 0 90 0 0 0 0 0 100 0 0 0 0 0 105 0 0 -25 0 0 105 0 0 -25 0 0 0 0
-9 -42 -7 0 0 0 90 0 0 0 0 0 100 0 0 0 0 0 105 0 0 -25 0 0 105 0 0 -25 0 0 0 0
-9 -42 -13 0 0 0 90 0 0 0 0 0 100 0 0 0 0 0 105 0 0 -25 0 0 105 0 0 -25 0 0 0 0
-9 -42 -6 0 0 0 90 0 0 0 0 0 100 0 0 0 0 0 105 0 0 -25 0 0 105 0 0 -25 0 0 0 0
-9 -42 2 0 0 0 90 0 0 0 0 0 100 0 0 0 0 0 105 0 0 -25 0 0 105 0 0 -25 0 0 0 0
-9 -42 8 0 0 0 90 0 0 0 0 0 100 0 0 0 0 0 105 0 0 -25 0 0 105 0 0 -25 0 0 0 0
-9 -42 -3 0 0 0 90 0 0 0 0 0 100 0 0 0 0 0 105 0 0 -25 0 0 105 0 0 -25 0 0 0 0
-9 -42 -7 0 0 0 0 0 0 0 0 0 0 0 0 0 0 0 25 0 0 -25 0 0 25 0 0 -25 0 0 0 0
-9 -42 -9 0 0 0 90 0 0 0 0 0 100 0 0 0 0 0 105 0 0 -25 0 0 105 0 0 -25 0 0 0 0
-9 -42 -5 0 0 0 90 0 0 0 0 0 100 0 0 0 0 0 105 0 0 -25 0 0 105 0 0 -25 0 0 0 0
-9 -42 0 0 0 0 90 0 0 0 0 0 100 0 0 0 0 0 105 0 0 -25 0 0 105 0 0 -25 0 0 0 0
-9 -42 5 0 0 0 90 0 0 0 0 0 100 0 0 0 0 0 105 0 0 -25 0 0 105 0 0 -25 0 0 0 0
-9 -42 0 0 0 0 90 0 0 0 0 0 100 0 0 0 0 0 105 0 0 -25 0 0 105 0 0 -25 0 0 0 0
-9 -42 -7 0 0 0 90 0 0 0 0 0 100 0 0 0 0 0 105 0 0 -25 0 0 105 0 0 -25 0 0 0 0
-9 -42 -13 0 0 0 90 0 0 0 0 0 100 0 0 0 0 0 105 0 0 -25 0 0 105 0 0 -25 0 0 0 0
-9 -42 -6 0 0 0 90 0 0 0 0 0 100 0 0 0 0 0 105 0 0 -25 0 0 105 0 0 -25 0 0 0 0
-9 -42 2 0 0 0 90 0 0 0 0 0 100 0 0 0 0 0 105 0 0 -25 0 0 105 0 0 -25 0 0 0 0
-9 -42 8 0 0 0 90 0 0 0 0 0 100 0 0 0 0 0 105 0 0 -25 0 0 105 0 0 -25 0 0 0 0
-9 -42 -3 0 0 0 90 0 0 0 0 0 100 0 0 0 0 0 105 0 0 -25 0 0 105 0 0 -25 0 0 0 0
-9 -42 -7 0 0 0 0 0 0 0 0 0 0 0 0 0 0 0 25 0 0 -25 0 0 25 0 0 -25 0 0 0 0
-9 -42 -9 0 0 0 90 0 0 0 0 0 100 0 0 0 0 0 105 0 0 -25 0 0 105 0 0 -25 0 0 0 0
-9 -42 -5 0 0 0 90 0 0 0 0 0 100 0 0 0 0 0 105 0 0 -25 0 0 105 0 0 -25 0 0 0 0
-9 -42 0 0 0 0 90 0 0 0 0 0 100 0 0 0 0 0 105 0 0 -25 0 0 105 0 0 -25 0 0 0 0
-9 -42 5 0 0 0 90 0 0 0 0 0 100 0 0 0 0 0 105 0 0 -25 0 0 105 0 0 -25 0 0 0 0
-9 -42 0 0 0 0 90 0 0 0 0 0 100 0 0 0 0 0 105 0 0 -25 0 0 105 0 0 -25 0 0 0 0
-9 -42 -7 0 0 0 90 0 0 0 0 0 100 0 0 0 0 0 105 0 0 -25 0 0 105 0 0 -25 0 0 0 0
-9 -42 -13 0 0 0 90 0 0 0 0 0 100 0 0 0 0 0 105 0 0 -25 0 0 105 0 0 -25 0 0 0 0
-9 -42 -6 0 0 0 90 0 0 0 0 0 100 0 0 0 0 0 105 0 0 -25 0 0 105 0 0 -25 0 0 0 0
-9 -42 2 0 0 0 90 0 0 0 0 0 100 0 0 0 0 0 105 0 0 -25 0 0 105 0 0 -25 0 0 0 0
-9 -42 8 0 0 0 90 0 0 0 0 0 100 0 0 0 0 0 105 0 0 -25 0 0 105 0 0 -25 0 0 0 0
-9 -42 -3 0 0 0 90 0 0 0 0 0 100 0 0 0 0 0 105 0 0 -25 0 0 105 0 0 -25 0 0 0 0
-9 -42 -7 0 0 0 0 0 0 0 0 0 0 0 0 0 0 0 25 0 0 -25 0 0 25 0 0 -25 0 0 0 0
-9 -42 -9 0 0 0 90 0 0 0 0 0 100 0 0 0 0 0 105 0 0 -25 0 0 105 0 0 -25 0 0 0 0
-9 -42 -5 0 0 0 90 0 0 0 0 0 100 0 0 0 0 0 105 0 0 -25 0 0 105 0 0 -25 0 0 0 0
-9 -42 0 0 0 0 90 0 0 0 0 0 100 0 0 0 0 0 105 0 0 -25 0 0 105 0 0 -25 0 0 0 0
-9 -42 5 0 0 0 90 0 0 0 0 0 100 0 0 0 0 0 105 0 0 -25 0 0 105 0 0 -25 0 0 0 0
-9 -42 0 0 0 0 90 0 0 0 0 0 100 0 0 0 0 0 105 0 0 -25 0 0 105 0 0 -25 0 0 0 0
-9 -42 -7 0 0 0 90 0 0 0 0 0 100 0 0 0 0 0 105 0 0 -25 0 0 105 0 0 -25 0 0 0 0
-9 -42 -13 0 0 0 90 0 0 0 0 0 100 0 0 0 0 0 105 0 0 -25 0 0 105 0 0 -25 0 0 0 0
-9 -42 -6 0 0 0 90 0 0 0 0 0 100 0 0 0 0 0 105 0 0 -25 0 0 105 0 0 -25 0 0 0 0
-9 -42 2 0 0 0 90 0 0 0 0 0 100 0 0 0 0 0 105 0 0 -25 0 0 105 0 0 -25 0 0 0 0
-9 -42 8 0 0 0 90 0 0 0 0 0 100 0 0 0 0 0 105 0 0 -25 0 0 105 0 0 -25 0 0 0 0
-9 -42 -3 0 0 0 90 0 0 0 0 0 100 0 0 0 0 0 105 0 0 -25 0 0 105 0 0 -25 0 0 0 0
-9 -42 -7 0 0 0 0 0 0 0 0 0 0 0 0 0 0 0 25 0 0 -25 0 0 25 0 0 -25 0 0 0 0
-9 -42 -9 0 0 0 90 0 0 0 0 0 100 0 0 0 0 0 105 0 0 -25 0 0 105 0 0 -25 0 0 0 0
-9 -42 -5 0 0 0 90 0 0 0 0 0 100 0 0 0 0 0 105 0 0 -25 0 0 105 0 0 -25 0 0 0 0
-9 -42 0 0 0 0 90 0 0 0 0 0 100 0 0 0 0 0 105 0 0 -25 0 0 105 0 0 -25 0 0 0 0
-9 -42 5 0 0 0 90 0 0 0 0 0 100 0 0 0 0 0 105 0 0 -25 0 0 105 0 0 -25 0 0 0 0
-9 -42 0 0 0 0 90 0 0 0 0 0 100 0 0 0 0 0 105 0 0 -25 0 0 105 0 0 -25 0 0 0 0
-9 -42 -7 0 0 0 90 0 0 0 0 0 100 0 0 0 0 0 105 0 0 -25 0 0 105 0 0 -25 0 0 0 0
-9 -42 -13 0 0 0 90 0 0 0 0 0 100 0 0 0 0 0 105 0 0 -25 0 0 105 0 0 -25 0 0 0 0
-9 -42 -6 0 0 0 90 0 0 0 0 0 100 0 0 0 0 0 105 0 0 -25 0 0 105 0 0 -25 0 0 0 0
-9 -42 2 0 0 0 90 0 0 0 0 0 100 0 0 0 0 0 105 0 0 -25 0 0 105 0 0 -25 0 0 0 0
-9 -42 8 0 0 0 90 0 0 0 0 0 100 0 0 0 0 0 105 0 0 -25 0 0 105 0 0 -25 0 0 0 0
-9 -42 -3 0 0 0 90 0 0 0 0 0 100 0 0 0 0 0 105 0 0 -25 0 0 105 0 0 -25 0 0 0 0
-9 -42 -7 0 0 0 0 0 0 0 0 0 0 0 0 0 0 0 25 0 0 -25 0 0 25 0 0 -25 0 0 0 0
-9 -42 -9 0 0 0 90 0 0 0 0 0 100 0 0 0 0 0 105 0 0 -25 0 0 105 0 0 -25 0 0 0 0
-9 -42 -5 0 0 0 90 0 0 0 0 0 100 0 0 0 0 0 105 0 0 -25 0 0 105 0 0 -25 0 0 0 0
-9 -42 0 0 0 0 90 0 0 0 0 0 100 0 0 0 0 0 105 0 0 -25 0 0 105 0 0 -25 0 0 0 0
-9 -42 5 0 0 0 90 0 0 0 0 0 100 0 0 0 0 0 105 0 0 -25 0 0 105 0 0 -25 0 0 0 0
-9 -42 0 0 0 0 90 0 0 0 0 0 100 0 0 0 0 0 105 0 0 -25 0 0 105 0 0 -25 0 0 0 0
-9 -42 -7 0 0 0 90 0 0 0 0 0 100 0 0 0 0 0 105 0 0 -25 0 0 105 0 0 -25 0 0 0 0
-9 -42 -13 0 0 0 90 0 0 0 0 0 100 0 0 0 0 0 105 0 0 -25 0 0 105 0 0 -25 0 0 0 0
-9 -42 -6 0 0 0 90 0 0 0 0 0 100 0 0 0 0 0 105 0 0 -25 0 0 105 0 0 -25 0 0 0 0
-9 -42 2 0 0 0 90 0 0 0 0 0 100 0 0 0 0 0 105 0 0 -25 0 0 105 0 0 -25 0 0 0 0
-9 -42 8 0 0 0 90 0 0 0 0 0 100 0 0 0 0 0 105 0 0 -25 0 0 105 0 0 -25 0 0 0 0
-9 -42 -3 0 0 0 90 0 0 0 0 0 100 0 0 0 0 0 105 0 0 -25 0 0 105 0 0 -25 0 0 0 0
-9 -42 -7 0 0 0 0 0 0 0 0 0 0 0 0 0 0 0 25 0 0 -25 0 0 25 0 0 -25 0 0 0 0
-9 -42 -9 0 0 0 90 0 0 0 0 0 100 0 0 0 0 0 105 0 0 -25 0 0 105 0 0 -25 0 0 0 0
-9 -42 -5 0 0 0 90 0 0 0 0 0 100 0 0 0 0 0 105 0 0 -25 0 0 105 0 0 -25 0 0 0 0
-9 -42 0 0 0 0 90 0 0 0 0 0 100 0 0 0 0 0 105 0 0 -25 0 0 105 0 0 -25 0 0 0 0
-9 -42 5 0 0 0 90 0 0 0 0 0 100 0 0 0 0 0 105 0 0 -25 0 0 105 0 0 -25 0 0 0 0
-9 -42 0 0 0 0 90 0 0 0 0 0 100 0 0 0 0 0 105 0 0 -25 0 0 105 0 0 -25 0 0 0 0
-9 -42 -7 0 0 0 90 0 0 0 0 0 100 0 0 0 0 0 105 0 0 -25 0 0 105 0 0 -25 0 0 0 0
-9 -42 -13 0 0 0 90 0 0 0 0 0 100 0 0 0 0 0 105 0 0 -25 0 0 105 0 0 -25 0 0 0 0
-9 -42 -6 0 0 0 90 0 0 0 0 0 100 0 0 0 0 0 105 0 0 -25 0 0 105 0 0 -25 0 0 0 0
-9 -42 2 0 0 0 90 0 0 0 0 0 100 0 0 0 0 0 105 0 0 -25 0 0 105 0 0 -25 0 0 0 0
-9 -42 8 0 0 0 90 0 0 0 0 0 100 0 0 0 0 0 105 0 0 -25 0 0 105 0 0 -25 0 0 0 0
-9 -42 -3 0 0 0 90 0 0 0 0 0 100 0 0 0 0 0 105 0 0 -25 0 0 105 0 0 -25 0 0 0 0
-9 -42 -7 0 0 0 0 0 0 0 0 0 0 0 0 0 0 0 25 0 0 -25 0 0 25 0 0 -25 0 0 0 0
-9 -42 -9 0 0 0 90 0 0 0 0 0 100 0 0 0 0 0 105 0 0 -25 0 0 105 0 0 -25 0 0 0 0
-9 -42 -5 0 0 0 90 0 0 0 0 0 100 0 0 0 0 0 105 0 0 -25 0 0 105 0 0 -25 0 0 0 0
-9 -42 0 0 0 0 90 0 0 0 0 0 100 0 0 0 0 0 105 0 0 -25 0 0 105 0 0 -25 0 0 0 0
-9 -42 5 0 0 0 90 0 0 0 0 0 100 0 0 0 0 0 105 0 0 -25 0 0 105 0 0 -25 0 0 0 0
-9 -42 0 0 0 0 90 0 0 0 0 0 100 0 0 0 0 0 105 0 0 -25 0 0 105 0 0 -25 0 0 0 0
-9 -42 -7 0 0 0 90 0 0 0 0 0 100 0 0 0 0 0 105 0 0 -25 0 0 105 0 0 -25 0 0 0 0
-9 -42 -13 0 0 0 90 0 0 0 0 0 100 0 0 0 0 0 105 0 0 -25 0 0 105 0 0 -25 0 0 0 0
-9 -42 -6 0 0 0 90 0 0 0 0 0 100 0 0 0 0 0 105 0 0 -25 0 0 105 0 0 -25 0 0 0 0
-9 -42 2 0 0 0 90 0 0 0 0 0 100 0 0 0 0 0 105 0 0 -25 0 0 105 0 0 -25 0 0 0 0
-9 -42 8 0 0 0 90 0 0 0 0 0 100 0 0 0 0 0 105 0 0 -25 0 0 105 0 0 -25 0 0 0 0
-9 -42 -3 0 0 0 90 0 0 0 0 0 100 0 0 0 0 0 105 0 0 -25 0 0 105 0 0 -25 0 0 0 0
-9 -42 -7 0 0 0 0 0 0 0 0 0 0 0 0 0 0 0 25 0 0 -25 0 0 25 0 0 -25 0 0 0 0
-9 -42 -9 0 0 0 90 0 0 0 0 0 100 0 0 0 0 0 105 0 0 -25 0 0 105 0 0 -25 0 0 0 0
-9 -42 -5 0 0 0 90 0 0 0 0 0 100 0 0 0 0 0 105 0 0 -25 0 0 105 0 0 -25 0 0 0 0
-9 -42 0 0 0 0 90 0 0 0 0 0 100 0 0 0 0 0 105 0 0 -25 0 0 105 0 0 -25 0 0 0 0
-9 -42 5 0 0 0 90 0 0 0 0 0 100 0 0 0 0 0 105 0 0 -25 0 0 105 0 0 -25 0 0 0 0
-9 -42 0 0 0 0 90 0 0 0 0 0 100 0 0 0 0 0 105 0 0 -25 0 0 105 0 0 -25 0 0 0 0
-9 -42 -7 0 0 0 90 0 0 0 0 0 100 0 0 0 0 0 105 0 0 -25 0 0 105 0 0 -25 0 0 0 0
-9 -42 -13 0 0 0 90 0 0 0 0 0 100 0 0 0 0 0 105 0 0 -25 0 0 105 0 0 -25 0 0 0 0
-9 -42 -6 0 0 0 90 0 0 0 0 0 100 0 0 0 0 0 105 0 0 -25 0 0 105 0 0 -25 0 0 0 0
-9 -42 2 0 0 0 90 0 0 0 0 0 100 0 0 0 0 0 105 0 0 -25 0 0 105 0 0 -25 0 0 0 0
-9 -42 8 0 0 0 90 0 0 0 0 0 100 0 0 0 0 0 105 0 0 -25 0 0 105 0 0 -25 0 0 0 0
-9 -42 -3 0 0 0 90 0 0 0 0 0 100 0 0 0 0 0 105 0 0 -25 0 0 105 0 0 -25 0 0 0 0
-9 -42 -4 0 0 0 0 0 0 0 0 0 0 0 0 0 0 0 10 0 0 0 0 0 10 0 0 0 0 0 0 0
-9 -42 -4 0 0 0 0 0 0 0 0 0 0 0 0 0 0 0 10 0 0 0 0 0 10 0 0 0 0 0 0 0
-9 -42 -4 0 0 0 0 0 0 0 0 0 0 0 0 0 0 0 10 0 0 0 0 0 10 0 0 0 0 0 0 0
-9 -42 -4 0 0 0 0 0 0 0 0 0 0 0 0 0 0 0 10 0 0 0 0 0 10 0 0 0 0 0 0 0
-9 -42 -4 0 0 0 0 0 0 0 0 0 0 0 0 0 0 0 10 0 0 0 0 0 10 0 0 0 0 0 0 0
-9 -42 -4 0 0 0 0 0 0 0 0 0 0 0 0 0 0 0 10 0 0 0 0 0 10 0 0 0 0 0 0 0
-9 -42 -4 0 0 0 30 0 0 0 0 0 30 0 0 0 0 0 10 0 0 0 0 0 10 0 0 0 0 0 0 0
-9 -42 -4 0 0 0 60 0 0 0 0 0 60 0 0 0 0 0 10 0 0 0 0 0 10 0 0 0 0 0 0 0
-9 -42 -4 0 0 0 95 0 0 0 0 0 95 0 0 0 0 0 10 0 0 0 0 0 10 0 0 0 0 0 0 0
-9 -42 -4 0 0 0 125 0 0 0 0 0 125 0 0 0 0 0 10 0 0 0 0 0 10 0 0 0 0 0 0 0
-9 -42 -4 0 0 0 160 0 0 0 0 0 160 0 0 0 0 0 10 0 0 0 0 0 10 0 0 0 0 0 0 0
-9 -42 -4 0 0 0 180 0 0 0 0 0 180 0 0 0 0 0 10 0 0 0 0 0 10 0 0 0 0 0 0 0
-9 -42 -4 0 10 0 180 0 0 0 0 0 180 0 0 0 0 0 10 0 0 0 0 0 10 0 0 0 0 0 0 0
-9 -42 -4 0 45 0 180 0 0 0 0 0 180 0 0 0 0 0 10 0 0 0 0 0 10 0 0 0 0 0 0 0
-9 -42 -4 0 80 0 180 0 0 0 0 0 180 0 0 0 0 0 10 0 0 0 0 0 10 0 0 0 0 0 0 0
-9 -42 -4 0 120 0 180 0 0 0 0 0 180 0 0 0 0 0 10 0 0 0 0 0 10 0 0 0 0 0 0 0
-9 -42 -4 0 175 0 180 0 0 0 0 0 180 0 0 0 0 0 10 0 0 0 0 0 10 0 0 0 0 0 0 0
-9 -42 -4 0 210 0 180 0 0 0 0 0 180 0 0 0 0 0 10 0 0 0 0 0 10 0 0 0 0 0 0 0
-9 -42 -4 0 260 0 180 0 0 0 0 0 180 0 0 0 0 0 10 0 0 0 0 0 10 0 0 0 0 0 0 0
-9 -42 -4 0 315 0 180 0 0 0 0 0 180 0 0 0 0 0 10 0 0 0 0 0 10 0 0 0 0 0 0 0
-9 -42 -4 0 5 0 180 0 0 0 0 0 180 0 0 0 0 0 10 0 0 0 0 0 10 0 0 0 0 0 0 0
-9 -42 -4 0 70 0 180 0 0 0 0 0 180 0 0 0 0 0 10 0 0 0 0 0 10 0 0 0 0 0 0 0
-9 -42 -4 0 115 0 180 0 0 0 0 0 180 0 0 0 0 0 10 0 0 0 0 0 10 0 0 0 0 0 0 0
-9 -42 -4 0 170 0 180 0 0 0 0 0 180 0 0 0 0 0 10 0 0 0 0 0 10 0 0 0 0 0 0 0
-9 -42 -4 0 245 0 180 0 0 0 0 0 180 0 0 0 0 0 10 0 0 0 0 0 10 0 0 0 0 0 0 0
-9 -42 -4 0 290 0 180 0 0 0 0 0 180 0 0 0 0 0 10 0 0 0 0 0 10 0 0 0 0 0 0 0
-9 -42 -4 0 320 0 180 0 0 0 0 0 180 0 0 0 0 0 10 0 0 0 0 0 10 0 0 0 0 0 0 0
-9 -42 -4 0 345 0 180 0 0 0 0 0 180 0 0 0 0 0 10 0 0 0 0 0 10 0 0 0 0 0 0 0
-9 -42 -4 0 15 0 180 0 0 0 0 0 180 0 0 0 0 0 10 0 0 0 0 0 10 0 0 0 0 0 0 0
-9 -42 -4 0 15 0 180 0 -35 0 0 0 180 0 35 0 0 0 10 0 0 0 0 0 10 0 0 0 0 0 0 0
-9 -42 -4 0 15 0 180 0 -50 0 0 0 180 0 50 0 0 0 10 0 0 0 0 0 10 0 0 0 0 0 0 0
-9 -42 -4 0 15 0 180 0 -50 0 0 40 180 0 50 0 0 -40 10 0 0 0 0 0 10 0 0 0 0 0 0 0
-9 -42 -4 0 15 0 180 0 -50 0 0 70 180 0 50 0 0 -70 10 0 0 0 0 0 10 0 0 0 0 0 0 0
-9 -42 -4 0 15 0 180 0 -50 0 0 110 180 0 50 0 0 -110 10 0 0 0 0 0 10 0 0 0 0 0 0 0
-9 -42 -4 0 15 0 180 0 -50 0 0 50 180 0 50 0 0 -50 10 0 0 0 0 0 10 0 0 0 0 0 0 0
-9 -42 -4 0 15 0 180 0 -50 0 0 0 180 0 50 0 0 0 10 0 0 0 0 0 10 0 0 0 0 0 0 0
-9 -42 -4 0 15 0 180 0 -50 0 0 75 180 0 50 0 0 -75 10 0 0 0 0 0 10 0 0 0 0 0 0 0
-9 -42 -4 0 15 0 180 0 -50 0 0 110 180 0 50 0 0 -110 10 0 0 0 0 0 10 0 0 0 0 0 0 0
-9 -42 -4 0 15 0 125 0 -50 0 0 110 125 0 50 0 0 -110 10 0 0 0 0 0 10 0 0 0 0 0 0 0
-9 -42 -4 0 15 0 85 0 -50 0 0 110 85 0 50 0 0 -110 10 0 0 0 0 0 10 0 0 0 0 0 0 0
-9 -42 -4 0 15 0 30 0 -50 0 0 110 30 0 50 0 0 -110 10 0 0 0 0 0 10 0 0 0 0 0 0 0
-9 -42 -4 0 15 0 10 0 -50 0 0 110 10 0 50 0 0 -110 10 0 0 0 0 0 10 0 0 0 0 0 0 0
-9 -42 -4 0 15 0 80 0 -50 0 0 110 80 0 50 0 0 -110 10 0 0 0 0 0 10 0 0 0 0 0 0 0
-9 -42 -4 0 15 0 145 0 -50 0 0 110 145 0 50 0 0 -110 10 0 0 0 0 0 10 0 0 0 0 0 0 0
-9 -42 -4 0 15 0 180 0 -50 0 0 110 180 0 50 0 0 -110 10 0 0 0 0 0 10 0 0 0 0 0 0 0
-9 -42 -4 0 15 0 180 35 -50 0 0 110 180 -35 50 0 0 -110 10 0 0 0 0 0 10 0 0 0 0 0 0 0
-9 -42 -4 0 15 0 180 80 -50 0 0 110 180 -80 50 0 0 -110 10 0 0 0 0 0 10 0 0 0 0 0 0 0
-9 -42 -4 0 15 0 180 95 -50 0 0 110 180 -95 50 0 0 -110 10 0 0 0 0 0 10 0 0 0 0 0 0 0
-9 -42 -4 0 15 0 180 40 -50 0 0 110 180 -40 50 0 0 -110 10 0 0 0 0 0 10 0 0 0 0 0 0 0
-9 -42 -4 0 15 0 180 10 -50 0 0 110 180 -10 50 0 0 -110 10 0 0 0 0 0 10 0 0 0 0 0 0 0
-9 -42 -4 0 15 0 180 10 -50 0 -5 60 180 -10 50 0 5 -60 10 0 0 0 0 0 10 0 0 0 0 0 0 0
-9 -42 -4 0 15 0 180 10 -50 0 -5 25 180 -10 50 0 5 -25 10 0 0 0 0 0 10 0 0 0 0 0 0 0
-9 -42 -4 0 15 0 180 10 -50 0 -5 0 180 -10 50 0 5 0 10 0 0 0 0 0 10 0 0 0 0 0 0 0
-9 -42 -4 0 15 0 180 50 -50 0 -5 0 180 -50 50 0 5 0 10 0 0 0 0 0 10 0 0 0 0 0 0 0
-9 -42 -4 0 15 0 180 70 -50 0 -5 0 180 -70 50 0 5 0 10 0 0 0 0 0 10 0 0 0 0 0 0 0
-9 -42 -4 0 15 0 180 90 -50 0 -5 0 180 -90 50 0 5 0 10 0 0 0 0 0 10 0 0 0 0 0 0 0
-9 -42 -4 0 15 0 180 90 0 0 -5 0 180 -90 0 0 5 0 10 0 0 0 0 0 10 0 0 0 0 0 0 0
-9 -42 -4 0 85 0 180 90 0 0 -5 0 180 -90 0 0 5 0 10 0 0 0 0 0 10 0 0 0 0 0 0 0
-9 -42 -4 0 125 0 180 90 0 0 -5 0 180 -90 0 0 5 0 10 0 0 0 0 0 10 0 0 0 0 0 0 0
-9 -42 -4 0 180 0 180 90 0 0 -5 0 180 -90 0 0 5 0 10 0 0 0 0 0 10 0 0 0 0 0 0 0
-9 -42 -4 0 220 0 180 90 0 0 -5 0 180 -90 0 0 5 0 10 0 0 0 0 0 10 0 0 0 0 0 0 0
-9 -42 -4 0 270 0 180 90 0 0 -5 0 180 -90 0 0 5 0 10 0 0 0 0 0 10 0 0 0 0 0 0 0
-9 -42 -4 0 325 0 180 90 0 0 -5 0 180 -90 0 0 5 0 10 0 0 0 0 0 10 0 0 0 0 0 0 0
-9 -42 -4 0 35 0 180 90 0 0 -5 0 180 -90 0 0 5 0 10 0 0 0 0 0 10 0 0 0 0 0 0 0
-9 -42 -4 0 85 0 180 90 0 0 -5 0 180 -90 0 0 5 0 10 0 0 0 0 0 10 0 0 0 0 0 0 0
-9 -42 -4 0 145 0 180 90 0 0 -5 0 180 -90 0 0 5 0 10 0 0 0 0 0 10 0 0 0 0 0 0 0
-9 -42 -4 0 205 0 180 90 0 0 -5 0 180 -90 0 0 5 0 10 0 0 0 0 0 10 0 0 0 0 0 0 0
-9 -42 -4 0 245 0 180 90 0 0 -5 0 180 -90 0 0 5 0 10 0 0 0 0 0 10 0 0 0 0 0 0 0
-9 -42 -4 0 295 0 180 90 0 0 -5 0 180 -90 0 0 5 0 10 0 0 0 0 0 10 0 0 0 0 0 0 0
-9 -42 -4 0 350 0 180 90 0 0 -5 0 180 -90 0 0 5 0 10 0 0 0 0 0 10 0 0 0 0 0 0 0
-9 -42 -4 0 5 0 180 90 0 0 -5 0 180 -90 0 0 5 0 10 0 0 0 0 0 10 0 0 0 0 0 0 0
-9 -42 -4 0 15 0 180 0 0 0 0 0 180 0 0 0 0 0 10 0 0 0 0 0 10 0 0 0 0 0 0 0
-9 -42 -4 0 15 0 180 0 -35 0 0 0 180 0 35 0 0 0 10 0 0 0 0 0 10 0 0 0 0 0 0 0
-9 -42 -4 0 15 0 180 0 -50 0 0 0 180 0 50 0 0 0 10 0 0 0 0 0 10 0 0 0 0 0 0 0
-9 -42 -4 0 15 0 180 0 -50 0 0 40 180 0 50 0 0 -40 10 0 0 0 0 0 10 0 0 0 0 0 0 0
-9 -42 -4 0 15 0 180 0 -50 0 0 70 180 0 50 0 0 -70 10 0 0 0 0 0 10 0 0 0 0 0 0 0
-9 -42 -4 0 15 0 180 0 -50 0 0 110 180 0 50 0 0 -110 10 0 0 0 0 0 10 0 0 0 0 0 0 0
-9 -42 -4 0 15 0 180 0 -50 0 0 50 180 0 50 0 0 -50 10 0 0 0 0 0 10 0 0 0 0 0 0 0
-9 -42 -4 0 15 0 180 0 -50 0 0 0 180 0 50 0 0 0 10 0 0 0 0 0 10 0 0 0 0 0 0 0
-9 -42 -4 0 15 0 180 0 -50 0 0 75 180 0 50 0 0 -75 10 0 0 0 0 0 10 0 0 0 0 0 0 0
-9 -42 -4 0 15 0 180 0 -50 0 0 110 180 0 50 0 0 -110 10 0 0 0 0 0 10 0 0 0 0 0 0 0
-9 -42 -4 0 15 0 125 0 -50 0 0 110 125 0 50 0 0 -110 10 0 0 0 0 0 10 0 0 0 0 0 0 0
-9 -42 -4 0 15 0 85 0 -50 0 0 110 85 0 50 0 0 -110 10 0 0 0 0 0 10 0 0 0 0 0 0 0
-9 -42 -4 0 15 0 30 0 -50 0 0 110 30 0 50 0 0 -110 10 0 0 0 0 0 10 0 0 0 0 0 0 0
-9 -42 -4 0 15 0 10 0 -50 0 0 110 10 0 50 0 0 -110 10 0 0 0 0 0 10 0 0 0 0 0 0 0
-9 -42 -4 0 15 0 80 0 -50 0 0 110 80 0 50 0 0 -110 10 0 0 0 0 0 10 0 0 0 0 0 0 0
-9 -42 -4 0 15 0 145 0 -50 0 0 110 145 0 50 0 0 -110 10 0 0 0 0 0 10 0 0 0 0 0 0 0
-9 -42 -4 0 15 0 180 0 -50 0 0 110 180 0 50 0 0 -110 10 0 0 0 0 0 10 0 0 0 0 0 0 0
-9 -42 -4 0 15 0 180 35 -50 0 0 110 180 -35 50 0 0 -110 10 0 0 0 0 0 10 0 0 0 0 0 0 0
-9 -42 -4 0 15 0 180 80 -50 0 0 110 180 -80 50 0 0 -110 10 0 0 0 0 0 10 0 0 0 0 0 0 0
-9 -42 -4 0 15 0 180 95 -50 0 0 110 180 -95 50 0 0 -110 10 0 0 0 0 0 10 0 0 0 0 0 0 0
-9 -42 -4 0 15 0 180 40 -50 0 0 110 180 -40 50 0 0 -110 10 0 0 0 0 0 10 0 0 0 0 0 0 0
-9 -42 -4 0 15 0 180 10 -50 0 0 110 180 -10 50 0 0 -110 10 0 0 0 0 0 10 0 0 0 0 0 0 0
-9 -42 -4 0 15 0 180 10 -50 0 -5 60 180 -10 50 0 5 -60 10 0 0 0 0 0 10 0 0 0 0 0 0 0
-9 -42 -4 0 15 0 180 10 -50 0 -5 25 180 -10 50 0 5 -25 10 0 0 0 0 0 10 0 0 0 0 0 0 0
-9 -42 -4 0 15 0 180 10 -50 0 -5 0 180 -10 50 0 5 0 10 0 0 0 0 0 10 0 0 0 0 0 0 0
-9 -42 -4 0 15 0 180 50 -50 0 -5 0 180 -50 50 0 5 0 10 0 0 0 0 0 10 0 0 0 0 0 0 0
-9 -42 -4 0 15 0 180 70 -50 0 -5 0 180 -70 50 0 5 0 10 0 0 0 0 0 10 0 0 0 0 0 0 0
-9 -42 -4 0 15 0 180 90 -50 0 -5 0 180 -90 50 0 5 0 10 0 0 0 0 0 10 0 0 0 0 0 0 0
-9 -42 -4 0 15 0 180 90 0 0 -5 0 180 -90 0 0 5 0 10 0 0 0 0 0 10 0 0 0 0 0 0 0
-9 -42 -4 0 85 0 180 90 0 0 -5 0 180 -90 0 0 5 0 10 0 0 0 0 0 10 0 0 0 0 0 0 0
-9 -42 -4 0 125 0 180 90 0 0 -5 0 180 -90 0 0 5 0 10 0 0 0 0 0 10 0 0 0 0 0 0 0
-9 -42 -4 0 180 0 180 90 0 0 -5 0 180 -90 0 0 5 0 10 0 0 0 0 0 10 0 0 0 0 0 0 0
-9 -42 -4 0 220 0 180 90 0 0 -5 0 180 -90 0 0 5 0 10 0 0 0 0 0 10 0 0 0 0 0 0 0
-9 -42 -4 0 270 0 180 90 0 0 -5 0 180 -90 0 0 5 0 10 0 0 0 0 0 10 0 0 0 0 0 0 0
-9 -42 -4 0 325 0 180 90 0 0 -5 0 180 -90 0 0 5 0 10 0 0 0 0 0 10 0 0 0 0 0 0 0
-9 -42 -4 0 35 0 180 90 0 0 -5 0 180 -90 0 0 5 0 10 0 0 0 0 0 10 0 0 0 0 0 0 0
-9 -42 -4 0 85 0 180 90 0 0 -5 0 180 -90 0 0 5 0 10 0 0 0 0 0 10 0 0 0 0 0 0 0
-9 -42 -4 0 145 0 180 90 0 0 -5 0 180 -90 0 0 5 0 10 0 0 0 0 0 10 0 0 0 0 0 0 0
-9 -42 -4 0 205 0 180 90 0 0 -5 0 180 -90 0 0 5 0 10 0 0 0 0 0 10 0 0 0 0 0 0 0
-9 -42 -4 0 245 0 180 90 0 0 -5 0 180 -90 0 0 5 0 10 0 0 0 0 0 10 0 0 0 0 0 0 0
-9 -42 -4 0 295 0 180 90 0 0 -5 0 180 -90 0 0 5 0 10 0 0 0 0 0 10 0 0 0 0 0 0 0
-9 -42 -4 0 350 0 180 90 0 0 -5 0 180 -90 0 0 5 0 10 0 0 0 0 0 10 0 0 0 0 0 0 0
-9 -42 -4 0 5 0 180 90 0 0 -5 0 180 -90 0 0 5 0 10 0 0 0 0 0 10 0 0 0 0 0 0 0
-9 -42 -4 0 15 0 180 0 0 0 0 0 180 0 0 0 0 0 10 0 0 0 0 0 10 0 0 0 0 0 0 0
-9 -42 -4 0 15 0 180 0 -35 0 0 0 180 0 35 0 0 0 10 0 0 0 0 0 10 0 0 0 0 0 0 0
-9 -42 -4 0 15 0 180 0 -50 0 0 0 180 0 50 0 0 0 10 0 0 0 0 0 10 0 0 0 0 0 0 0
-9 -42 -4 0 15 0 180 0 -50 0 0 40 180 0 50 0 0 -40 10 0 0 0 0 0 10 0 0 0 0 0 0 0
-9 -42 -4 0 15 0 180 0 -50 0 0 70 180 0 50 0 0 -70 10 0 0 0 0 0 10 0 0 0 0 0 0 0
-9 -42 -4 0 15 0 180 0 -50 0 0 110 180 0 50 0 0 -110 10 0 0 0 0 0 10 0 0 0 0 0 0 0
-9 -42 -4 0 15 0 180 0 -50 0 0 50 180 0 50 0 0 -50 10 0 0 0 0 0 10 0 0 0 0 0 0 0
-9 -42 -4 0 15 0 180 0 -50 0 0 0 180 0 50 0 0 0 10 0 0 0 0 0 10 0 0 0 0 0 0 0
-9 -42 -4 0 15 0 180 0 -50 0 0 75 180 0 50 0 0 -75 10 0 0 0 0 0 10 0 0 0 0 0 0 0
-9 -42 -4 0 15 0 180 0 -50 0 0 110 180 0 50 0 0 -110 10 0 0 0 0 0 10 0 0 0 0 0 0 0
-9 -42 -4 0 15 0 125 0 -50 0 0 110 125 0 50 0 0 -110 10 0 0 0 0 0 10 0 0 0 0 0 0 0
-9 -42 -4 0 15 0 85 0 -50 0 0 110 85 0 50 0 0 -110 10 0 0 0 0 0 10 0 0 0 0 0 0 0
-9 -42 -4 0 15 0 30 0 -50 0 0 110 30 0 50 0 0 -110 10 0 0 0 0 0 10 0 0 0 0 0 0 0
-9 -42 -4 0 15 0 10 0 -50 0 0 110 10 0 50 0 0 -110 10 0 0 0 0 0 10 0 0 0 0 0 0 0
-9 -42 -4 0 15 0 80 0 -50 0 0 110 80 0 50 0 0 -110 10 0 0 0 0 0 10 0 0 0 0 0 0 0
-9 -42 -4 0 15 0 145 0 -50 0 0 110 145 0 50 0 0 -110 10 0 0 0 0 0 10 0 0 0 0 0 0 0
-9 -42 -4 0 15 0 180 0 -50 0 0 110 180 0 50 0 0 -110 10 0 0 0 0 0 10 0 0 0 0 0 0 0
-9 -42 -4 0 15 0 180 35 -50 0 0 110 180 -35 50 0 0 -110 10 0 0 0 0 0 10 0 0 0 0 0 0 0
-9 -42 -4 0 15 0 180 80 -50 0 0 110 180 -80 50 0 0 -110 10 0 0 0 0 0 10 0 0 0 0 0 0 0
-9 -42 -4 0 15 0 180 95 -50 0 0 110 180 -95 50 0 0 -110 10 0 0 0 0 0 10 0 0 0 0 0 0 0
-9 -42 -4 0 15 0 180 40 -50 0 0 110 180 -40 50 0 0 -110 10 0 0 0 0 0 10 0 0 0 0 0 0 0
-9 -42 -4 0 15 0 180 10 -50 0 0 110 180 -10 50 0 0 -110 10 0 0 0 0 0 10 0 0 0 0 0 0 0
-9 -42 -4 0 15 0 180 10 -50 0 -5 60 180 -10 50 0 5 -60 10 0 0 0 0 0 10 0 0 0 0 0 0 0
-9 -42 -4 0 15 0 180 10 -50 0 -5 25 180 -10 50 0 5 -25 10 0 0 0 0 0 10 0 0 0 0 0 0 0
-9 -42 -4 0 15 0 180 10 -50 0 -5 0 180 -10 50 0 5 0 10 0 0 0 0 0 10 0 0 0 0 0 0 0
-9 -42 -4 0 15 0 180 50 -50 0 -5 0 180 -50 50 0 5 0 10 0 0 0 0 0 10 0 0 0 0 0 0 0
-9 -42 -4 0 15 0 180 70 -50 0 -5 0 180 -70 50 0 5 0 10 0 0 0 0 0 10 0 0 0 0 0 0 0
-9 -42 -4 0 15 0 180 90 -50 0 -5 0 180 -90 50 0 5 0 10 0 0 0 0 0 10 0 0 0 0 0 0 0
-9 -42 -4 0 15 0 180 90 0 0 -5 0 180 -90 0 0 5 0 10 0 0 0 0 0 10 0 0 0 0 0 0 0
-9 -42 -4 0 85 0 180 90 0 0 -5 0 180 -90 0 0 5 0 10 0 0 0 0 0 10 0 0 0 0 0 0 0
-9 -42 -4 0 125 0 180 90 0 0 -5 0 180 -90 0 0 5 0 10 0 0 0 0 0 10 0 0 0 0 0 0 0
-9 -42 -4 0 180 0 180 90 0 0 -5 0 180 -90 0 0 5 0 10 0 0 0 0 0 10 0 0 0 0 0 0 0
-9 -42 -4 0 220 0 180 90 0 0 -5 0 180 -90 0 0 5 0 10 0 0 0 0 0 10 0 0 0 0 0 0 0
-9 -42 -4 0 270 0 180 90 0 0 -5 0 180 -90 0 0 5 0 10 0 0 0 0 0 10 0 0 0 0 0 0 0
-9 -42 -4 0 325 0 180 90 0 0 -5 0 180 -90 0 0 5 0 10 0 0 0 0 0 10 0 0 0 0 0 0 0
-9 -42 -4 0 35 0 180 90 0 0 -5 0 180 -90 0 0 5 0 10 0 0 0 0 0 10 0 0 0 0 0 0 0
-9 -42 -4 0 85 0 180 90 0 0 -5 0 180 -90 0 0 5 0 10 0 0 0 0 0 10 0 0 0 0 0 0 0
-9 -42 -4 0 145 0 180 90 0 0 -5 0 180 -90 0 0 5 0 10 0 0 0 0 0 10 0 0 0 0 0 0 0
-9 -42 -4 0 205 0 180 90 0 0 -5 0 180 -90 0 0 5 0 10 0 0 0 0 0 10 0 0 0 0 0 0 0
-9 -42 -4 0 245 0 180 90 0 0 -5 0 180 -90 0 0 5 0 10 0 0 0 0 0 10 0 0 0 0 0 0 0
-9 -42 -4 0 295 0 180 90 0 0 -5 0 180 -90 0 0 5 0 10 0 0 0 0 0 10 0 0 0 0 0 0 0
-9 -42 -4 0 350 0 180 90 0 0 -5 0 180 -90 0 0 5 0 10 0 0 0 0 0 10 0 0 0 0 0 0 0
-9 -42 -4 0 5 0 180 90 0 0 -5 0 180 -90 0 0 5 0 10 0 0 0 0 0 10 0 0 0 0 0 0 0
-9 -42 -4 0 5 5 145 90 0 0 -5 0 145 -90 0 0 5 0 10 0 0 0 0 0 10 0 0 0 0 0 0 0
-9 -42 -4 0 5 5 110 90 0 0 -5 0 110 -90 0 0 5 0 10 0 0 0 0 0 10 0 0 0 0 0 0 0
-9 -42 -4 0 5 5 90 90 0 0 -5 0 90 -90 0 0 5 0 10 0 0 0 0 0 10 0 0 0 0 0 0 0
-9 -42 -4 0 5 5 110 90 0 0 -5 0 70 -90 0 0 5 0 10 0 0 0 0 0 10 0 0 0 0 0 0 0
-9 -42 -4 0 5 5 140 90 0 0 -5 0 40 -90 0 0 5 0 10 0 0 0 0 0 10 0 0 0 0 0 0 0
-9 -42 -4 0 5 5 170 90 0 0 -5 0 10 -90 0 0 5 0 10 0 0 0 0 0 10 0 0 0 0 0 0 0
-9 -42 -4 0 5 5 145 90 0 0 -5 0 35 -90 0 0 5 0 10 0 0 0 0 0 10 0 0 0 0 0 0 0
-9 -42 -4 0 5 5 120 90 0 0 -5 0 60 -90 0 0 5 0 10 0 0 0 0 0 10 0 0 0 0 0 0 0
-9 -42 -4 0 5 5 85 90 0 0 -5 0 95 -90 0 0 5 0 10 0 0 0 0 0 10 0 0 0 0 0 0 0
-9 -42 -4 0 5 5 55 90 0 0 -5 0 125 -90 0 0 5 0 10 0 0 0 0 0 10 0 0 0 0 0 0 0
-9 -42 -4 0 5 5 25 90 0 0 -5 0 155 -90 0 0 5 0 10 0 0 0 0 0 10 0 0 0 0 0 0 0
-9 -42 -4 0 5 5 0 90 0 0 -5 0 180 -90 0 0 5 0 10 0 0 0 0 0 10 0 0 0 0 0 0 0
-9 -42 -4 0 5 5 40 90 0 0 -5 0 140 -90 0 0 5 0 10 0 0 0 0 0 10 0 0 0 0 0 0 0
-9 -42 -4 0 5 5 75 90 0 0 -5 0 105 -90 0 0 5 0 10 0 0 0 0 0 10 0 0 0 0 0 0 0
-9 -42 -4 0 5 5 110 90 0 0 -5 0 70 -90 0 0 5 0 10 0 0 0 0 0 10 0 0 0 0 0 0 0
-9 -42 -4 0 5 5 145 90 0 0 -5 0 35 -90 0 0 5 0 10 0 0 0 0 0 10 0 0 0 0 0 0 0
-9 -42 -4 0 5 5 170 90 0 0 -5 0 10 -90 0 0 5 0 10 0 0 0 0 0 10 0 0 0 0 0 0 0
-9 -42 -4 0 5 5 140 90 0 0 -5 0 40 -90 0 0 5 0 10 0 0 0 0 0 10 0 0 0 0 0 0 0
-9 -42 -4 0 5 5 110 90 0 0 -5 0 70 -90 0 0 5 0 10 0 0 0 0 0 10 0 0 0 0 0 0 0
-9 -42 -4 0 5 5 80 90 0 0 -5 0 100 -90 0 0 5 0 10 0 0 0 0 0 10 0 0 0 0 0 0 0
-9 -42 -4 0 5 5 50 90 0 0 -5 0 130 -90 0 0 5 0 10 0 0 0 0 0 10 0 0 0 0 0 0 0
-9 -42 -4 0 5 5 15 90 0 0 -5 0 165 -90 0 0 5 0 10 0 0 0 0 0 10 0 0 0 0 0 0 0
-9 -42 -4 0 5 5 45 90 0 0 -5 0 135 -90 0 0 5 0 10 0 0 0 0 0 10 0 0 0 0 0 0 0
-9 -42 -4 0 5 5 75 90 0 0 -5 0 105 -90 0 0 5 0 10 0 0 0 0 0 10 0 0 0 0 0 0 0
-9 -42 -4 0 5 5 90 90 0 0 -5 0 90 -90 0 0 5 0 10 0 0 0 0 0 10 0 0 0 0 0 0 0
-9 -42 -4 0 5 5 90 90 0 0 -5 0 90 -90 0 0 5 0 -25 0 0 0 0 0 10 0 0 0 0 0 0 0
-9 -42 -4 0 5 5 90 90 0 0 -5 0 90 -90 0 0 5 0 -40 0 0 0 0 0 10 0 0 0 0 0 0 0
-9 -42 -4 0 5 5 90 90 0 0 -5 0 90 -90 0 0 5 0 -40 0 0 -45 0 0 10 0 0 0 0 0 0 0
-9 -42 -4 0 5 5 90 90 0 0 -5 0 90 -90 0 0 5 0 -40 0 0 -65 0 0 10 0 0 0 0 0 0 0
-9 -42 -4 0 5 5 90 90 0 0 -5 0 90 -90 0 0 5 0 0 0 0 -45 0 0 10 0 0 0 0 0 0 0
-9 -42 -4 0 5 5 90 90 0 0 -5 0 90 -90 0 0 5 0 55 0 0 -45 0 0 10 0 0 0 0 0 0 0
-9 -42 -4 0 5 5 90 90 0 0 -5 0 90 -90 0 0 5 0 85 0 0 -75 0 0 10 0 0 0 0 0 0 0
-9 -42 -4 0 5 5 90 90 0 0 -5 0 90 -90 0 0 5 0 105 0 0 -90 0 0 10 0 0 0 0 0 0 0
-9 -42 -4 0 5 5 90 90 0 0 -5 0 90 -90 0 0 5 0 55 0 0 -90 0 0 10 0 0 0 0 0 0 0
-9 -42 -4 0 5 5 90 90 0 0 -5 0 90 -90 0 0 5 0 25 0 0 -90 0 0 10 0 0 0 0 0 0 0
-9 -42 -4 0 5 5 90 90 0 0 -5 0 90 -90 0 0 5 0 70 0 0 -90 0 0 10 0 0 0 0 0 0 0
-9 -42 -4 0 5 5 90 90 0 0 -5 0 90 -90 0 0 5 0 110 0 0 -90 0 0 10 0 0 0 0 0 0 0
-9 -42 -4 0 5 5 90 90 0 0 -5 0 90 -90 0 0 5 0 55 0 0 -90 0 0 10 0 0 0 0 0 0 0
-9 -42 -4 0 5 5 90 90 0 0 -5 0 90 -90 0 0 5 0 15 0 0 -90 0 0 10 0 0 0 0 0 0 0
-9 -42 -4 0 5 5 90 90 0 0 -5 0 90 -90 0 0 5 0 -15 0 0 -90 0 0 10 0 0 0 0 0 0 0
-9 -42 -4 0 5 5 90 90 0 0 -5 0 90 -90 0 0 5 0 -15 0 0 -105 0 0 10 0 0 0 0 0 0 0
-9 -42 -4 0 5 5 90 90 0 0 -5 0 90 -90 0 0 5 0 35 0 0 -105 0 0 10 0 0 0 0 0 0 0
-9 -42 -4 0 5 5 90 90 0 0 -5 0 90 -90 0 0 5 0 65 0 0 -105 0 0 10 0 0 0 0 0 0 0
-9 -42 -4 0 5 5 90 90 0 0 -5 0 90 -90 0 0 5 0 110 0 0 -105 0 0 10 0 0 0 0 0 0 0
-9 -42 -4 0 5 5 90 90 0 0 -5 0 90 -90 0 0 5 0 55 0 0 -105 0 0 10 0 0 0 0 0 0 0
-9 -42 -4 0 5 5 90 90 0 0 -5 0 90 -90 0 0 5 0 0 0 0 -105 0 0 10 0 0 0 0 0 0 0
-9 -42 -4 0 5 5 90 90 0 0 -5 0 90 -90 0 0 5 0 65 0 0 -105 0 0 10 0 0 0 0 0 0 0
-9 -42 -4 0 5 5 90 90 0 0 -5 0 90 -90 0 0 5 0 110 0 0 -105 0 0 10 0 0 0 0 0 0 0
-9 -42 -4 0 5 5 90 90 0 0 -5 0 90 -90 0 0 5 0 40 0 0 -105 0 0 10 0 0 0 0 0 0 0
-9 -42 -4 0 5 5 90 90 0 0 -5 0 90 -90 0 0 5 0 -15 0 0 -105 0 0 10 0 0 0 0 0 0 0
-9 -42 -4 0 5 5 90 90 0 0 -5 0 90 -90 0 0 5 0 -15 0 0 -35 0 0 10 0 0 0 0 0 0 0
-9 -42 -4 0 5 5 90 90 0 0 -5 0 90 -90 0 0 5 0 -15 0 0 0 0 0 10 0 0 0 0 0 0 0
-9 -42 -4 0 5 5 90 90 0 0 -5 0 90 -90 0 0 5 0 -15 0 0 -50 0 0 10 0 0 0 0 0 0 0
-9 -42 -4 0 5 5 90 90 0 0 -5 0 90 -90 0 0 5 0 -15 0 0 -75 0 0 10 0 0 0 0 0 0 0
-9 -42 -4 0 5 5 90 90 0 0 -5 0 90 -90 0 0 5 0 -15 0 0 -40 0 0 10 0 0 0 0 0 0 0
-9 -42 -4 0 5 5 90 90 0 0 -5 0 90 -90 0 0 5 0 -15 0 0 -5 0 0 10 0 0 0 0 0 0 0
-9 -42 -4 0 5 5 90 90 0 0 -5 0 90 -90 0 0 5 0 -15 0 0 -50 0 0 10 0 0 0 0 0 0 0
-9 -42 -4 0 5 5 90 90 0 0 -5 0 90 -90 0 0 5 0 -15 0 0 -70 0 0 10 0 0 0 0 0 0 0
-9 -42 -4 0 5 5 90 90 0 0 -5 0 90 -90 0 0 5 0 -15 0 0 -90 0 0 10 0 0 0 0 0 0 0
-9 -42 -4 0 5 5 90 90 0 0 -5 0 90 -90 0 0 5 0 -15 0 0 -105 0 0 10 0 0 0 0 0 0 0
-9 -42 -4 0 5 5 90 90 0 0 -5 0 90 -90 0 0 5 0 35 0 0 -105 0 0 10 0 0 0 0 0 0 0
-9 -42 -4 0 5 5 90 90 0 0 -5 0 90 -90 0 0 5 0 65 0 0 -105 0 0 10 0 0 0 0 0 0 0
-9 -42 -4 0 5 5 90 90 0 0 -5 0 90 -90 0 0 5 0 110 0 0 -105 0 0 10 0 0 0 0 0 0 0
-9 -42 -4 0 5 5 90 90 0 0 -5 0 90 -90 0 0 5 0 55 0 0 -105 0 0 10 0 0 0 0 0 0 0
-9 -42 -4 0 5 5 90 90 0 0 -5 0 90 -90 0 0 5 0 0 0 0 -105 0 0 10 0 0 0 0 0 0 0
-9 -42 -4 0 5 5 90 90 0 0 -5 0 90 -90 0 0 5 0 65 0 0 -105 0 0 10 0 0 0 0 0 0 0
-9 -42 -4 0 5 5 90 90 0 0 -5 0 90 -90 0 0 5 0 110 0 0 -105 0 0 10 0 0 0 0 0 0 0
-9 -42 -4 0 5 5 90 90 0 0 -5 0 90 -90 0 0 5 0 40 0 0 -105 0 0 10 0 0 0 0 0 0 0
-9 -42 -4 0 5 5 90 90 0 0 -5 0 90 -90 0 0 5 0 -15 0 0 -105 0 0 10 0 0 0 0 0 0 0
-9 -42 -4 0 5 5 90 90 0 0 -5 0 90 -90 0 0 5 0 -15 0 0 -35 0 0 10 0 0 0 0 0 0 0
-9 -42 -4 0 5 5 90 90 0 0 -5 0 90 -90 0 0 5 0 -15 0 0 0 0 0 10 0 0 0 0 0 0 0
-9 -42 -4 0 5 5 90 90 0 0 -5 0 90 -90 0 0 5 0 -15 0 0 -50 0 0 10 0 0 0 0 0 0 0
-9 -42 -4 0 5 5 90 90 0 0 -5 0 90 -90 0 0 5 0 -15 0 0 -75 0 0 10 0 0 0 0 0 0 0
-9 -42 -4 0 5 5 90 90 0 0 -5 0 90 -90 0 0 5 0 -15 0 0 -40 0 0 10 0 0 0 0 0 0 0
-9 -42 -4 0 5 5 90 90 0 0 -5 0 90 -90 0 0 5 0 -15 0 0 -5 0 0 10 0 0 0 0 0 0 0
-9 -42 -4 0 5 5 90 90 0 0 -5 0 90 -90 0 0 5 0 -15 0 0 -50 0 0 10 0 0 0 0 0 0 0
-9 -42 -4 0 5 5 90 90 0 0 -5 0 90 -90 0 0 5 0 -15 0 0 -70 0 0 10 0 0 0 0 0 0 0
-9 -42 -4 0 5 5 90 90 0 0 -5 0 90 -90 0 0 5 0 -15 0 0 -90 0 0 10 0 0 0 0 0 0 0
-9 -42 -4 0 5 5 90 90 0 0 -5 0 90 -90 0 0 5 0 -15 0 0 -105 0 0 10 0 0 0 0 0 0 0
-9 -42 -4 0 5 5 90 90 0 0 -5 0 90 -90 0 0 5 0 35 0 0 -105 0 0 10 0 0 0 0 0 0 0
-9 -42 -4 0 5 5 90 90 0 0 -5 0 90 -90 0 0 5 0 65 0 0 -105 0 0 10 0 0 0 0 0 0 0
-9 -42 -4 0 5 5 90 90 0 0 -5 0 90 -90 0 0 5 0 110 0 0 -105 0 0 10 0 0 0 0 0 0 0
-9 -42 -4 0 5 5 90 90 0 0 -5 0 90 -90 0 0 5 0 55 0 0 -105 0 0 10 0 0 0 0 0 0 0
-9 -42 -4 0 5 5 90 90 0 0 -5 0 90 -90 0 0 5 0 0 0 0 -105 0 0 10 0 0 0 0 0 0 0
-9 -42 -4 0 5 5 90 90 0 0 -5 0 90 -90 0 0 5 0 65 0 0 -105 0 0 10 0 0 0 0 0 0 0
-9 -42 -4 0 5 5 90 90 0 0 -5 0 90 -90 0 0 5 0 110 0 0 -105 0 0 10 0 0 0 0 0 0 0
-9 -42 -4 0 5 5 90 90 0 0 -5 0 90 -90 0 0 5 0 40 0 0 -105 0 0 10 0 0 0 0 0 0 0
-9 -42 -4 0 5 5 90 90 0 0 -5 0 90 -90 0 0 5 0 -15 0 0 -105 0 0 10 0 0 0 0 0 0 0
-9 -42 -4 0 5 5 90 90 0 0 -5 0 90 -90 0 0 5 0 -15 0 0 -35 0 0 10 0 0 0 0 0 0 0
-9 -42 -4 0 5 5 90 90 0 0 -5 0 90 -90 0 0 5 0 -15 0 0 0 0 0 10 0 0 0 0 0 0 0
-9 -42 -4 0 5 5 90 90 0 0 -5 0 90 -90 0 0 5 0 -15 0 0 -50 0 0 10 0 0 0 0 0 0 0
-9 -42 -4 0 5 5 90 90 0 0 -5 0 90 -90 0 0 5 0 -15 0 0 -75 0 0 10 0 0 0 0 0 0 0
-9 -42 -4 0 5 5 90 90 0 0 -5 0 90 -90 0 0 5 0 -15 0 0 -40 0 0 10 0 0 0 0 0 0 0
-9 -42 -4 0 5 5 90 90 0 0 -5 0 90 -90 0 0 5 0 -15 0 0 -5 0 0 10 0 0 0 0 0 0 0
-9 -42 -4 0 5 5 90 90 0 0 -5 0 90 -90 0 0 5 0 -15 0 0 -50 0 0 10 0 0 0 0 0 0 0
-9 -42 -4 0 5 5 90 90 0 0 -5 0 90 -90 0 0 5 0 -15 0 0 -70 0 0 10 0 0 0 0 0 0 0
-9 -42 -4 0 5 5 90 90 0 0 -5 0 125 25 0 0 5 0 15 0 0 -70 0 0 10 0 0 0 0 0 0 0
-9 -42 -4 0 5 5 85 90 0 0 -5 0 150 25 15 -5 5 -35 15 0 0 -35 0 0 10 0 0 0 0 0 0 0
-9 -42 -4 0 5 5 60 90 0 -50 -5 0 175 25 0 -5 5 -65 15 0 0 -35 0 0 10 0 0 0 0 0 0 0
-9 -42 -4 0 5 5 60 90 0 -50 0 0 175 25 -20 -5 5 -65 15 0 0 -5 0 0 10 0 0 0 0 0 0 0
-9 -42 -4 0 5 5 60 90 0 -50 0 0 175 25 15 -5 5 -65 15 0 0 -5 0 0 10 0 0 0 0 0 0 0
-9 -42 -4 0 5 5 60 90 0 -50 0 0 175 25 50 -5 5 -65 15 0 0 -5 0 0 10 0 0 0 0 0 0 0
-9 -42 -4 0 5 5 60 90 0 -50 0 0 175 25 50 -5 0 -35 15 0 0 -5 0 0 10 0 0 0 0 0 0 0
-9 -42 -4 0 5 5 60 90 0 -50 0 0 175 25 50 -5 0 -5 15 0 0 -5 0 0 10 0 0 0 0 0 0 0
-9 -42 -4 0 5 5 60 90 0 -50 0 0 175 25 50 -5 0 -50 15 0 0 -5 0 0 10 0 0 0 0 0 0 0
-9 -42 -4 0 5 5 60 90 0 -50 0 0 175 25 50 -5 0 -75 15 0 0 -5 0 0 10 0 0 0 0 0 0 0
-9 -42 -4 0 5 5 60 90 0 -50 0 0 175 25 15 -5 0 -75 15 0 0 -5 0 0 10 0 0 0 0 0 0 0
-9 -42 -4 0 5 5 60 90 0 -50 0 0 175 25 -15 -5 0 -75 15 0 0 -5 0 0 10 0 0 0 0 0 0 0
-9 -42 -4 0 5 5 60 90 0 -50 0 0 175 25 -25 -5 0 -75 15 0 0 -5 0 0 10 0 0 0 0 0 0 0
-9 -42 -4 0 5 5 60 90 0 -50 0 0 175 25 25 -5 0 -75 15 0 0 -5 0 0 10 0 0 0 0 0 0 0
-9 -42 -4 0 5 5 60 90 0 -50 0 0 175 25 50 -5 0 -75 15 0 0 -5 0 0 10 0 0 0 0 0 0 0
-9 -42 -4 0 5 5 60 90 0 -50 0 0 175 25 50 -5 0 -40 15 0 0 -5 0 0 10 0 0 0 0 0 0 0
-9 -42 -4 0 5 5 60 90 0 -50 0 0 175 25 50 -5 0 -5 15 0 0 -5 0 0 10 0 0 0 0 0 0 0
-9 -42 -4 0 5 5 60 90 0 -50 0 0 175 25 50 -5 0 -50 15 0 0 -5 0 0 10 0 0 0 0 0 0 0
-9 -42 -4 0 5 5 60 90 0 -50 0 0 175 25 50 -5 0 -75 15 0 0 -5 0 0 10 0 0 0 0 0 0 0
-9 -42 -4 0 5 5 60 90 0 -50 0 0 175 25 15 -5 0 -75 15 0 0 -5 0 0 10 0 0 0 0 0 0 0
-9 -42 -4 0 5 5 60 90 0 -50 0 0 175 25 -15 -5 0 -75 15 0 0 -5 0 0 10 0 0 0 0 0 0 0
-9 -42 -4 0 5 5 60 90 0 -50 0 0 175 25 -25 -5 0 -75 15 0 0 -5 0 0 10 0 0 0 0 0 0 0
-9 -42 -4 0 5 5 60 90 0 -50 0 0 175 25 25 -5 0 -75 15 0 0 -5 0 0 10 0 0 0 0 0 0 0
-9 -42 -4 0 5 5 60 90 0 -50 0 0 175 25 50 -5 0 -75 15 0 0 -5 0 0 10 0 0 0 0 0 0 0
-9 -42 -4 0 5 5 60 90 0 -50 0 0 175 25 50 -5 0 -40 15 0 0 -5 0 0 10 0 0 0 0 0 0 0
-9 -42 -4 0 5 5 60 90 0 -50 0 0 175 25 50 -5 0 -5 15 0 0 -5 0 0 10 0 0 0 0 0 0 0
-9 -42 -4 0 5 5 60 90 0 -50 0 0 175 25 50 -5 0 -50 15 0 0 -5 0 0 10 0 0 0 0 0 0 0
-9 -42 -4 0 5 5 60 90 0 -50 0 0 175 25 50 -5 0 -75 15 0 0 -5 0 0 10 0 0 0 0 0 0 0
-9 -42 -4 0 5 5 60 90 0 -50 0 0 175 25 15 -5 0 -75 15 0 0 -5 0 0 10 0 0 0 0 0 0 0
-9 -42 -4 0 5 5 60 90 0 -50 0 0 175 25 -15 -5 0 -75 15 0 0 -5 0 0 10 0 0 0 0 0 0 0
-9 -42 -4 0 5 5 60 90 0 -50 0 0 175 25 -25 -5 0 -75 15 0 0 -5 0 0 10 0 0 0 0 0 0 0
-9 -42 -4 0 5 5 60 90 0 -50 0 0 175 25 25 -5 0 -75 15 0 0 -5 0 0 10 0 0 0 0 0 0 0
-9 -42 -4 0 5 5 60 90 0 -50 0 0 175 25 50 -5 0 -75 15 0 0 -5 0 0 10 0 0 0 0 0 0 0
-9 -42 -4 0 5 5 60 90 0 -50 0 0 175 25 50 -5 0 -40 15 0 0 -5 0 0 10 0 0 0 0 0 0 0
-9 -42 -4 0 5 5 60 90 0 -50 0 0 175 25 50 -5 0 -5 15 0 0 -5 0 0 10 0 0 0 0 0 0 0
-9 -42 -4 0 5 5 60 90 0 -50 0 0 175 25 50 -5 0 -50 15 0 0 -5 0 0 10 0 0 0 0 0 0 0
-9 -42 -4 0 5 5 60 90 0 -50 0 0 175 25 50 -5 0 -75 15 0 0 -5 0 0 10 0 0 0 0 0 0 0
-9 -42 -4 0 5 5 60 90 0 -50 0 0 175 25 15 -5 0 -75 15 0 0 -5 0 0 10 0 0 0 0 0 0 0
-9 -42 -4 0 5 5 60 90 0 -50 0 0 175 25 -15 -5 0 -75 15 0 0 -5 0 0 10 0 0 0 0 0 0 0
-9 -42 -4 0 5 5 60 90 0 -50 0 0 175 25 -25 -5 0 -75 15 0 0 -5 0 0 10 0 0 0 0 0 0 0
-9 -42 -4 0 5 5 60 90 0 -50 0 0 175 25 25 -5 0 -75 15 0 0 -5 0 0 10 0 0 0 0 0 0 0
-9 -42 -4 0 5 5 60 90 0 -50 0 0 175 25 50 -5 0 -75 15 0 0 -5 0 0 10 0 0 0 0 0 0 0
-9 -42 -4 0 5 5 60 90 0 -50 0 0 175 25 50 -5 0 -40 15 0 0 -5 0 0 10 0 0 0 0 0 0 0
-9 -42 -4 0 5 5 60 90 0 -50 0 0 175 25 50 -5 0 -5 15 0 0 -5 0 0 10 0 0 0 0 0 0 0
-9 -42 -4 0 5 5 60 90 0 -50 0 0 175 25 50 -5 0 -50 15 0 0 -5 0 0 10 0 0 0 0 0 0 0
-9 -42 -4 0 5 5 60 90 0 -50 0 0 175 25 50 -5 0 -75 15 0 0 -5 0 0 10 0 0 0 0 0 0 0
-9 -42 -4 0 5 5 60 90 0 -50 0 0 175 25 15 -5 0 -75 15 0 0 -5 0 0 10 0 0 0 0 0 0 0
-9 -42 -4 0 5 5 60 90 0 -50 0 0 175 25 -15 -5 0 -75 15 0 0 -5 0 0 10 0 0 0 0 0 0 0
-9 -42 -4 0 5 5 60 90 0 -50 0 0 175 25 -25 -5 0 -75 15 0 0 -5 0 0 10 0 0 0 0 0 0 0
-9 -42 -4 0 5 5 60 90 0 -50 0 0 175 25 25 -5 0 -75 15 0 0 -5 0 0 10 0 0 0 0 0 0 0
-9 -42 -4 0 5 5 60 90 0 -50 0 0 175 25 50 -5 0 -75 15 0 0 -5 0 0 10 0 0 0 0 0 0 0
-9 -42 -4 0 5 5 60 90 0 -50 0 0 175 25 50 -5 0 -40 15 0 0 -5 0 0 10 0 0 0 0 0 0 0
-9 -42 -4 0 5 5 60 90 0 -50 0 0 175 25 50 -5 0 -5 15 0 0 -5 0 0 10 0 0 0 0 0 0 0
-9 -42 -4 0 5 5 60 90 0 -50 0 0 175 25 50 -5 0 -50 15 0 0 -5 0 0 10 0 0 0 0 0 0 0
-9 -42 -4 0 5 5 60 90 0 -50 0 0 175 25 50 -5 0 -75 15 0 0 -5 0 0 10 0 0 0 0 0 0 0
-9 -42 -4 0 5 5 60 90 0 -50 0 0 175 25 15 -5 0 -75 15 0 0 -5 0 0 10 0 0 0 0 0 0 0
-9 -42 -4 0 5 5 60 90 0 -50 0 0 175 25 -15 -5 0 -75 15 0 0 -5 0 0 10 0 0 0 0 0 0 0
-9 -42 -4 0 5 5 60 90 0 -50 0 0 175 25 -25 -5 0 -75 15 0 0 -5 0 0 10 0 0 0 0 0 0 0
-9 -42 -4 0 5 5 60 90 0 -50 0 0 175 25 25 -5 0 -75 15 0 0 -5 0 0 10 0 0 0 0 0 0 0
-9 -42 -4 0 5 5 60 90 0 -50 0 0 175 25 50 -5 0 -75 15 0 0 -5 0 0 10 0 0 0 0 0 0 0
-9 -42 -4 0 5 5 60 90 0 -50 0 0 175 25 50 -5 0 -40 15 0 0 -5 0 0 10 0 0 0 0 0 0 0
-9 -42 -4 0 5 5 60 90 0 -50 0 0 175 25 50 -5 0 -5 15 0 0 -5 0 0 10 0 0 0 0 0 0 0
-9 -42 -4 0 5 5 95 90 0 -50 0 0 175 25 50 -5 0 -5 15 0 0 -5 0 0 10 0 0 0 0 0 0 0
-9 -42 -4 0 5 5 70 115 80 -50 0 0 175 25 50 -5 0 -5 15 0 0 -5 0 0 10 0 0 0 0 0 0 0
-9 -42 -4 0 5 5 95 130 80 -90 0 0 175 25 50 -5 0 -5 15 0 0 -5 0 0 10 0 0 0 0 0 0 0
-9 -42 -4 0 5 5 95 135 80 -105 0 0 175 25 50 -5 0 -5 15 0 0 -5 0 0 10 0 0 0 0 0 0 0
-9 -42 -4 0 5 5 95 135 50 -105 0 0 175 25 50 -5 0 -5 15 0 0 -5 0 0 10 0 0 0 0 0 0 0
-9 -42 -4 0 5 5 95 135 20 -105 0 0 175 25 50 -5 0 -5 15 0 0 -5 0 0 10 0 0 0 0 0 0 0
-9 -42 -4 0 5 5 95 135 5 -105 0 0 175 25 50 -5 0 -5 15 0 0 -5 0 0 10 0 0 0 0 0 0 0
-9 -42 -4 0 5 5 95 135 35 -105 0 0 175 25 50 -5 0 -5 15 0 0 -5 0 0 10 0 0 0 0 0 0 0
-9 -42 -4 0 5 5 95 135 65 -105 0 0 175 25 50 -5 0 -5 15 0 0 -5 0 0 10 0 0 0 0 0 0 0
-9 -42 -4 0 5 5 95 135 85 -105 0 0 175 25 50 -5 0 -5 15 0 0 -5 0 0 10 0 0 0 0 0 0 0
-9 -42 -4 0 5 5 95 135 50 -105 0 0 175 25 50 -5 0 -5 15 0 0 -5 0 0 10 0 0 0 0 0 0 0
-9 -42 -4 0 5 5 95 135 20 -105 0 0 175 25 50 -5 0 -5 15 0 0 -5 0 0 10 0 0 0 0 0 0 0
-9 -42 -4 0 5 5 95 135 5 -105 0 0 175 25 50 -5 0 -5 15 0 0 -5 0 0 10 0 0 0 0 0 0 0
-9 -42 -4 0 5 5 95 135 35 -105 0 0 175 25 50 -5 0 -5 15 0 0 -5 0 0 10 0 0 0 0 0 0 0
-9 -42 -4 0 5 5 95 135 65 -105 0 0 175 25 50 -5 0 -5 15 0 0 -5 0 0 10 0 0 0 0 0 0 0
-9 -42 -4 0 5 5 95 135 85 -105 0 0 175 25 50 -5 0 -5 15 0 0 -5 0 0 10 0 0 0 0 0 0 0
-9 -42 -4 0 5 5 95 135 50 -105 0 0 175 25 50 -5 0 -5 15 0 0 -5 0 0 10 0 0 0 0 0 0 0
-9 -42 -4 0 5 5 95 135 20 -105 0 0 175 25 50 -5 0 -5 15 0 0 -5 0 0 10 0 0 0 0 0 0 0
-9 -42 -4 0 5 5 95 135 5 -105 0 0 175 25 50 -5 0 -5 15 0 0 -5 0 0 10 0 0 0 0 0 0 0
-9 -42 -4 0 5 5 95 135 35 -105 0 0 175 25 50 -5 0 -5 15 0 0 -5 0 0 10 0 0 0 0 0 0 0
-9 -42 -4 0 5 5 95 135 65 -105 0 0 175 25 50 -5 0 -5 15 0 0 -5 0 0 10 0 0 0 0 0 0 0
-9 -42 -4 0 5 5 95 135 85 -105 0 0 175 25 50 -5 0 -5 15 0 0 -5 0 0 10 0 0 0 0 0 0 0
-9 -42 -4 0 5 5 95 135 50 -105 0 0 175 25 50 -5 0 -5 15 0 0 -5 0 0 10 0 0 0 0 0 0 0
-9 -42 -4 0 5 5 95 135 20 -105 0 0 175 25 50 -5 0 -5 15 0 0 -5 0 0 10 0 0 0 0 0 0 0
-9 -42 -4 0 5 5 95 135 5 -105 0 0 175 25 50 -5 0 -5 15 0 0 -5 0 0 10 0 0 0 0 0 0 0
-9 -42 -4 0 5 5 95 135 35 -105 0 0 175 25 50 -5 0 -5 15 0 0 -5 0 0 10 0 0 0 0 0 0 0
-9 -42 -4 0 5 5 95 135 65 -105 0 0 175 25 50 -5 0 -5 15 0 0 -5 0 0 10 0 0 0 0 0 0 0
-9 -42 -4 0 5 5 95 135 85 -105 0 0 175 25 50 -5 0 -5 15 0 0 -5 0 0 10 0 0 0 0 0 0 0
-9 -42 -4 0 5 5 95 135 50 -105 0 0 175 25 50 -5 0 -5 15 0 0 -5 0 0 10 0 0 0 0 0 0 0
-9 -42 -4 0 5 5 95 135 20 -105 0 0 175 25 50 -5 0 -5 15 0 0 -5 0 0 10 0 0 0 0 0 0 0
-9 -42 -4 0 5 5 95 135 5 -105 0 0 175 25 50 -5 0 -5 15 0 0 -5 0 0 10 0 0 0 0 0 0 0
-9 -42 -4 0 5 5 95 135 35 -105 0 0 175 25 50 -5 0 -5 15 0 0 -5 0 0 10 0 0 0 0 0 0 0
-9 -42 -4 0 5 5 95 135 65 -105 0 0 175 25 50 -5 0 -5 15 0 0 -5 0 0 10 0 0 0 0 0 0 0
-9 -42 -4 0 5 5 95 135 85 -105 0 0 175 25 50 -5 0 -5 15 0 0 -5 0 0 10 0 0 0 0 0 0 0
-9 -42 -4 0 5 5 95 135 50 -105 0 0 175 25 50 -5 0 -5 15 0 0 -5 0 0 10 0 0 0 0 0 0 0
-9 -42 -4 0 5 5 95 135 20 -105 0 0 175 25 50 -5 0 -5 15 0 0 -5 0 0 10 0 0 0 0 0 0 0
-9 -42 -4 0 5 5 95 135 5 -105 0 0 175 25 50 -5 0 -5 15 0 0 -5 0 0 10 0 0 0 0 0 0 0
-9 -42 -4 0 5 5 95 135 35 -105 0 0 175 25 50 -5 0 -5 15 0 0 -5 0 0 10 0 0 0 0 0 0 0
-9 -42 -4 0 5 5 95 135 65 -105 0 0 175 25 50 -5 0 -5 15 0 0 -5 0 0 10 0 0 0 0 0 0 0
-9 -42 -4 0 5 5 95 135 85 -105 0 0 175 25 50 -5 0 -5 15 0 0 -5 0 0 10 0 0 0 0 0 0 0
-9 -42 -4 0 5 5 95 135 50 -105 0 0 175 25 50 -5 0 -5 15 0 0 -5 0 0 10 0 0 0 0 0 0 0
-9 -42 -4 0 5 5 95 135 20 -105 0 0 175 25 50 -5 0 -5 15 0 0 -5 0 0 10 0 0 0 0 0 0 0
-9 -42 -4 0 5 5 95 135 5 -105 0 0 175 25 50 -5 0 -5 15 0 0 -5 0 0 10 0 0 0 0 0 0 0
-9 -42 -4 0 5 5 95 135 35 -105 0 0 175 25 50 -5 0 -5 15 0 0 -5 0 0 10 0 0 0 0 0 0 0
-9 -42 -4 0 5 5 95 135 65 -105 0 0 175 25 50 -5 0 -5 15 0 0 -5 0 0 10 0 0 0 0 0 0 0
-9 -42 -4 0 5 5 95 135 85 -105 0 0 175 25 50 -5 0 -5 15 0 0 -5 0 0 10 0 0 0 0 0 0 0
-9 -42 -4 0 5 5 95 135 50 -105 0 0 175 25 50 -5 0 -5 15 0 0 -5 0 0 10 0 0 0 0 0 0 0
-9 -42 -4 0 5 5 95 135 20 -105 0 0 175 25 50 -5 0 -5 15 0 0 -5 0 0 10 0 0 0 0 0 0 0
-9 -42 -4 0 5 5 95 135 5 -105 0 0 175 25 50 -5 0 -5 15 0 0 -5 0 0 10 0 0 0 0 0 0 0
-9 -42 -4 0 5 5 95 135 35 -105 0 0 175 25 50 -5 0 -5 15 0 0 -5 0 0 10 0 0 0 0 0 0 0
-9 -42 -4 0 5 5 95 135 65 -105 0 0 175 25 50 -5 0 -5 15 0 0 -5 0 0 10 0 0 0 0 0 0 0
-9 -42 -4 0 5 5 95 135 85 -105 0 0 175 25 50 -5 0 -5 15 0 0 -5 0 0 10 0 0 0 0 0 0 0
-9 -42 -4 0 5 5 95 135 50 -105 0 0 175 25 50 -5 0 -5 15 0 0 -5 0 0 10 0 0 0 0 0 0 0
-9 -42 -4 0 5 5 95 135 20 -105 0 0 175 25 50 -5 0 -5 15 0 0 -5 0 0 10 0 0 0 0 0 0 0
-9 -42 -4 0 5 5 95 135 5 -105 0 0 175 25 50 -5 0 -5 15 0 0 -5 0 0 10 0 0 0 0 0 0 0
-9 -42 -4 0 5 5 95 135 35 -105 0 0 175 25 50 -5 0 -5 15 0 0 -5 0 0 10 0 0 0 0 0 0 0
-9 -42 -4 0 5 5 95 135 65 -105 0 0 175 25 50 -5 0 -5 15 0 0 -5 0 0 10 0 0 0 0 0 0 0
-9 -42 -4 0 5 5 95 135 85 -105 0 0 175 25 50 -5 0 -5 15 0 0 -5 0 0 10 0 0 0 0 0 0 0
-9 -42 -4 0 5 5 95 135 15 -105 0 0 180 -5 65 -5 0 -50 15 0 0 -5 0 0 10 0 0 0 0 0 0 0
-9 -42 -4 0 5 5 80 160 15 -105 0 0 180 -40 95 -5 0 -75 15 0 0 -5 0 0 10 0 0 0 0 0 0 0
-9 -42 -4 0 5 5 60 180 0 -105 0 0 150 -70 95 -5 5 -90 15 0 0 -5 0 0 10 0 0 0 0 0 0 0
-9 -42 -4 0 5 5 25 180 0 -105 0 0 150 -90 95 -5 5 -60 15 0 0 -5 0 0 10 0 0 0 0 0 0 0
-9 -42 -4 0 5 5 5 180 0 -90 5 0 110 -90 95 -5 5 -85 15 0 0 -5 0 0 10 0 0 0 0 0 0 0
-9 -42 -4 0 5 5 -5 180 0 -100 5 0 85 -90 95 -5 5 -95 15 0 0 -5 0 0 10 0 0 0 0 0 0 0
-9 -42 -4 0 5 5 -5 180 0 -100 5 0 125 -90 95 -5 5 -95 60 0 0 -50 0 0 10 0 0 0 0 0 0 0
-9 -42 -4 0 5 5 -5 180 0 -100 5 0 155 -90 95 -5 5 -95 90 0 0 -80 0 0 10 0 0 0 0 0 0 0
-9 -42 -4 0 5 5 -5 180 0 -100 5 0 200 -90 95 -5 5 -95 105 0 0 -105 0 0 10 0 0 0 0 0 0 0
-9 -42 -4 0 5 5 -5 180 0 -100 5 0 130 -90 95 -5 5 -95 65 0 0 -60 0 0 10 0 0 0 0 0 0 0
-9 -42 -4 0 5 5 -5 180 0 -100 5 0 90 -90 95 -5 5 -95 15 0 0 -5 0 0 10 0 0 0 0 0 0 0
-9 -42 -4 0 5 5 40 180 0 -100 5 0 90 -90 95 -5 5 -95 15 0 0 -5 0 0 60 0 0 -45 0 0 0 0
-9 -42 -4 0 5 5 70 180 0 -100 5 0 90 -90 95 -5 5 -95 15 0 0 -5 0 0 95 0 0 -75 0 0 0 0
-9 -42 -4 0 5 5 95 180 0 -100 5 0 90 -90 95 -5 5 -95 15 0 0 -5 0 0 115 0 0 -105 0 0 0 0
-9 -42 -4 0 5 5 45 180 0 -100 5 0 90 -90 95 -5 5 -95 15 0 0 -5 0 0 60 0 0 -60 0 0 0 0
-9 -42 -4 0 5 5 -5 180 0 -100 5 0 90 -90 95 -5 5 -95 15 0 0 -5 0 0 15 0 0 -5 0 0 0 0
-9 -42 -4 0 5 5 -5 180 0 -100 5 0 125 -90 95 -5 5 -95 60 0 0 -50 0 0 10 0 0 0 0 0 0 0
-9 -42 -4 0 5 5 -5 180 0 -100 5 0 155 -90 95 -5 5 -95 90 0 0 -80 0 0 10 0 0 0 0 0 0 0
-9 -42 -4 0 5 5 -5 180 0 -100 5 0 200 -90 95 -5 5 -95 105 0 0 -105 0 0 10 0 0 0 0 0 0 0
-9 -42 -4 0 5 5 -5 180 0 -100 5 0 130 -90 95 -5 5 -95 65 0 0 -60 0 0 10 0 0 0 0 0 0 0
-9 -42 -4 0 5 5 -5 180 0 -100 5 0 90 -90 95 -5 5 -95 15 0 0 -5 0 0 10 0 0 0 0 0 0 0
-9 -42 -4 0 5 5 40 180 0 -100 5 0 90 -90 95 -5 5 -95 15 0 0 -5 0 0 60 0 0 -45 0 0 0 0
-9 -42 -4 0 5 5 70 180 0 -100 5 0 90 -90 95 -5 5 -95 15 0 0 -5 0 0 95 0 0 -75 0 0 0 0
-9 -42 -4 0 5 5 95 180 0 -100 5 0 90 -90 95 -5 5 -95 15 0 0 -5 0 0 115 0 0 -105 0 0 0 0
-9 -42 -4 0 5 5 45 180 0 -100 5 0 90 -90 95 -5 5 -95 15 0 0 -5 0 0 60 0 0 -60 0 0 0 0
-9 -42 -4 0 5 5 -5 180 0 -100 5 0 90 -90 95 -5 5 -95 15 0 0 -5 0 0 15 0 0 -5 0 0 0 0
-9 -42 -4 0 5 5 -5 180 0 -100 5 0 125 -90 95 -5 5 -95 60 0 0 -50 0 0 10 0 0 0 0 0 0 0
-9 -42 -4 0 5 5 -5 180 0 -100 5 0 155 -90 95 -5 5 -95 90 0 0 -80 0 0 10 0 0 0 0 0 0 0
-9 -42 -4 0 5 5 -5 180 0 -100 5 0 200 -90 95 -5 5 -95 105 0 0 -105 0 0 10 0 0 0 0 0 0 0
-9 -42 -4 0 5 5 -5 180 0 -100 5 0 130 -90 95 -5 5 -95 65 0 0 -60 0 0 10 0 0 0 0 0 0 0
-9 -42 -4 0 5 5 -5 180 0 -100 5 0 90 -90 95 -5 5 -95 15 0 0 -5 0 0 10 0 0 0 0 0 0 0
-9 -42 -4 0 5 5 40 180 0 -100 5 0 90 -90 95 -5 5 -95 15 0 0 -5 0 0 60 0 0 -45 0 0 0 0
-9 -42 -4 0 5 5 70 180 0 -100 5 0 90 -90 95 -5 5 -95 15 0 0 -5 0 0 95 0 0 -75 0 0 0 0
-9 -42 -4 0 5 5 95 180 0 -100 5 0 90 -90 95 -5 5 -95 15 0 0 -5 0 0 115 0 0 -105 0 0 0 0
-9 -42 -4 0 5 5 45 180 0 -100 5 0 90 -90 95 -5 5 -95 15 0 0 -5 0 0 60 0 0 -60 0 0 0 0
-9 -42 -4 0 5 5 -5 180 0 -100 5 0 90 -90 95 -5 5 -95 15 0 0 -5 0 0 15 0 0 -5 0 0 0 0
-9 -42 -4 0 5 5 -5 180 0 -100 5 0 125 -90 95 -5 5 -95 60 0 0 -50 0 0 10 0 0 0 0 0 0 0
-9 -42 -4 0 5 5 -5 180 0 -100 5 0 155 -90 95 -5 5 -95 90 0 0 -80 0 0 10 0 0 0 0 0 0 0
-9 -42 -4 0 5 5 -5 180 0 -100 5 0 200 -90 95 -5 5 -95 105 0 0 -105 0 0 10 0 0 0 0 0 0 0
-9 -42 -4 0 5 5 -5 180 0 -100 5 0 130 -90 95 -5 5 -95 65 0 0 -60 0 0 10 0 0 0 0 0 0 0
-9 -42 -4 0 5 5 -5 180 0 -100 5 0 90 -90 95 -5 5 -95 15 0 0 -5 0 0 10 0 0 0 0 0 0 0
-9 -42 -4 0 5 5 40 180 0 -100 5 0 90 -90 95 -5 5 -95 15 0 0 -5 0 0 60 0 0 -45 0 0 0 0
-9 -42 -4 0 5 5 70 180 0 -100 5 0 90 -90 95 -5 5 -95 15 0 0 -5 0 0 95 0 0 -75 0 0 0 0
-9 -42 -4 0 5 5 95 180 0 -100 5 0 90 -90 95 -5 5 -95 15 0 0 -5 0 0 115 0 0 -105 0 0 0 0
-9 -42 -4 0 5 5 45 180 0 -100 5 0 90 -90 95 -5 5 -95 15 0 0 -5 0 0 60 0 0 -60 0 0 0 0
-9 -42 -4 0 5 5 -5 180 0 -100 5 0 90 -90 95 -5 5 -95 15 0 0 -5 0 0 15 0 0 -5 0 0 0 0
-9 -42 -4 0 5 5 -5 180 0 -100 5 0 125 -90 95 -5 5 -95 60 0 0 -50 0 0 10 0 0 0 0 0 0 0
-9 -42 -4 0 5 5 -5 180 0 -100 5 0 155 -90 95 -5 5 -95 90 0 0 -80 0 0 10 0 0 0 0 0 0 0
-9 -42 -4 0 5 5 -5 180 0 -100 5 0 200 -90 95 -5 5 -95 105 0 0 -105 0 0 10 0 0 0 0 0 0 0
-9 -42 -4 0 5 5 -5 180 0 -100 5 0 130 -90 95 -5 5 -95 65 0 0 -60 0 0 10 0 0 0 0 0 0 0
-9 -42 -4 0 5 5 -5 180 0 -100 5 0 90 -90 95 -5 5 -95 15 0 0 -5 0 0 10 0 0 0 0 0 0 0
-9 -42 -4 0 5 5 40 180 0 -100 5 0 90 -90 95 -5 5 -95 15 0 0 -5 0 0 60 0 0 -45 0 0 0 0
-9 -42 -4 0 5 5 70 180 0 -100 5 0 90 -90 95 -5 5 -95 15 0 0 -5 0 0 95 0 0 -75 0 0 0 0
-9 -42 -4 0 5 5 95 180 0 -100 5 0 90 -90 95 -5 5 -95 15 0 0 -5 0 0 115 0 0 -105 0 0 0 0
-9 -42 -4 0 5 5 45 180 0 -100 5 0 90 -90 95 -5 5 -95 15 0 0 -5 0 0 60 0 0 -60 0 0 0 0
-9 -42 -4 0 5 5 -5 180 0 -100 5 0 90 -90 95 -5 5 -95 15 0 0 -5 0 0 15 0 0 -5 0 0 0 0
-9 -42 -4 0 5 5 -5 180 0 -100 5 0 125 -90 95 -5 5 -95 60 0 0 -50 0 0 10 0 0 0 0 0 0 0
-9 -42 -4 0 5 5 -5 180 0 -100 5 0 155 -90 95 -5 5 -95 90 0 0 -80 0 0 10 0 0 0 0 0 0 0
-9 -42 -4 0 5 5 -5 180 0 -100 5 0 200 -90 95 -5 5 -95 105 0 0 -105 0 0 10 0 0 0 0 0 0 0
-9 -42 -4 0 5 5 -5 180 0 -100 5 0 130 -90 95 -5 5 -95 65 0 0 -60 0 0 10 0 0 0 0 0 0 0
-9 -42 -4 0 5 5 -5 180 0 -100 5 0 90 -90 95 -5 5 -95 15 0 0 -5 0 0 10 0 0 0 0 0 0 0
-9 -42 -4 0 5 5 40 180 0 -100 5 0 90 -90 95 -5 5 -95 15 0 0 -5 0 0 60 0 0 -45 0 0 0 0
-9 -42 -4 0 5 5 70 180 0 -100 5 0 90 -90 95 -5 5 -95 15 0 0 -5 0 0 95 0 0 -75 0 0 0 0
-9 -42 -4 0 5 5 95 180 0 -100 5 0 90 -90 95 -5 5 -95 15 0 0 -5 0 0 115 0 0 -105 0 0 0 0
-9 -42 -4 0 5 5 45 180 0 -100 5 0 90 -90 95 -5 5 -95 15 0 0 -5 0 0 60 0 0 -60 0 0 0 0
-9 -42 -4 0 5 5 -5 180 0 -100 5 0 90 -90 95 -5 5 -95 15 0 0 -5 0 0 15 0 0 -5 0 0 0 0
-9 -42 -4 0 5 5 -5 180 0 -100 5 0 125 -90 95 -5 5 -95 60 0 0 -50 0 0 10 0 0 0 0 0 0 0
-9 -42 -4 0 5 5 -5 180 0 -100 5 0 155 -90 95 -5 5 -95 90 0 0 -80 0 0 10 0 0 0 0 0 0 0
-9 -42 -4 0 5 5 -5 180 0 -100 5 0 200 -90 95 -5 5 -95 105 0 0 -105 0 0 10 0 0 0 0 0 0 0
-9 -42 -4 0 5 5 -5 180 0 -100 5 0 130 -90 95 -5 5 -95 65 0 0 -60 0 0 10 0 0 0 0 0 0 0
-9 -42 -4 0 5 5 -5 180 0 -100 5 0 90 -90 95 -5 5 -95 15 0 0 -5 0 0 10 0 0 0 0 0 0 0
-9 -42 -4 0 5 5 40 180 0 -100 5 0 90 -90 95 -5 5 -95 15 0 0 -5 0 0 60 0 0 -45 0 0 0 0
-9 -42 -4 0 5 5 70 180 0 -100 5 0 90 -90 95 -5 5 -95 15 0 0 -5 0 0 95 0 0 -75 0 0 0 0
-9 -42 -4 0 5 5 95 180 0 -100 5 0 90 -90 95 -5 5 -95 15 0 0 -5 0 0 115 0 0 -105 0 0 0 0
-9 -42 -4 0 5 5 45 180 0 -100 5 0 90 -90 95 -5 5 -95 15 0 0 -5 0 0 60 0 0 -60 0 0 0 0
-9 -42 -4 0 5 5 -5 180 0 -100 5 0 90 -90 95 -5 5 -95 15 0 0 -5 0 0 15 0 0 -5 0 0 0 0
-9 -42 -4 0 5 5 -5 180 0 -100 5 0 125 -90 95 -5 5 -95 60 0 0 -50 0 0 10 0 0 0 0 0 0 0
-9 -42 -4 0 5 5 -5 180 0 -100 5 0 155 -90 95 -5 5 -95 90 0 0 -80 0 0 10 0 0 0 0 0 0 0
-9 -42 -4 0 5 5 -5 180 0 -100 5 0 200 -90 95 -5 5 -95 105 0 0 -105 0 0 10 0 0 0 0 0 0 0
-9 -42 -4 0 5 5 -5 180 0 -100 5 0 130 -90 95 -5 5 -95 65 0 0 -60 0 0 10 0 0 0 0 0 0 0
-9 -42 -4 0 5 5 -5 180 0 -100 5 0 90 -90 95 -5 5 -95 15 0 0 -5 0 0 10 0 0 0 0 0 0 0
-9 -42 -4 0 5 5 40 180 0 -100 5 0 90 -90 95 -5 5 -95 15 0 0 -5 0 0 60 0 0 -45 0 0 0 0
-9 -42 -4 0 5 5 70 180 0 -100 5 0 90 -90 95 -5 5 -95 15 0 0 -5 0 0 95 0 0 -75 0 0 0 0
-9 -42 -4 0 5 5 95 180 0 -100 5 0 90 -90 95 -5 5 -95 15 0 0 -5 0 0 115 0 0 -105 0 0 0 0
-9 -42 -4 0 5 5 45 180 0 -100 5 0 90 -90 95 -5 5 -95 15 0 0 -5 0 0 60 0 0 -60 0 0 0 0
-9 -42 -4 0 5 5 -5 180 0 -100 5 0 90 -90 95 -5 5 -95 15 0 0 -5 0 0 15 0 0 -5 0 0 0 0
-9 -42 -4 0 5 5 -5 180 0 -100 5 0 125 -90 95 -5 5 -95 60 0 0 -50 0 0 10 0 0 0 0 0 0 0
-9 -42 -4 0 5 5 -5 180 0 -100 5 0 155 -90 95 -5 5 -95 90 0 0 -80 0 0 10 0 0 0 0 0 0 0
-9 -42 -4 0 5 5 -5 180 0 -100 5 0 200 -90 95 -5 5 -95 105 0 0 -105 0 0 10 0 0 0 0 0 0 0
-9 -42 -4 0 5 5 -5 180 0 -100 5 0 130 -90 95 -5 5 -95 65 0 0 -60 0 0 10 0 0 0 0 0 0 0
-9 -42 -4 0 5 5 -5 180 0 -100 5 0 90 -90 95 -5 5 -95 15 0 0 -5 0 0 10 0 0 0 0 0 0 0
-9 -42 -4 0 5 5 40 180 0 -100 5 0 90 -90 95 -5 5 -95 15 0 0 -5 0 0 60 0 0 -45 0 0 0 0
-9 -42 -4 0 5 5 70 180 0 -100 5 0 90 -90 95 -5 5 -95 15 0 0 -5 0 0 95 0 0 -75 0 0 0 0
-9 -42 -4 0 5 5 95 180 0 -100 5 0 90 -90 95 -5 5 -95 15 0 0 -5 0 0 115 0 0 -105 0 0 0 0
-9 -42 -4 0 5 5 45 180 0 -100 5 0 90 -90 95 -5 5 -95 15 0 0 -5 0 0 60 0 0 -60 0 0 0 0
-9 -42 -4 0 5 5 -5 180 0 -100 5 0 90 -90 95 -5 5 -95 15 0 0 -5 0 0 15 0 0 -5 0 0 0 0
-9 -42 -4 0 5 5 -5 180 0 -100 5 0 125 -90 95 -5 5 -95 60 0 0 -50 0 0 10 0 0 0 0 0 0 0
-9 -42 -4 0 5 5 -5 180 0 -100 5 0 155 -90 95 -5 5 -95 90 0 0 -80 0 0 10 0 0 0 0 0 0 0
-9 -42 -4 0 5 5 -5 180 0 -100 5 0 200 -90 95 -5 5 -95 105 0 0 -105 0 0 10 0 0 0 0 0 0 0
-9 -42 -4 0 5 5 -5 180 0 -100 5 0 130 -90 95 -5 5 -95 65 0 0 -60 0 0 10 0 0 0 0 0 0 0
-9 -42 -4 0 5 5 -5 180 0 -100 5 0 90 -90 95 -5 5 -95 15 0 0 -5 0 0 10 0 0 0 0 0 0 0
-9 -42 -4 0 5 5 40 180 0 -100 5 0 90 -90 95 -5 5 -95 15 0 0 -5 0 0 60 0 0 -45 0 0 0 0
-9 -42 -4 0 5 5 70 180 0 -100 5 0 90 -90 95 -5 5 -95 15 0 0 -5 0 0 95 0 0 -75 0 0 0 0
-9 -42 -4 0 5 5 95 180 0 -100 5 0 90 -90 95 -5 5 -95 15 0 0 -5 0 0 115 0 0 -105 0 0 0 0
-9 -42 -4 0 5 5 45 180 0 -100 5 0 90 -90 95 -5 5 -95 15 0 0 -5 0 0 60 0 0 -60 0 0 0 0
-9 -42 -4 0 5 5 -5 180 0 -100 5 0 90 -90 95 -5 5 -95 15 0 0 -5 0 0 15 0 0 -5 0 0 0 0
-9 -42 -4 0 5 5 -5 180 0 -100 5 0 125 -90 95 -5 5 -95 60 0 0 -50 0 0 10 0 0 0 0 0 0 0
-9 -42 -4 0 5 5 -5 180 0 -100 5 0 155 -90 95 -5 5 -95 90 0 0 -80 0 0 10 0 0 0 0 0 0 0
-9 -42 -4 0 5 5 -5 180 0 -100 5 0 200 -90 95 -5 5 -95 105 0 0 -105 0 0 10 0 0 0 0 0 0 0
-9 -42 -4 0 5 5 -5 180 0 -100 5 0 130 -90 95 -5 5 -95 65 0 0 -60 0 0 10 0 0 0 0 0 0 0
-9 -42 -4 0 5 5 -5 180 0 -100 5 0 90 -90 95 -5 5 -95 15 0 0 -5 0 0 10 0 0 0 0 0 0 0
-9 -42 -4 0 5 5 40 180 0 -100 5 0 90 -90 95 -5 5 -95 15 0 0 -5 0 0 60 0 0 -45 0 0 0 0
-9 -42 -4 0 5 5 70 180 0 -100 5 0 90 -90 95 -5 5 -95 15 0 0 -5 0 0 95 0 0 -75 0 0 0 0
-9 -42 -4 0 5 5 95 180 0 -100 5 0 90 -90 95 -5 5 -95 15 0 0 -5 0 0 115 0 0 -105 0 0 0 0
-9 -42 -4 0 5 5 45 180 0 -100 5 0 90 -90 95 -5 5 -95 15 0 0 -5 0 0 60 0 0 -60 0 0 0 0
-9 -42 -4 0 5 5 -5 180 0 -100 5 0 90 -90 95 -5 5 -95 15 0 0 -5 0 0 15 0 0 -5 0 0 0 0
-9 -42 -4 0 5 5 -5 180 0 -100 5 0 125 -90 95 -5 5 -95 60 0 0 -50 0 0 10 0 0 0 0 0 0 0
-9 -42 -4 0 5 5 -5 180 0 -100 5 0 155 -90 95 -5 5 -95 90 0 0 -80 0 0 10 0 0 0 0 0 0 0
-9 -42 -4 0 5 5 -5 180 0 -100 5 0 200 -90 95 -5 5 -95 105 0 0 -105 0 0 10 0 0 0 0 0 0 0
-9 -42 -4 0 5 5 -5 180 0 -100 5 0 130 -90 95 -5 5 -95 65 0 0 -60 0 0 10 0 0 0 0 0 0 0
-9 -42 -4 0 5 5 -5 180 0 -100 5 0 90 -90 95 -5 5 -95 15 0 0 -5 0 0 10 0 0 0 0 0 0 0
-9 -42 -4 0 5 5 40 180 0 -100 5 0 90 -90 95 -5 5 -95 15 0 0 -5 0 0 60 0 0 -45 0 0 0 0
-9 -42 -4 0 5 5 70 180 0 -100 5 0 90 -90 95 -5 5 -95 15 0 0 -5 0 0 95 0 0 -75 0 0 0 0
-9 -42 -4 0 5 5 95 180 0 -100 5 0 90 -90 95 -5 5 -95 15 0 0 -5 0 0 115 0 0 -105 0 0 0 0
-9 -42 -4 0 5 5 45 180 0 -100 5 0 90 -90 95 -5 5 -95 15 0 0 -5 0 0 60 0 0 -60 0 0 0 0
-9 -42 -4 0 5 5 -5 180 0 -100 5 0 90 -90 95 -5 5 -95 15 0 0 -5 0 0 15 0 0 -5 0 0 0 0
-9 -42 -4 0 5 5 -5 180 0 -100 5 0 125 -90 95 -5 5 -95 60 0 0 -50 0 0 10 0 0 0 0 0 0 0
-9 -42 -4 0 5 5 -5 180 0 -100 5 0 155 -90 95 -5 5 -95 90 0 0 -80 0 0 10 0 0 0 0 0 0 0
-9 -42 -4 0 5 5 -5 180 0 -100 5 0 200 -90 95 -5 5 -95 105 0 0 -105 0 0 10 0 0 0 0 0 0 0
-9 -42 -4 0 5 5 -5 180 0 -100 5 0 130 -90 95 -5 5 -95 65 0 0 -60 0 0 10 0 0 0 0 0 0 0
-9 -42 -4 0 5 5 -5 180 0 -100 5 0 90 -90 95 -5 5 -95 15 0 0 -5 0 0 10 0 0 0 0 0 0 0
-9 -42 -4 0 5 5 40 180 0 -100 5 0 90 -90 95 -5 5 -95 15 0 0 -5 0 0 60 0 0 -45 0 0 0 0
-9 -42 -4 0 5 5 70 180 0 -100 5 0 90 -90 95 -5 5 -95 15 0 0 -5 0 0 95 0 0 -75 0 0 0 0
-9 -42 -4 0 5 5 95 180 0 -100 5 0 90 -90 95 -5 5 -95 15 0 0 -5 0 0 115 0 0 -105 0 0 0 0
-9 -42 -4 0 5 5 45 180 0 -100 5 0 90 -90 95 -5 5 -95 15 0 0 -5 0 0 60 0 0 -60 0 0 0 0
-9 -42 -4 0 5 5 -5 180 0 -100 5 0 90 -90 95 -5 5 -95 15 0 0 -5 0 0 15 0 0 -5 0 0 0 0
-9 -42 -4 0 5 5 45 180 0 -100 5 0 135 -90 95 -5 5 -95 15 0 0 -5 0 0 15 0 0 -5 0 0 0 0
-9 -42 -4 0 5 5 45 180 0 -135 5 0 135 -90 95 -5 5 -125 15 0 0 -5 0 0 15 0 0 -5 0 0 0 0
-9 -42 -4 0 5 5 45 180 0 -135 5 0 170 -90 95 -5 5 -20 15 0 0 -5 0 0 15 0 0 -5 0 0 0 0
-9 -42 -4 0 5 5 45 180 0 -135 5 0 120 -90 95 -5 5 -145 15 0 0 -5 0 0 15 0 0 -5 0 0 0 0
-9 -42 -4 0 5 5 90 180 0 -25 5 0 120 -90 95 -5 5 -145 15 0 0 -5 0 0 15 0 0 -5 0 0 0 0
-9 -42 -4 0 5 5 25 180 0 -165 5 0 120 -90 95 -5 5 -145 15 0 0 -5 0 0 15 0 0 -5 0 0 0 0
-9 -42 -4 0 5 5 45 180 0 -135 5 0 170 -90 95 -5 5 -20 15 0 0 -5 0 0 15 0 0 -5 0 0 0 0
-9 -42 -4 0 5 5 45 180 0 -135 5 0 120 -90 95 -5 5 -145 15 0 0 -5 0 0 15 0 0 -5 0 0 0 0
-9 -42 -4 0 5 5 90 180 0 -25 5 0 120 -90 95 -5 5 -145 15 0 0 -5 0 0 15 0 0 -5 0 0 0 0
-9 -42 -4 0 5 5 25 180 0 -165 5 0 120 -90 95 -5 5 -145 15 0 0 -5 0 0 15 0 0 -5 0 0 0 0
-9 -42 -4 0 5 5 45 180 0 -135 5 0 170 -90 95 -5 5 -20 15 0 0 -5 0 0 15 0 0 -5 0 0 0 0
-9 -42 -4 0 5 5 45 180 0 -135 5 0 120 -90 95 -5 5 -145 15 0 0 -5 0 0 15 0 0 -5 0 0 0 0
-9 -42 -4 0 5 5 90 180 0 -25 5 0 120 -90 95 -5 5 -145 15 0 0 -5 0 0 15 0 0 -5 0 0 0 0
-9 -42 -4 0 5 5 25 180 0 -165 5 0 120 -90 95 -5 5 -145 15 0 0 -5 0 0 15 0 0 -5 0 0 0 0
-9 -42 -4 0 5 5 45 180 0 -135 5 0 170 -90 95 -5 5 -20 15 0 0 -5 0 0 15 0 0 -5 0 0 0 0
-9 -42 -4 0 5 5 45 180 0 -135 5 0 120 -90 95 -5 5 -145 15 0 0 -5 0 0 15 0 0 -5 0 0 0 0
-9 -42 -4 0 5 5 90 180 0 -25 5 0 120 -90 95 -5 5 -145 15 0 0 -5 0 0 15 0 0 -5 0 0 0 0
-9 -42 -4 0 5 5 25 180 0 -165 5 0 120 -90 95 -5 5 -145 15 0 0 -5 0 0 15 0 0 -5 0 0 0 0
-9 -42 -4 0 5 5 45 180 0 -135 5 0 170 -90 95 -5 5 -20 15 0 0 -5 0 0 15 0 0 -5 0 0 0 0
-9 -42 -4 0 5 5 45 180 0 -135 5 0 120 -90 95 -5 5 -145 15 0 0 -5 0 0 15 0 0 -5 0 0 0 0
-9 -42 -4 0 5 5 90 180 0 -25 5 0 120 -90 95 -5 5 -145 15 0 0 -5 0 0 15 0 0 -5 0 0 0 0
-9 -42 -4 0 5 5 25 180 0 -165 5 0 120 -90 95 -5 5 -145 15 0 0 -5 0 0 15 0 0 -5 0 0 0 0
-9 -42 -4 0 5 5 45 180 0 -135 5 0 170 -90 95 -5 5 -20 15 0 0 -5 0 0 15 0 0 -5 0 0 0 0
-9 -42 -4 0 5 5 45 180 0 -135 5 0 120 -90 95 -5 5 -145 15 0 0 -5 0 0 15 0 0 -5 0 0 0 0
-9 -42 -4 0 5 5 90 180 0 -25 5 0 120 -90 95 -5 5 -145 15 0 0 -5 0 0 15 0 0 -5 0 0 0 0
-9 -42 -4 0 5 5 25 180 0 -165 5 0 120 -90 95 -5 5 -145 15 0 0 -5 0 0 15 0 0 -5 0 0 0 0
-9 -42 -4 0 5 5 45 180 0 -135 5 0 170 -90 95 -5 5 -20 15 0 0 -5 0 0 15 0 0 -5 0 0 0 0
-9 -42 -4 0 5 5 45 180 0 -135 5 0 120 -90 95 -5 5 -145 15 0 0 -5 0 0 15 0 0 -5 0 0 0 0
-9 -42 -4 0 5 5 90 180 0 -25 5 0 120 -90 95 -5 5 -145 15 0 0 -5 0 0 15 0 0 -5 0 0 0 0
-9 -42 -4 0 5 5 25 180 0 -165 5 0 120 -90 95 -5 5 -145 15 0 0 -5 0 0 15 0 0 -5 0 0 0 0
-9 -42 -4 0 5 5 45 180 0 -135 5 0 170 -90 95 -5 5 -20 15 0 0 -5 0 0 15 0 0 -5 0 0 0 0
-9 -42 -4 0 5 5 45 180 0 -135 5 0 120 -90 95 -5 5 -145 15 0 0 -5 0 0 15 0 0 -5 0 0 0 0
-9 -42 -4 0 5 5 90 180 0 -25 5 0 120 -90 95 -5 5 -145 15 0 0 -5 0 0 15 0 0 -5 0 0 0 0
-9 -42 -4 0 5 5 25 180 0 -165 5 0 120 -90 95 -5 5 -145 15 0 0 -5 0 0 15 0 0 -5 0 0 0 0
-9 -42 -4 0 5 5 45 180 0 -135 5 0 170 -90 95 -5 5 -20 15 0 0 -5 0 0 15 0 0 -5 0 0 0 0
-9 -42 -4 0 5 5 45 180 0 -135 5 0 120 -90 95 -5 5 -145 15 0 0 -5 0 0 15 0 0 -5 0 0 0 0
-9 -42 -4 0 5 5 90 180 0 -25 5 0 120 -90 95 -5 5 -145 15 0 0 -5 0 0 15 0 0 -5 0 0 0 0
-9 -42 -4 0 5 5 25 180 0 -165 5 0 120 -90 95 -5 5 -145 15 0 0 -5 0 0 15 0 0 -5 0 0 0 0
-9 -42 -4 0 5 5 45 180 0 -135 5 0 170 -90 95 -5 5 -20 15 0 0 -5 0 0 15 0 0 -5 0 0 0 0
-9 -42 -4 0 5 5 25 180 0 -165 5 0 120 -90 95 -5 5 -145 15 0 0 -5 0 0 80 0 0 -70 0 0 0 0
-9 -42 -4 0 5 5 25 180 0 -165 5 0 120 -90 95 -5 5 -145 15 0 0 -5 0 0 100 0 0 0 0 0 0 0
-9 -42 -4 0 5 5 25 180 0 -165 5 0 120 -90 95 -5 5 -145 15 0 0 -5 0 0 45 0 0 -35 0 0 0 0
-9 -42 -4 0 5 5 25 180 0 -165 5 0 120 -90 95 -5 5 -145 15 0 0 -5 0 0 15 0 0 0 0 0 0 0
-9 -42 -4 0 5 5 45 180 0 -135 5 0 120 -90 95 -5 5 -145 15 0 0 -5 0 0 15 0 0 -5 0 0 0 0
-9 -42 -4 0 5 5 90 180 0 -25 5 0 120 -90 95 -5 5 -145 15 0 0 -5 0 0 15 0 0 -5 0 0 0 0
-9 -42 -4 0 5 5 25 180 0 -165 5 0 120 -90 95 -5 5 -145 15 0 0 -5 0 0 15 0 0 -5 0 0 0 0
-9 -42 -4 0 5 5 45 180 0 -135 5 0 170 -90 95 -5 5 -20 15 0 0 -5 0 0 15 0 0 -5 0 0 0 0
-9 -42 -4 0 5 5 45 180 0 -135 5 0 120 -90 95 -5 5 -145 15 0 0 -5 0 0 15 0 0 -5 0 0 0 0
-9 -42 -4 0 5 5 90 180 0 -25 5 0 120 -90 95 -5 5 -145 15 0 0 -5 0 0 15 0 0 -5 0 0 0 0
-9 -42 -4 0 5 5 25 180 0 -165 5 0 120 -90 95 -5 5 -145 15 0 0 -5 0 0 15 0 0 -5 0 0 0 0
-9 -42 -4 0 5 5 45 180 0 -135 5 0 170 -90 95 -5 5 -20 15 0 0 -5 0 0 15 0 0 -5 0 0 0 0
-9 -42 -4 0 5 5 45 180 0 -135 5 0 120 -90 95 -5 5 -145 15 0 0 -5 0 0 15 0 0 -5 0 0 0 0
-9 -42 -4 0 5 5 90 180 0 -25 5 0 120 -90 95 -5 5 -145 15 0 0 -5 0 0 15 0 0 -5 0 0 0 0
-9 -42 -4 0 5 5 25 180 0 -165 5 0 120 -90 95 -5 5 -145 15 0 0 -5 0 0 15 0 0 -5 0 0 0 0
-9 -42 -4 0 5 5 45 180 0 -135 5 0 170 -90 95 -5 5 -20 15 0 0 -5 0 0 15 0 0 -5 0 0 0 0
-9 -42 -4 0 5 5 25 180 0 -165 5 0 120 -90 95 -5 5 -145 15 0 0 -5 0 0 80 0 0 -70 0 0 0 0
-9 -42 -4 0 5 5 25 180 0 -165 5 0 120 -90 95 -5 5 -145 15 0 0 -5 0 0 100 0 0 0 0 0 0 0
-9 -42 -4 0 5 5 25 180 0 -165 5 0 120 -90 95 -5 5 -145 15 0 0 -5 0 0 45 0 0 -35 0 0 0 0
-9 -42 -4 0 5 5 25 180 0 -165 5 0 120 -90 95 -5 5 -145 15 0 0 -5 0 0 15 0 0 0 0 0 0 0
-9 -42 -4 0 5 5 45 180 0 -135 5 0 170 -90 95 -5 5 -20 15 0 0 -5 0 0 15 0 0 -5 0 0 0 0
-9 -42 -4 0 5 5 45 180 0 -135 5 0 120 -90 95 -5 5 -145 15 0 0 -5 0 0 15 0 0 -5 0 0 0 0
-9 -42 -4 0 5 5 90 180 0 -25 5 0 120 -90 95 -5 5 -145 15 0 0 -5 0 0 15 0 0 -5 0 0 0 0
-9 -42 -4 0 5 5 25 180 0 -165 5 0 120 -90 95 -5 5 -145 15 0 0 -5 0 0 15 0 0 -5 0 0 0 0
-9 -42 -4 0 5 5 45 180 0 -135 5 0 170 -90 95 -5 5 -20 15 0 0 -5 0 0 15 0 0 -5 0 0 0 0
-9 -42 -4 0 5 5 45 180 0 -135 5 0 120 -90 95 -5 5 -145 15 0 0 -5 0 0 15 0 0 -5 0 0 0 0
-9 -42 -4 0 5 5 90 180 0 -25 5 0 120 -90 95 -5 5 -145 15 0 0 -5 0 0 15 0 0 -5 0 0 0 0
-9 -42 -4 0 5 5 25 180 0 -165 5 0 120 -90 95 -5 5 -145 15 0 0 -5 0 0 15 0 0 -5 0 0 0 0
-9 -42 -4 0 5 5 45 180 0 -135 5 0 170 -90 95 -5 5 -20 15 0 0 -5 0 0 15 0 0 -5 0 0 0 0
-9 -42 -4 0 5 5 45 180 0 -135 5 0 120 -90 95 -5 5 -145 15 0 0 -5 0 0 15 0 0 -5 0 0 0 0
-9 -42 -4 0 5 5 90 180 0 -25 5 0 120 -90 95 -5 5 -145 15 0 0 -5 0 0 15 0 0 -5 0 0 0 0
-9 -42 -4 0 5 5 25 180 0 -165 5 0 120 -90 95 -5 5 -145 15 0 0 -5 0 0 15 0 0 -5 0 0 0 0
-9 -42 -4 0 5 5 45 180 0 -135 5 0 170 -90 95 -5 5 -20 15 0 0 -5 0 0 15 0 0 -5 0 0 0 0
-9 -42 -4 0 5 5 45 180 0 -135 5 0 120 -90 95 -5 5 -145 15 0 0 -5 0 0 15 0 0 -5 0 0 0 0
-9 -42 -4 0 5 5 90 180 0 -25 5 0 120 -90 95 -5 5 -145 15 0 0 -5 0 0 15 0 0 -5 0 0 0 0
-9 -42 -4 0 5 5 25 180 0 -165 5 0 120 -90 95 -5 5 -145 15 0 0 -5 0 0 15 0 0 -5 0 0 0 0
-9 -42 -4 0 5 5 45 180 0 -135 5 0 170 -90 95 -5 5 -20 15 0 0 -5 0 0 15 0 0 -5 0 0 0 0
-9 -42 -4 0 5 5 45 180 0 -135 5 0 120 -90 95 -5 5 -145 15 0 0 -5 0 0 15 0 0 -5 0 0 0 0
-9 -42 -4 0 5 5 90 180 0 -25 5 0 120 -90 95 -5 5 -145 15 0 0 -5 0 0 15 0 0 -5 0 0 0 0
-9 -42 -4 0 5 5 25 180 0 -165 5 0 120 -90 95 -5 5 -145 15 0 0 -5 0 0 15 0 0 -5 0 0 0 0
-9 -42 -4 0 5 5 45 180 0 -135 5 0 170 -90 95 -5 5 -20 15 0 0 -5 0 0 15 0 0 -5 0 0 0 0
-9 -42 -4 0 5 5 45 180 0 -135 5 0 120 -90 95 -5 5 -145 15 0 0 -5 0 0 15 0 0 -5 0 0 0 0
-9 -42 -4 0 5 5 90 180 0 -25 5 0 120 -90 95 -5 5 -145 15 0 0 -5 0 0 15 0 0 -5 0 0 0 0
-9 -42 -4 0 5 5 25 180 0 -165 5 0 120 -90 95 -5 5 -145 15 0 0 -5 0 0 15 0 0 -5 0 0 0 0
-9 -42 -4 0 5 5 45 180 0 -135 5 0 170 -90 95 -5 5 -20 15 0 0 -5 0 0 15 0 0 -5 0 0 0 0
-9 -42 -4 0 5 5 45 180 0 -135 5 0 120 -90 95 -5 5 -145 15 0 0 -5 0 0 15 0 0 -5 0 0 0 0
-9 -42 -4 0 5 5 90 180 0 -25 5 0 120 -90 95 -5 5 -145 15 0 0 -5 0 0 15 0 0 -5 0 0 0 0
-9 -42 -4 0 5 5 25 180 0 -165 5 0 120 -90 95 -5 5 -145 15 0 0 -5 0 0 15 0 0 -5 0 0 0 0
-9 -42 -4 0 5 5 45 180 0 -135 5 0 170 -90 95 -5 5 -20 15 0 0 -5 0 0 15 0 0 -5 0 0 0 0
-9 -42 -4 0 5 5 45 180 0 -135 5 0 120 -90 95 -5 5 -145 15 0 0 -5 0 0 15 0 0 -5 0 0 0 0
-9 -42 -4 0 5 5 90 180 0 -25 5 0 120 -90 95 -5 5 -145 15 0 0 -5 0 0 15 0 0 -5 0 0 0 0
-9 -42 -4 0 5 5 25 180 0 -165 5 0 120 -90 95 -5 5 -145 15 0 0 -5 0 0 15 0 0 -5 0 0 0 0
-9 -42 -4 0 5 5 45 180 0 -135 5 0 170 -90 95 -5 5 -20 15 0 0 -5 0 0 15 0 0 -5 0 0 0 0
-9 -42 -4 0 5 5 45 180 0 -135 5 0 120 -90 95 -5 5 -145 15 0 0 -5 0 0 15 0 0 -5 0 0 0 0
-9 -42 -4 0 5 5 90 180 0 -25 5 0 120 -90 95 -5 5 -145 15 0 0 -5 0 0 15 0 0 -5 0 0 0 0
-9 -42 -4 0 5 5 25 180 0 -165 5 0 120 -90 95 -5 5 -145 15 0 0 -5 0 0 15 0 0 -5 0 0 0 0
-9 -42 -4 0 5 5 45 180 0 -135 5 0 170 -90 95 -5 5 -20 15 0 0 -5 0 0 15 0 0 -5 0 0 0 0
-9 -42 -4 0 5 5 45 180 0 -135 5 0 120 -90 95 -5 5 -145 15 0 0 -5 0 0 15 0 0 -5 0 0 0 0
-9 -42 -4 0 5 5 90 180 0 -25 5 0 120 -90 95 -5 5 -145 15 0 0 -5 0 0 15 0 0 -5 0 0 0 0
-9 -42 -4 0 5 5 25 180 0 -165 5 0 120 -90 95 -5 5 -145 15 0 0 -5 0 0 15 0 0 -5 0 0 0 0
-9 -42 -4 0 5 5 45 180 0 -135 5 0 170 -90 95 -5 5 -20 15 0 0 -5 0 0 15 0 0 -5 0 0 0 0
-9 -42 -4 0 5 5 45 180 0 -135 5 0 120 -90 95 -5 5 -145 15 0 0 -5 0 0 15 0 0 -5 0 0 0 0
-9 -42 -4 0 5 5 90 180 0 -25 5 0 120 -90 95 -5 5 -145 15 0 0 -5 0 0 15 0 0 -5 0 0 0 0
-9 -42 -4 0 5 5 25 180 0 -165 5 0 120 -90 95 -5 5 -145 15 0 0 -5 0 0 15 0 0 -5 0 0 0 0
-9 -42 -4 0 5 5 45 180 0 -135 5 0 170 -90 95 -5 5 -20 15 0 0 -5 0 0 15 0 0 -5 0 0 0 0
-9 -42 -4 0 5 5 25 180 0 -165 5 0 120 -90 95 -5 5 -145 15 0 0 -5 0 0 80 0 0 -70 0 0 0 0
-9 -42 -4 0 5 5 25 180 0 -165 5 0 120 -90 95 -5 5 -145 15 0 0 -5 0 0 100 0 0 0 0 0 0 0
-9 -42 -4 0 5 5 25 180 0 -165 5 0 120 -90 95 -5 5 -145 15 0 0 -5 0 0 45 0 0 -35 0 0 0 0
-9 -42 -4 0 5 5 25 180 0 -165 5 0 120 -90 95 -5 5 -145 15 0 0 -5 0 0 15 0 0 0 0 0 0 0
-9 -42 -4 0 5 5 45 180 0 -135 5 0 120 -90 95 -5 5 -145 15 0 0 -5 0 0 15 0 0 -5 0 0 0 0
-9 -42 -4 0 5 5 90 180 0 -25 5 0 120 -90 95 -5 5 -145 15 0 0 -5 0 0 15 0 0 -5 0 0 0 0
-9 -42 -4 0 5 5 25 180 0 -165 5 0 120 -90 95 -5 5 -145 15 0 0 -5 0 0 15 0 0 -5 0 0 0 0
-9 -42 -4 0 5 5 45 180 0 -135 5 0 170 -90 95 -5 5 -20 15 0 0 -5 0 0 15 0 0 -5 0 0 0 0
-9 -42 -4 0 5 5 45 180 0 -135 5 0 120 -90 95 -5 5 -145 15 0 0 -5 0 0 15 0 0 -5 0 0 0 0
-9 -42 -4 0 5 5 90 180 0 -25 5 0 120 -90 95 -5 5 -145 15 0 0 -5 0 0 15 0 0 -5 0 0 0 0
-9 -42 -4 0 5 5 25 180 0 -165 5 0 120 -90 95 -5 5 -145 15 0 0 -5 0 0 15 0 0 -5 0 0 0 0
-9 -42 -4 0 5 5 45 180 0 -135 5 0 170 -90 95 -5 5 -20 15 0 0 -5 0 0 15 0 0 -5 0 0 0 0
-9 -42 -4 0 5 5 45 180 0 -135 5 0 120 -90 95 -5 5 -145 15 0 0 -5 0 0 15 0 0 -5 0 0 0 0
-9 -42 -4 0 5 5 90 180 0 -25 5 0 120 -90 95 -5 5 -145 15 0 0 -5 0 0 15 0 0 -5 0 0 0 0
-9 -42 -4 0 5 5 25 180 0 -165 5 0 120 -90 95 -5 5 -145 15 0 0 -5 0 0 15 0 0 -5 0 0 0 0
-9 -42 -4 0 5 5 45 180 0 -135 5 0 170 -90 95 -5 5 -20 15 0 0 -5 0 0 15 0 0 -5 0 0 0 0
-9 -42 -4 0 5 5 25 180 0 -165 5 0 120 -90 95 -5 5 -145 15 0 0 -5 0 0 80 0 0 -70 0 0 0 0
-9 -42 -4 0 5 5 25 180 0 -165 5 0 120 -90 95 -5 5 -145 15 0 0 -5 0 0 100 0 0 0 0 0 0 0
-9 -42 -4 0 5 5 25 180 0 -165 5 0 120 -90 95 -5 5 -145 15 0 0 -5 0 0 45 0 0 -35 0 0 0 0
-9 -42 -4 0 5 5 25 180 0 -165 5 0 120 -90 95 -5 5 -145 15 0 0 -5 0 0 15 0 0 0 0 0 0 0
-9 -42 -4 0 5 5 45 180 0 -135 5 0 120 -90 95 -5 5 -145 15 0 0 -5 0 0 15 0 0 -5 0 0 0 0
-9 -42 -4 0 5 5 90 180 0 -25 5 0 120 -90 95 -5 5 -145 15 0 0 -5 0 0 15 0 0 -5 0 0 0 0
-9 -42 -4 0 5 5 25 180 0 -165 5 0 120 -90 95 -5 5 -145 15 0 0 -5 0 0 15 0 0 -5 0 0 0 0
-9 -42 -4 0 5 5 45 180 0 -135 5 0 170 -90 95 -5 5 -20 15 0 0 -5 0 0 15 0 0 -5 0 0 0 0
-9 -42 -4 0 5 5 45 180 0 -135 5 0 120 -90 95 -5 5 -145 15 0 0 -5 0 0 15 0 0 -5 0 0 0 0
-9 -42 -4 0 5 5 90 180 0 -25 5 0 120 -90 95 -5 5 -145 15 0 0 -5 0 0 15 0 0 -5 0 0 0 0
-9 -42 -4 0 5 5 25 180 0 -165 5 0 120 -90 95 -5 5 -145 15 0 0 -5 0 0 15 0 0 -5 0 0 0 0
-9 -42 -4 0 5 5 45 180 0 -135 5 0 170 -90 95 -5 5 -20 15 0 0 -5 0 0 15 0 0 -5 0 0 0 0
-9 -42 -4 0 5 5 45 180 0 -135 5 0 120 -90 95 -5 5 -145 15 0 0 -5 0 0 15 0 0 -5 0 0 0 0
-9 -42 -4 0 5 5 90 180 0 -25 5 0 120 -90 95 -5 5 -145 15 0 0 -5 0 0 15 0 0 -5 0 0 0 0
-9 -42 -4 0 5 5 25 180 0 -165 5 0 120 -90 95 -5 5 -145 15 0 0 -5 0 0 15 0 0 -5 0 0 0 0
-9 -42 -4 0 5 5 45 180 0 -135 5 0 170 -90 95 -5 5 -20 15 0 0 -5 0 0 15 0 0 -5 0 0 0 0
-9 -42 -4 0 5 5 45 180 0 -135 5 0 120 -90 95 -5 5 -145 15 0 0 -5 0 0 15 0 0 -5 0 0 0 0
-9 -42 -4 0 5 5 90 180 0 -25 5 0 120 -90 95 -5 5 -145 15 0 0 -5 0 0 15 0 0 -5 0 0 0 0
-9 -42 -4 0 5 5 25 180 0 -165 5 0 120 -90 95 -5 5 -145 15 0 0 -5 0 0 15 0 0 -5 0 0 0 0
-9 -42 -4 0 5 5 45 180 0 -135 5 0 170 -90 95 -5 5 -20 15 0 0 -5 0 0 15 0 0 -5 0 0 0 0
-9 -42 -4 0 5 5 45 180 0 -135 5 0 120 -90 95 -5 5 -145 15 0 0 -5 0 0 15 0 0 -5 0 0 0 0
-9 -42 -4 0 5 5 90 180 0 -25 5 0 120 -90 95 -5 5 -145 15 0 0 -5 0 0 15 0 0 -5 0 0 0 0
-9 -42 -4 0 5 5 25 180 0 -165 5 0 120 -90 95 -5 5 -145 15 0 0 -5 0 0 15 0 0 -5 0 0 0 0
-9 -42 -4 0 5 5 45 180 0 -135 5 0 170 -90 95 -5 5 -20 15 0 0 -5 0 0 15 0 0 -5 0 0 0 0
-9 -42 -4 0 5 5 45 180 0 -135 5 0 120 -90 95 -5 5 -145 15 0 0 -5 0 0 15 0 0 -5 0 0 0 0
-9 -42 -4 0 5 5 90 180 0 -25 5 0 120 -90 95 -5 5 -145 15 0 0 -5 0 0 15 0 0 -5 0 0 0 0
-9 -42 -4 0 5 5 25 180 0 -165 5 0 120 -90 95 -5 5 -145 15 0 0 -5 0 0 15 0 0 -5 0 0 0 0
-9 -42 -4 0 5 5 45 180 0 -135 5 0 170 -90 95 -5 5 -20 15 0 0 -5 0 0 15 0 0 -5 0 0 0 0
-9 -42 -4 0 5 5 45 180 0 -135 5 0 120 -90 95 -5 5 -145 15 0 0 -5 0 0 15 0 0 -5 0 0 0 0
-9 -42 -4 0 5 5 90 180 0 -25 5 0 120 -90 95 -5 5 -145 15 0 0 -5 0 0 15 0 0 -5 0 0 0 0
-9 -42 -4 0 5 5 25 180 0 -165 5 0 120 -90 95 -5 5 -145 15 0 0 -5 0 0 15 0 0 -5 0 0 0 0
-9 -42 -4 0 5 5 45 180 0 -135 5 0 170 -90 95 -5 5 -20 15 0 0 -5 0 0 15 0 0 -5 0 0 0 0
-9 -42 -4 0 5 5 45 180 0 -135 5 0 120 -90 95 -5 5 -145 15 0 0 -5 0 0 15 0 0 -5 0 0 0 0
-9 -42 -4 0 5 5 90 180 0 -25 5 0 120 -90 95 -5 5 -145 15 0 0 -5 0 0 15 0 0 -5 0 0 0 0
-9 -42 -4 0 5 5 25 180 0 -165 5 0 120 -90 95 -5 5 -145 15 0 0 -5 0 0 15 0 0 -5 0 0 0 0
-9 -42 -4 0 5 5 45 180 0 -135 5 0 170 -90 95 -5 5 -20 15 0 0 -5 0 0 15 0 0 -5 0 0 0 0
-9 -42 -4 0 5 5 45 180 0 -135 5 0 120 -90 95 -5 5 -145 15 0 0 -5 0 0 15 0 0 -5 0 0 0 0
-9 -42 -4 0 5 5 90 180 0 -25 5 0 120 -90 95 -5 5 -145 15 0 0 -5 0 0 15 0 0 -5 0 0 0 0
-9 -42 -4 0 5 5 25 180 0 -165 5 0 120 -90 95 -5 5 -145 15 0 0 -5 0 0 15 0 0 -5 0 0 0 0
-9 -42 -4 0 5 5 45 180 0 -135 5 0 170 -90 95 -5 5 -20 15 0 0 -5 0 0 15 0 0 -5 0 0 0 0
-9 -42 -4 0 5 5 45 180 0 -135 5 0 120 -90 95 -5 5 -145 15 0 0 -5 0 0 15 0 0 -5 0 0 0 0
-9 -42 -4 0 5 5 90 180 0 -25 5 0 120 -90 95 -5 5 -145 15 0 0 -5 0 0 15 0 0 -5 0 0 0 0
-9 -42 -4 0 5 5 25 180 0 -165 5 0 120 -90 95 -5 5 -145 15 0 0 -5 0 0 15 0 0 -5 0 0 0 0
-9 -42 -4 0 5 5 45 180 0 -135 5 0 170 -90 95 -5 5 -20 15 0 0 -5 0 0 15 0 0 -5 0 0 0 0
-9 -42 -4 0 5 5 45 180 0 -135 5 0 120 -90 95 -5 5 -145 15 0 0 -5 0 0 15 0 0 -5 0 0 0 0
-9 -42 -4 0 5 5 90 180 0 -25 5 0 120 -90 95 -5 5 -145 15 0 0 -5 0 0 15 0 0 -5 0 0 0 0
-9 -42 -4 0 5 5 25 180 0 -165 5 0 120 -90 95 -5 5 -145 15 0 0 -5 0 0 15 0 0 -5 0 0 0 0
-9 -42 -4 0 5 5 45 180 0 -135 5 0 170 -90 95 -5 5 -20 15 0 0 -5 0 0 15 0 0 -5 0 0 0 0
-9 -42 -4 0 5 5 45 180 0 -135 5 0 120 -90 95 -5 5 -145 15 0 0 -5 0 0 15 0 0 -5 0 0 0 0
-9 -42 -4 0 5 5 90 180 0 -25 5 0 120 -90 95 -5 5 -145 15 0 0 -5 0 0 15 0 0 -5 0 0 0 0
-9 -42 -4 0 5 5 25 180 0 -165 5 0 120 -90 95 -5 5 -145 15 0 0 -5 0 0 15 0 0 -5 0 0 0 0
-9 -42 -4 0 5 5 45 180 0 -135 5 0 170 -90 95 -5 5 -20 15 0 0 -5 0 0 15 0 0 -5 0 0 0 0
-9 -42 -4 0 5 5 45 180 0 -135 5 0 120 -90 95 -5 5 -145 15 0 0 -5 0 0 15 0 0 -5 0 0 0 0
-9 -42 -4 0 5 5 90 180 0 -25 5 0 120 -90 95 -5 5 -145 15 0 0 -5 0 0 15 0 0 -5 0 0 0 0
-9 -42 -4 0 5 5 25 180 0 -165 5 0 120 -90 95 -5 5 -145 15 0 0 -5 0 0 15 0 0 -5 0 0 0 0
-9 -42 -4 0 5 5 45 180 0 -135 5 0 170 -90 95 -5 5 -20 15 0 0 -5 0 0 15 0 0 -5 0 0 0 0
-9 -42 -4 0 5 5 45 180 0 -135 5 0 120 -90 95 -5 5 -145 15 0 0 -5 0 0 15 0 0 -5 0 0 0 0
-9 -42 -4 0 5 5 90 180 0 -25 5 0 120 -90 95 -5 5 -145 15 0 0 -5 0 0 15 0 0 -5 0 0 0 0
-9 -42 -4 0 5 5 25 180 0 -165 5 0 120 -90 95 -5 5 -145 15 0 0 -5 0 0 15 0 0 -5 0 0 0 0
-9 -42 -4 0 5 5 45 180 0 -135 5 0 170 -90 95 -5 5 -20 15 0 0 -5 0 0 15 0 0 -5 0 0 0 0
-9 -42 -4 0 5 5 45 180 0 -135 5 0 120 -90 95 -5 5 -145 15 0 0 -5 0 0 15 0 0 -5 0 0 0 0
-9 -42 -4 0 5 5 90 180 0 -25 5 0 120 -90 95 -5 5 -145 15 0 0 -5 0 0 15 0 0 -5 0 0 0 0
-9 -42 -4 0 5 5 25 180 0 -165 5 0 120 -90 95 -5 5 -145 15 0 0 -5 0 0 15 0 0 -5 0 0 0 0
-9 -42 -4 0 5 5 45 180 0 -135 5 0 170 -90 95 -5 5 -20 15 0 0 -5 0 0 15 0 0 -5 0 0 0 0
-9 -42 -4 0 5 5 25 180 0 -40 5 0 125 -90 95 -5 5 -20 15 0 0 -5 0 0 15 0 0 -5 0 0 0 0
-9 -42 -4 0 5 5 0 180 0 -10 5 0 90 -90 95 0 5 -10 15 0 0 -5 0 0 15 0 0 -5 0 0 0 0
-9 -42 -4 0 5 5 0 180 0 -10 5 0 90 -90 95 0 5 -10 15 0 0 -5 0 0 15 0 0 -5 0 0 0 0
-9 -42 -4 0 5 5 0 180 0 -10 5 0 90 -90 95 0 5 -10 15 0 0 -5 0 0 15 0 0 -5 0 0 0 0
-9 -42 -4 0 5 5 0 180 0 -10 5 0 90 -90 95 0 5 -10 15 0 0 -5 0 0 15 0 0 -5 0 0 0 0
-9 -42 -4 0 5 5 0 180 0 -10 5 0 90 -90 95 0 5 -10 15 0 0 -5 0 0 15 0 0 -5 0 0 0 0
-9 -42 -4 0 5 5 0 180 0 -10 5 0 90 -90 95 0 5 -10 15 0 0 -5 0 0 15 0 0 -5 0 0 0 0
-9 -42 -4 0 5 5 0 180 0 -10 5 0 90 -90 95 0 5 -10 15 0 0 -5 0 0 15 0 0 -5 0 0 0 0
-9 -42 -4 0 5 5 0 180 0 -10 5 0 90 -90 95 0 5 -10 15 0 0 -5 0 0 15 0 0 -5 0 0 0 0
-9 -42 -4 0 5 5 0 180 0 -10 5 0 90 -90 95 0 5 -10 15 0 0 -5 0 0 15 0 0 -5 0 0 0 0
-9 -42 -4 0 5 5 0 180 0 -10 5 0 90 -90 95 0 5 -10 15 0 0 -5 0 0 15 0 0 -5 0 0 0 0
-9 -42 -4 0 5 5 0 180 0 -10 5 0 90 -90 95 0 5 -10 15 0 0 -5 0 0 15 0 0 -5 0 0 0 0
-9 -42 -4 0 5 5 0 180 0 -10 5 0 90 -90 95 0 5 -10 15 0 0 -5 0 0 15 0 0 -5 0 0 0 0
-9 -42 -4 0 5 5 0 180 0 -10 5 0 90 -90 95 0 5 -10 15 0 0 -5 0 0 15 0 0 -5 0 0 0 0
-9 -42 -4 0 5 5 0 180 0 -10 5 0 90 -90 95 0 5 -10 15 0 0 -5 0 0 15 0 0 -5 0 0 0 0
-9 -42 -4 0 5 5 0 180 0 -10 5 0 90 -90 95 0 5 -10 15 0 0 -5 0 0 15 0 0 -5 0 0 0 0
-9 -42 -4 0 5 5 0 180 0 -10 5 0 90 -90 95 0 5 -10 15 0 0 -5 0 0 15 0 0 -5 0 0 0 0
-9 -42 -4 0 5 5 0 180 0 -10 5 0 90 -90 95 0 5 -10 15 0 0 -5 0 0 15 0 0 -5 0 0 0 0
-9 -42 -4 0 5 5 0 180 0 -10 5 0 90 -90 95 0 5 -10 15 0 0 -5 0 0 15 0 0 -5 0 0 0 0
-9 -42 -4 0 5 5 0 180 0 -10 5 0 90 -90 95 0 5 -10 15 0 0 -5 0 0 15 0 0 -5 0 0 0 0
-9 -42 -4 0 5 5 0 180 0 -10 5 0 90 -90 95 0 5 -10 15 0 0 -5 0 0 15 0 0 -5 0 0 0 0
-9 -42 -4 0 5 5 0 180 0 -10 5 0 90 -90 95 0 5 -10 15 0 0 -5 0 0 15 0 0 -5 0 0 0 0
-9 -42 -4 0 5 5 0 180 0 -10 5 0 90 -90 95 0 5 -10 15 0 0 -5 0 0 15 0 0 -5 0 0 0 0
-9 -42 -4 0 5 5 0 180 0 -10 5 0 90 -90 95 0 5 -10 15 0 0 -5 0 0 15 0 0 -5 0 0 0 0
-9 -42 -4 0 5 5 0 180 0 -10 5 0 90 -90 95 0 5 -10 15 0 0 -5 0 0 15 0 0 -5 0 0 0 0
-9 -42 -4 0 5 5 35 180 0 -10 5 -30 145 -90 95 -35 5 -10 40 30 -20 -5 0 0 40 -25 20 -5 0 0 0 0
-9 -42 -4 0 5 5 60 180 0 -10 5 -80 250 -90 95 -45 5 -10 40 40 -35 -15 0 0 50 -35 20 -20 0 0 0 0
-9 -42 -4 10 15 15 65 180 0 -10 5 -80 235 -90 95 175 130 145 40 40 -35 -15 0 0 50 -35 20 -20 0 0 0 0
-9 -42 -4 0 5 5 65 180 0 -10 5 -80 215 -90 95 175 190 145 40 40 -35 -15 0 0 50 -35 20 -20 0 0 0 0
-9 -42 -4 10 15 15 65 180 0 -10 5 -80 230 -90 95 175 210 145 40 40 -35 -15 0 0 50 -35 20 -20 0 0 0 0
-9 -42 -4 0 5 5 65 180 0 -10 5 -80 220 -90 95 175 230 145 40 40 -35 -15 0 0 50 -35 20 -20 0 0 0 0
-9 -42 -4 -10 -5 -5 65 180 0 -10 5 -80 240 -90 95 175 10 145 40 40 -35 -15 0 0 50 -35 20 -20 0 0 0 0
-9 -42 -4 -5 5 5 65 180 0 -10 5 -80 260 -90 95 175 55 145 40 40 -35 -15 0 0 50 -35 20 -20 0 0 0 0
9 -42 -4 0 5 5 35 180 0 -10 5 -30 145 -90 95 -35 5 -10 40 30 -20 -5 0 0 40 -25 20 -5 0 0 0 0
-9 -42 -4 0 5 5 60 180 0 -10 5 -80 250 -90 95 -45 5 -10 40 40 -35 -15 0 0 50 -35 20 -20 0 0 0 0
-9 -42 -4 10 15 15 65 180 0 -10 5 -80 235 -90 95 175 130 145 40 40 -35 -15 0 0 50 -35 20 -20 0 0 0 0
-9 -42 -4 0 5 5 65 180 0 -10 5 -80 215 -90 95 175 190 145 40 40 -35 -15 0 0 50 -35 20 -20 0 0 0 0
-9 -42 -4 10 15 15 65 180 0 -10 5 -80 230 -90 95 175 210 145 40 40 -35 -15 0 0 50 -35 20 -20 0 0 0 0
-9 -42 -4 0 5 5 65 180 0 -10 5 -80 220 -90 95 175 230 145 40 40 -35 -15 0 0 50 -35 20 -20 0 0 0 0
-9 -42 -4 -10 -5 -5 65 180 0 -10 5 -80 240 -90 95 175 10 145 40 40 -35 -15 0 0 50 -35 20 -20 0 0 0 0
-9 -42 -4 -5 5 5 65 180 0 -10 5 -80 260 -90 95 175 55 145 40 40 -35 -15 0 0 50 -35 20 -20 0 0 0 0
9 -42 -4 0 5 5 35 180 0 -10 5 -30 145 -90 95 -35 5 -10 40 30 -20 -5 0 0 40 -25 20 -5 0 0 0 0
-9 -42 -4 0 5 5 60 180 0 -10 5 -80 250 -90 95 -45 5 -10 40 40 -35 -15 0 0 50 -35 20 -20 0 0 0 0
-9 -42 -4 10 15 15 65 180 0 -10 5 -80 235 -90 95 175 130 145 40 40 -35 -15 0 0 50 -35 20 -20 0 0 0 0
-9 -42 -4 0 5 5 65 180 0 -10 5 -80 215 -90 95 175 190 145 40 40 -35 -15 0 0 50 -35 20 -20 0 0 0 0
-9 -42 -4 10 15 15 65 180 0 -10 5 -80 230 -90 95 175 210 145 40 40 -35 -15 0 0 50 -35 20 -20 0 0 0 0
-9 -42 -4 0 5 5 65 180 0 -10 5 -80 220 -90 95 175 230 145 40 40 -35 -15 0 0 50 -35 20 -20 0 0 0 0
-9 -42 -4 -10 -5 -5 65 180 0 -10 5 -80 240 -90 95 175 10 145 40 40 -35 -15 0 0 50 -35 20 -20 0 0 0 0
-9 -42 -4 -5 5 5 65 180 0 -10 5 -80 260 -90 95 175 55 145 40 40 -35 -15 0 0 50 -35 20 -20 0 0 0 0
9 -42 -4 0 5 5 35 180 0 -10 5 -30 145 -90 95 -35 5 -10 40 30 -20 -5 0 0 40 -25 20 -5 0 0 0 0
-9 -42 -4 0 5 5 60 180 0 -10 5 -80 250 -90 95 -45 5 -10 40 40 -35 -15 0 0 50 -35 20 -20 0 0 0 0
-9 -42 -4 10 15 15 65 180 0 -10 5 -80 235 -90 95 175 130 145 40 40 -35 -15 0 0 50 -35 20 -20 0 0 0 0
-9 -42 -4 0 5 5 65 180 0 -10 5 -80 215 -90 95 175 190 145 40 40 -35 -15 0 0 50 -35 20 -20 0 0 0 0
-9 -42 -4 10 15 15 65 180 0 -10 5 -80 230 -90 95 175 210 145 40 40 -35 -15 0 0 50 -35 20 -20 0 0 0 0
-9 -42 -4 0 5 5 65 180 0 -10 5 -80 220 -90 95 175 230 145 40 40 -35 -15 0 0 50 -35 20 -20 0 0 0 0
-9 -42 -4 -10 -5 -5 65 180 0 -10 5 -80 240 -90 95 175 10 145 40 40 -35 -15 0 0 50 -35 20 -20 0 0 0 0
-9 -42 -4 -5 5 5 65 180 0 -10 5 -80 260 -90 95 175 55 145 40 40 -35 -15 0 0 50 -35 20 -20 0 0 0 0
9 -42 -4 0 5 5 35 180 0 -10 5 -30 145 -90 95 -35 5 -10 40 30 -20 -5 0 0 40 -25 20 -5 0 0 0 0
-9 -42 -4 0 5 5 60 180 0 -10 5 -80 250 -90 95 -45 5 -10 40 40 -35 -15 0 0 50 -35 20 -20 0 0 0 0
-9 -42 -4 10 15 15 65 180 0 -10 5 -80 235 -90 95 175 130 145 40 40 -35 -15 0 0 50 -35 20 -20 0 0 0 0
-9 -42 -4 0 5 5 65 180 0 -10 5 -80 215 -90 95 175 190 145 40 40 -35 -15 0 0 50 -35 20 -20 0 0 0 0
-9 -42 -4 10 15 15 65 180 0 -10 5 -80 230 -90 95 175 210 145 40 40 -35 -15 0 0 50 -35 20 -20 0 0 0 0
-9 -42 -4 0 5 5 65 180 0 -10 5 -80 220 -90 95 175 230 145 40 40 -35 -15 0 0 50 -35 20 -20 0 0 0 0
-9 -42 -4 -10 -5 -5 65 180 0 -10 5 -80 240 -90 95 175 10 145 40 40 -35 -15 0 0 50 -35 20 -20 0 0 0 0
-9 -42 -4 -5 5 5 65 180 0 -10 5 -80 260 -90 95 175 55 145 40 40 -35 -15 0 0 50 -35 20 -20 0 0 0 0
9 -42 -4 0 5 5 35 180 0 -10 5 -30 145 -90 95 -35 5 -10 40 30 -20 -5 0 0 40 -25 20 -5 0 0 0 0
-9 -42 -4 0 5 5 60 180 0 -10 5 -80 250 -90 95 -45 5 -10 40 40 -35 -15 0 0 50 -35 20 -20 0 0 0 0
-9 -42 -4 10 15 15 65 180 0 -10 5 -80 235 -90 95 175 130 145 40 40 -35 -15 0 0 50 -35 20 -20 0 0 0 0
-9 -42 -4 0 5 5 65 180 0 -10 5 -80 215 -90 95 175 190 145 40 40 -35 -15 0 0 50 -35 20 -20 0 0 0 0
-9 -42 -4 10 15 15 65 180 0 -10 5 -80 230 -90 95 175 210 145 40 40 -35 -15 0 0 50 -35 20 -20 0 0 0 0
-9 -42 -4 0 5 5 65 180 0 -10 5 -80 220 -90 95 175 230 145 40 40 -35 -15 0 0 50 -35 20 -20 0 0 0 0
-9 -42 -4 -10 -5 -5 65 180 0 -10 5 -80 240 -90 95 175 10 145 40 40 -35 -15 0 0 50 -35 20 -20 0 0 0 0
-9 -42 -4 -5 5 5 65 180 0 -10 5 -80 260 -90 95 175 55 145 40 40 -35 -15 0 0 50 -35 20 -20 0 0 0 0
9 -42 -4 0 5 5 35 180 0 -10 5 -30 145 -90 95 -35 5 -10 40 30 -20 -5 0 0 40 -25 20 -5 0 0 0 0
-9 -42 -4 0 5 5 60 180 0 -10 5 -80 250 -90 95 -45 5 -10 40 40 -35 -15 0 0 50 -35 20 -20 0 0 0 0
-9 -42 -4 10 15 15 65 180 0 -10 5 -80 235 -90 95 175 130 145 40 40 -35 -15 0 0 50 -35 20 -20 0 0 0 0
-9 -42 -4 0 5 5 65 180 0 -10 5 -80 215 -90 95 175 190 145 40 40 -35 -15 0 0 50 -35 20 -20 0 0 0 0
-9 -42 -4 10 15 15 65 180 0 -10 5 -80 230 -90 95 175 210 145 40 40 -35 -15 0 0 50 -35 20 -20 0 0 0 0
-9 -42 -4 0 5 5 65 180 0 -10 5 -80 220 -90 95 175 230 145 40 40 -35 -15 0 0 50 -35 20 -20 0 0 0 0
-9 -42 -4 -10 -5 -5 65 180 0 -10 5 -80 240 -90 95 175 10 145 40 40 -35 -15 0 0 50 -35 20 -20 0 0 0 0
-9 -42 -4 -5 5 5 65 180 0 -10 5 -80 260 -90 95 175 55 145 40 40 -35 -15 0 0 50 -35 20 -20 0 0 0 0
9 -42 -4 0 5 5 35 180 0 -10 5 -30 145 -90 95 -35 5 -10 40 30 -20 -5 0 0 40 -25 20 -5 0 0 0 0
-9 -42 -4 0 5 5 60 180 0 -10 5 -80 250 -90 95 -45 5 -10 40 40 -35 -15 0 0 50 -35 20 -20 0 0 0 0
-9 -42 -4 10 15 15 65 180 0 -10 5 -80 235 -90 95 175 130 145 40 40 -35 -15 0 0 50 -35 20 -20 0 0 0 0
-9 -42 -4 0 5 5 65 180 0 -10 5 -80 215 -90 95 175 190 145 40 40 -35 -15 0 0 50 -35 20 -20 0 0 0 0
-9 -42 -4 10 15 15 65 180 0 -10 5 -80 230 -90 95 175 210 145 40 40 -35 -15 0 0 50 -35 20 -20 0 0 0 0
-9 -42 -4 0 5 5 65 180 0 -10 5 -80 220 -90 95 175 230 145 40 40 -35 -15 0 0 50 -35 20 -20 0 0 0 0
-9 -42 -4 -10 -5 -5 65 180 0 -10 5 -80 240 -90 95 175 10 145 40 40 -35 -15 0 0 50 -35 20 -20 0 0 0 0
-9 -42 -4 -5 5 5 65 180 0 -10 5 -80 260 -90 95 175 55 145 40 40 -35 -15 0 0 50 -35 20 -20 0 0 0 0
9 -42 -4 0 5 5 35 180 0 -10 5 -30 145 -90 95 -35 5 -10 40 30 -20 -5 0 0 40 -25 20 -5 0 0 0 0
-9 -42 -4 0 5 5 60 180 0 -10 5 -80 250 -90 95 -45 5 -10 40 40 -35 -15 0 0 50 -35 20 -20 0 0 0 0
-9 -42 -4 10 15 15 65 180 0 -10 5 -80 235 -90 95 175 130 145 40 40 -35 -15 0 0 50 -35 20 -20 0 0 0 0
-9 -42 -4 0 5 5 65 180 0 -10 5 -80 215 -90 95 175 190 145 40 40 -35 -15 0 0 50 -35 20 -20 0 0 0 0
-9 -42 -4 10 15 15 65 180 0 -10 5 -80 230 -90 95 175 210 145 40 40 -35 -15 0 0 50 -35 20 -20 0 0 0 0
-9 -42 -4 0 5 5 65 180 0 -10 5 -80 220 -90 95 175 230 145 40 40 -35 -15 0 0 50 -35 20 -20 0 0 0 0
-9 -42 -4 -10 -5 -5 65 180 0 -10 5 -80 240 -90 95 175 10 145 40 40 -35 -15 0 0 50 -35 20 -20 0 0 0 0
-9 -42 -4 -5 5 5 65 180 0 -10 5 -80 260 -90 95 175 55 145 40 40 -35 -15 0 0 50 -35 20 -20 0 0 0 0
9 -42 -4 0 5 5 35 180 0 -10 5 -30 145 -90 95 -35 5 -10 40 30 -20 -5 0 0 40 -25 20 -5 0 0 0 0
-9 -42 -4 0 5 5 60 180 0 -10 5 -80 250 -90 95 -45 5 -10 40 40 -35 -15 0 0 50 -35 20 -20 0 0 0 0
-9 -42 -4 10 15 15 65 180 0 -10 5 -80 235 -90 95 175 130 145 40 40 -35 -15 0 0 50 -35 20 -20 0 0 0 0
-9 -42 -4 0 5 5 65 180 0 -10 5 -80 215 -90 95 175 190 145 40 40 -35 -15 0 0 50 -35 20 -20 0 0 0 0
-9 -42 -4 10 15 15 65 180 0 -10 5 -80 230 -90 95 175 210 145 40 40 -35 -15 0 0 50 -35 20 -20 0 0 0 0
-9 -42 -4 0 5 5 65 180 0 -10 5 -80 220 -90 95 175 230 145 40 40 -35 -15 0 0 50 -35 20 -20 0 0 0 0
-9 -42 -4 -10 -5 -5 65 180 0 -10 5 -80 240 -90 95 175 10 145 40 40 -35 -15 0 0 50 -35 20 -20 0 0 0 0
-9 -42 -4 -5 5 5 65 180 0 -10 5 -80 260 -90 95 175 55 145 40 40 -35 -15 0 0 50 -35 20 -20 0 0 0 0
9 -42 -4 0 5 5 35 180 0 -10 5 -30 145 -90 95 -35 5 -10 40 30 -20 -5 0 0 40 -25 20 -5 0 0 0 0
-9 -42 -4 0 5 5 60 180 0 -10 5 -80 250 -90 95 -45 5 -10 40 40 -35 -15 0 0 50 -35 20 -20 0 0 0 0
-9 -42 -4 10 15 15 65 180 0 -10 5 -80 235 -90 95 175 130 145 40 40 -35 -15 0 0 50 -35 20 -20 0 0 0 0
-9 -42 -4 0 5 5 65 180 0 -10 5 -80 215 -90 95 175 190 145 40 40 -35 -15 0 0 50 -35 20 -20 0 0 0 0
-9 -42 -4 10 15 15 65 180 0 -10 5 -80 230 -90 95 175 210 145 40 40 -35 -15 0 0 50 -35 20 -20 0 0 0 0
-9 -42 -4 0 5 5 65 180 0 -10 5 -80 220 -90 95 175 230 145 40 40 -35 -15 0 0 50 -35 20 -20 0 0 0 0
-9 -42 -4 -10 -5 -5 65 180 0 -10 5 -80 240 -90 95 175 10 145 40 40 -35 -15 0 0 50 -35 20 -20 0 0 0 0
-9 -42 -4 -5 5 5 65 180 0 -10 5 -80 260 -90 95 175 55 145 40 40 -35 -15 0 0 50 -35 20 -20 0 0 0 0
